"start","end","dur","x","y","pupil"
347840139600,347840239591,99991,610.871285714286,214.829842857143,134.433096222857
347840272893,347840523018,250125,606.22424375,144.61546875,135.454393160625
347840556099,347840706342,150243,417.30743,98.77504,138.922319541
347840739426,347841106198,366772,391.583443478261,58.1709173913044,145.410017821304
347841139436,347841356112,216676,533.758507142857,63.2873785714286,148.824769392143
347841392908,347841693040,300132,599.438557894737,79.6804789473684,153.591074411579
347841722857,347841839414,116557,528.7472375,79.472275,151.57110705875
347841872853,347842190317,317464,607.898425,70.55564,148.0313618985
347842222981,347842655986,433005,766.001740740741,61.4459407407407,140.396263805185
347842693286,347842922938,229652,785.546186666667,69.3290933333333,136.999311207333
347842956001,347843555996,599995,740.987305405405,66.9683648648649,133.24392258027
347843592118,347844005940,413822,829.133092307692,67.4425923076923,130.942029445385
347844122707,347844355898,233191,891.28002,61.5643466666667,130.897122103333
347844422723,347844972584,549861,358.277061764706,78.1903470588235,136.928084184412
347845005941,347845139282,133341,399.016522222222,48.2054333333333,127.09338897
347845405997,347845591848,185851,462.867163636364,190.852590909091,110.01857622
347845755875,347846950113,1194238,-2,-91,52.8234403584615
347847016683,347847116691,100008,-2,-91,41
347847150046,347847500076,350030,-2,-91,29.1818181818182
347847816938,347848416909,599971,-2,-91,13.0540540540541
347848449851,347848749879,300028,-2,-91,13.9473684210526
347849633564,347849849854,216290,-2,-91.8710428571429,10.7142857142857
347849893335,347850066551,173216,-2,-92.2026,13.8333333333333
347850383397,347850549748,166351,-2,-91,10.6363636363636
347850600990,347850966405,365415,-2,-92.6709058823529,10.9411764705882
347851216580,347851416659,200079,-2,-92.8049769230769,19.1538461538462
347851449724,347851549735,100011,-2,-90.9957285714286,11.4285714285714
347851899863,347852016613,116750,-2,-90.45355,12
347852166416,347852333102,166686,-2,-90.9999181818182,10.3636363636364
347852366409,347852466393,99984,-2,-91,12
347852666412,347852799725,133313,-2,-91,11.6666666666667
347852833058,347853100530,267472,-2,-91,12.5454545454545
347853199733,347853392532,192799,-2,-90.9785416666667,13.25
347853516435,347854033094,516659,-2,-91.222690625,18.40625
347854116570,347854449609,333039,-2,-90.9018428571429,14.2380952380952
347854699697,347854892159,192462,-2,-92.344625,20.3333333333333
347855032937,347855299595,266658,-2,-89.5343235294118,21.4117647058824
347855399794,347855849496,449702,-2,-90.3381428571429,17.25
347856049491,347856916181,866690,-2,-90.9751653846154,20
347856966165,347857066154,99989,-2,-92.9335714285714,17.8571428571429
347857466156,347857566122,99966,-2,-90.9980428571429,22.4285714285714
347857690590,347857799543,108953,-2,-90.480225,18.375
347857849356,347858292682,443326,-2,-91,20.7777777777778
347858349372,347858516236,166864,-2,-91,22.6363636363636
347858549368,347858832824,283456,-2,-91,23.2777777777778
347858866025,347859316199,450174,-2,-90.9998892857143,21.3928571428571
347859816164,347860332684,516520,-2.28278125,-91,21.03125
347860391750,347860799343,407593,-2,-91.7116807692308,25.1153846153846
347861049235,347861199568,150333,-2,-90.60538,22.8
347861299423,347861402187,102764,-2,-90.2138,18.7142857142857
347861565915,347861765907,199992,-2,-90.9069846153846,19.9230769230769
347861816144,347861999638,183494,-2,-91,11.8571428571429
347862032553,347862349245,316692,-2,-91,16.9
347862516181,347862749110,232929,-2,-91.69718,13.6666666666667
347862799213,347863015946,216733,-1.10242857142857,-88.6183642857143,18.3571428571429
347863049115,347863416033,366918,-1.42644347826087,-90.7262130434783,23.7826086956522
347863600056,347864499266,899210,-2,-91,18.8363636363636
347864665747,347864765761,100014,-2,-90.7966285714286,19.7142857142857
347864799215,347865032468,233253,-2,-90.9993266666667,15
347865065803,347865448997,383194,-2,-91,23.8333333333333
347865591678,347865784291,192613,-2.07643076923077,-91,17.2307692307692
347865865765,347866132421,266656,-2,-91,17.0588235294118
347866600551,347867199094,598543,-2.0430972972973,-90.9987459459459,24.6216216216216
347867232330,347867415790,183460,-2,-90.818575,24.75
347867965646,347868265659,300013,-2,-91.7285421052632,19.5789473684211
347868299089,347868583197,284108,-2,-91,20.0555555555556
347868793041,347868932327,139286,-2,-91,16.5
347869148889,347869265542,116653,-2,-90.9207625,17.25
347869298988,347869465536,166548,0.754527272727273,-89.4772090909091,18.0909090909091
347869499013,347869832219,333206,-1.66820952380952,-90.2029761904762,11.1904761904762
347869932187,347870048999,116812,-2,-90.9777125,16.625
347870298850,347870448735,149885,-2,-90.7991,19.6
347870591530,347870715669,124139,-2,-89.8451111111111,27.5555555555556
347870748727,347871401649,652922,-2,-91,18.7
347871432179,347871615804,183625,-2,-91,19.5833333333333
347871665408,347871865385,199977,-2,-91,15.8461538461538
347871948750,347872065391,116641,-2,-90.64235,17.75
347872265410,347872448735,183325,-2,-90.9777416666667,15.5
347872515615,347872682588,166973,-2,-91,11.4545454545455
347872748601,347873265415,516814,0.222478125,-89.824771875,16.71875
347873615498,347873748601,133103,-1.99901111111111,-90.851,14.1111111111111
347873798797,347873915533,116736,-2,-90.9984125,18.125
347873965291,347874132057,166766,-2,-90.9937272727273,15.7272727272727
347874182226,347874331929,149703,-1.64097,-90.65733,17.3
347874565300,347874832172,266872,-2,-90.9986764705882,15.7058823529412
347874865282,347874965319,100037,-2,-89.401,13.1428571428571
347875031971,347875165287,133316,-2,-89.1466333333333,24
347875215334,347875331959,116625,-2,-90.9634125,17.375
347875498577,347875815342,316765,-2,-90.997665,13.5
347875999756,347876131986,132230,-2,-91.5340777777778,14.2222222222222
347876165158,347876265129,99971,-2,-90.9991285714286,16.8571428571429
347876348505,347876899731,551226,-2,-90.8578882352941,15.6176470588235
347876932059,347877065159,133100,-2,-91,17.1111111111111
347877131862,347877631811,499949,-2,-90.9875129032258,16.3225806451613
347877665160,347878115324,450164,0.509635714285714,-90.3757107142857,24.9285714285714
347878190401,347878315371,124970,-2,-91,23.4444444444444
347878681852,347878798839,116987,-2,-91,15.875
347878848374,347879190962,342588,-2,-91,20.7142857142857
347879232087,347879465056,232969,-2,-91,13.7333333333333
347880165008,347880498933,333925,-2.00108571428571,-90.9999476190476,19
347880531681,347880665016,133335,-2,-90.995225,14.25
347880698818,347880800061,101243,-2,-91,21.7142857142857
347880898867,347881031674,132807,-2,-91,28
347881101921,347881215058,113137,-2,-91,15.25
347881591905,347881698420,106515,-5.256225,-91,16.25
347881799212,347881964935,165723,-2,-91,17.2727272727273
347881999566,347882115195,115629,-2,-91,24.5
347882364920,347882901501,536581,-2.00053529411765,-90.9998088235294,15.9411764705882
347882931587,347884723595,1792008,-2,-91.1228189873418,10.9493670886076
347884829341,347884996225,166884,581.9917,476.203345454545,123.446986198182
347885029381,347885229469,200088,649.330030769231,403.703838461538,127.752675406923
347885262528,347885579119,316591,708.48229,365.0393,124.927050627
347885612789,347886145961,533172,816.42053030303,339.524036363636,122.940047569697
347886179158,347886445785,266627,889.930135294118,334.341517647059,116.571608211765
347886479154,347886612699,133545,454.058988888889,357.296666666667,127.107560478889
347886645796,347887312457,666661,370.468629268293,350.30832195122,125.741753639756
347887345795,347887495842,150047,551.68853,383.10767,134.403440286
347887529452,347887745754,216302,843.202614285714,362.750378571429,134.524901601429
347887779180,347888195946,416766,710.049557692308,360.486488461538,136.906491896154
347888229103,347888579026,349923,818.513577272727,348.979895454545,132.493644659091
347888612574,347888795719,183145,921.931958333333,338.859633333333,130.466964380833
347888862370,347888979035,116665,398.0687,358.8586875,133.51724369625
347889012451,347889379031,366580,363.7481,342.644386956522,126.474297069565
347889412440,347889862243,449803,433.492089285714,350.286825,120.164843408929
347889895786,347890229091,333305,537.497447619048,361.732557142857,122.049004585238
347890262256,347890528955,266699,604.047941176471,362.720094117647,128.910376899412
347890562256,347891378871,816615,646.26156,373.366232,129.6155740446
347891412525,347891878890,466365,662.832317241379,373.104379310345,130.921099348966
347891912528,347892378892,466364,726.657472413793,377.323444827586,130.130087525172
347892412357,347892762125,349768,799.697940909091,372.132040909091,125.717047106364
347892795637,347893145559,349922,893.917081818182,363.7506,122.609660834091
347893245553,347893878790,633237,375.544730769231,367.733051282051,127.506150655897
347893912489,347894645418,732929,448.129993333333,378.096524444444,125.895713405111
347894678770,347895045430,366660,536.754730434783,399.709047826087,126.903370011304
347895078772,347895628743,549971,579.558438235294,401.188788235294,130.571980280882
347895661990,347896145395,483405,695.412796666667,401.909946666667,125.530803596667
347896178656,347896445288,266632,781.508111764706,390.005947058824,122.28959938
347896478649,347896828705,350056,851.165781818182,370.974959090909,119.804561147727
347897028715,347897395370,366655,374.350169565217,395.706117391304,122.693355903478
347897428779,347897828726,399947,461.77762,400.984108,118.902964248
347897861878,347898012120,150242,518.06164,393.48647,121.833275382
347898045281,347898212062,166781,567.734236363636,401.098118181818,119.230805063636
347898245266,347898578524,333258,638.666695238095,407.850147619048,121.453329884762
347898612068,347898978541,366473,734.691291304348,406.73577826087,120.268391314348
347899011949,347899261866,249917,819.9010875,415.47470625,120.1315823875
347899295233,347899611936,316703,900.73587,398.61203,121.5806937535
347899661744,347900095312,433568,379.05697037037,421.696255555556,124.126974836296
347900211922,347900395285,183363,512.15825,403.6699,119.805688300833
347900428453,347900745562,317109,486.326545,432.911935,115.1145535765
347900778405,347901261760,483355,544.804963333333,433.3215,113.049409708333
347901328732,347901478409,149677,578.63456,379.98019,122.521575463
347901511803,347902211722,699919,610.653411627907,384.439888372093,127.115959146279
347902378418,347902695113,316695,938.517335,445.818725,126.7195493805
347902728730,347902828462,99732,867.300625,407.80005625,125.145978905714
