"start","end","dur","x","y","pupil"
96193026402,96193126391,99989,569.388785714286,136.886242857143,95.2787015228571
96193226615,96193393149,166534,423.119336363636,36.7425454545455,100.39076219
96193426365,96193642973,216608,431.160557142857,39.088,109.982432274286
96193681194,96193876955,195761,507.305384615385,22.3178923076923,114.812322998462
96193910413,96194193123,282710,656.532583333333,3.79262777777778,120.372927789444
96194226350,96194726317,499967,376.117703225806,28.1253064516129,122.612227783226
96194764508,96195459670,695162,419.57938372093,18.7813139534884,115.613451329767
96195593255,96196009623,416368,183.186838461538,-62.8240153846154,109.749729911154
96196042849,96196542859,500010,389.723951612903,99.617135483871,118.162127870323
96196578617,96196777518,198901,459.871515384615,103.420776923077,112.621683019231
96196809558,96197042839,233281,623.549573333333,15.1706466666667,105.644109909333
96197076957,96197476588,399631,543.758368,-6.393176,105.0833612664
96197609501,96197742902,133401,596.6998,-27.0628,107.768660983333
96197776222,96198426091,649869,690.62452,-16.02585,112.417834284
96198459432,96198992954,533522,462.229893939394,-2.73276060606061,113.001803503333
96199026058,96199742738,716680,377.941547727273,16.5726272727273,113.631707231364
96199776189,96200026050,249861,430.05333125,27.13605625,113.511863225625
96200059338,96200359340,300002,366.389747368421,93.969547368421,110.922164320526
96200392759,96200876179,483420,431.03723,94.6129433333333,106.473960002
96200909425,96201309373,399948,478.963596,51.813288,100.1462642592
96201342631,96201959198,616567,558.213042105263,40.3886868421053,98.4906749473684
96201992851,96202225997,233146,630.511486666667,52.51336,96.6383258146667
96202259181,96202809277,550096,511.233402941176,35.1480264705882,97.2385987467647
96202842615,96203242588,399973,609.927252,50.175832,98.425903048
96203309252,96203592658,283406,625.805544444444,56.4072777777778,97.9626414522222
96203625828,96203825816,199988,688.347815384615,68.4362923076923,99.7350710538462
96203859423,96204542472,683049,774.877454761905,64.4588880952381,98.6932778728571
96204576913,96205125739,548826,849.468947058824,92.7647176470588,103.255444267353
96205177810,96206209169,1031359,382.842598412698,110.203641269841,106.195028726825
96206242352,96206642308,399956,439.656276,117.298792,106.5866013672
96206679405,96207042323,362918,403.797769565217,116.814430434783,112.372193857391
96207075856,96207477660,401804,466.290632,114.8382,113.4851462468
96207508997,96208509038,1000041,535.845108196721,88.2938606557377,108.434152077377
96208542201,96209108917,566716,592.811788571429,83.7027428571429,106.613623642286
96209142187,96209875711,733524,661.879488888889,86.0535222222222,101.903593168889
96209908957,96210025439,116482,711.6665375,102.7145875,94.504992525
96210058840,96210592267,533427,748.421539393939,96.4210939393939,91.0538232312121
96210625488,96211608773,983285,817.093768333333,103.371911666667,90.1894116081667
96211642115,96211842107,199992,876.293515384615,124.395123076923,92.7757865830769
96211908766,96212458786,550020,359.675975,108.022710714286,94.7673627957143
96212492196,96213075428,583232,415.1394,134.683564705882,93.1273235111765
96213108763,96214558566,1449803,493.389747674419,126.80953372093,95.1318449905814
96214592157,96215625194,1033037,595.731265079365,112.180750793651,95.2134710312698
96215658574,96216108634,450060,666.715453571429,120.694764285714,93.1751616339286
96216141853,96216658473,516620,654.364853125,112.888640625,92.49819242875
96216691890,96217192000,500110,735.448803225807,120.1983,90.3983657948387
96217225239,96217508507,283268,813.185,126.765394444444,89.2946978777778
96217541864,96217808535,266671,901.083170588235,133.766382352941,87.5725278794118
96217877079,96218141853,264774,396.518782352941,165.645117647059,92.0175897735294
96218177424,96218608531,431107,392.080418518519,195.204007407407,91.3460521648148
96218641691,96219125071,483380,476.795596666667,160.896696666667,88.0259671763333
96219158336,96219291948,133612,427.611222222222,158.977933333333,86.7872123488889
96219325052,96220024967,699915,594.115888372093,138.630630232558,90.5478204916279
96220058357,96220441731,383374,666.309583333333,142.853608333333,90.69248719875
96220475484,96221558197,1082713,740.797253030303,153.381798484848,88.2448277048485
96221591797,96222208291,616494,831.297831578947,158.704384210526,88.2628307789474
96222241585,96222624851,383266,881.024266666667,166.805166666667,86.89640398375
96222675015,96222808494,133479,465.520866666667,193.344966666667,91.1049446311111
96222841567,96223708260,866693,376.633105660377,231.857498113208,87.1609977279245
96223841455,96224791524,950069,366.707694642857,224.3309,87.2914328491071
96224824678,96225041484,216806,409.095821428571,248.877028571429,86.3200564535714
96225076939,96226524733,1447794,438.436047727273,222.736,92.5948574580682
96226557983,96227691486,1133503,512.227466666667,195.369026086957,96.5260506385507
96227724583,96228041361,316778,541.00991,191.161265,94.490063021
96228075274,96228824631,749357,623.706523913043,176.658445652174,93.1335066906522
96228857983,96229291508,433525,712.620159259259,182.843844444444,90.1481805748148
96229324600,96230891139,1566539,785.704413684211,185.811347368421,93.4925541405263
96230924522,96231791261,866739,856.898649056604,198.067158490566,88.5297166909434
96231824455,96231974552,150097,544.5592,208.41411,90.688315337
96232007769,96232591148,583379,374.781969444444,232.701941666667,89.6946874788889
96232657690,96232757727,100037,411.670942857143,205.187957142857,100.379082355714
96232791130,96233324349,533219,463.487593939394,220.023418181818,96.3443646984849
96233357725,96234091117,733392,535.781546666667,216.415753333333,103.257627672444
96234124369,96235424215,1299846,654.288382278481,198.153772151899,119.174710240253
96235457619,96236257599,799980,740.420446938776,218.642751020408,110.272527821837
96236290884,96237074373,783489,828.540066666667,209.64919375,105.886633857292
96237107535,96237490908,383373,818.699533333333,212.001929166667,103.508477534167
96237524114,96237757491,233377,780.962726666667,208.698713333333,102.534378872
96237791127,96238207691,416564,884.964311538462,212.675315384615,98.7623536326923
96238240728,96238390757,150029,639.82761,230.92629,106.931127912
96238424112,96238757492,333380,411.907966666667,249.577404761905,110.11740241619
96238790803,96239375972,585169,423.360272222222,263.442727777778,109.368949860833
96239457336,96240223981,766645,439.744623404255,245.036808510638,104.397433237447
96240257360,96240940585,683225,510.774585714286,240.118273809524,100.950095390476
96240974885,96241707282,732397,586.146282222222,243.7969,101.030513940889
96241740618,96241974069,233451,674.971726666667,244.834986666667,101.511355248
96242007294,96243473949,1466655,737.410060674157,243.314935955056,97.3099610323596
96243507259,96244040452,533193,822.538136363636,239.215996969697,93.4550501557576
96244073983,96244257106,183123,895.017066666667,243.390958333333,90.3755015741667
96244307556,96244573915,266359,396.468588235294,264.875570588235,95.8956105947059
96244607316,96244957087,349771,385.861340909091,294.267522727273,97.4780172027273
96244990574,96245640333,649759,445.7460575,293.51902,102.10400581075
96245757084,96245923727,166643,379.884911111111,265.199011111111,104.483975125556
96245957083,96246356974,399891,467.779728,290.646608,102.701785246
96246390529,96246856970,466441,607.915086206896,305.238079310345,98.6734367331034
96246990406,96247990359,999953,673.08468852459,291.423716393443,106.980975208033
96248023617,96248523603,499986,772.941683870968,279.435038709677,112.00864053
96248556981,96249240207,683226,832.135292857143,281.073061904762,108.738802678571
96249273707,96249390380,116673,896.6829125,269.4613,103.58552557375
96249456871,96250223523,766652,383.957280851064,305.519278723404,109.805273175319
96250256880,96251190153,933273,453.389505769231,312.577036538462,112.856893267308
96251223489,96252390146,1166657,481.998481690141,305.706826760563,101.748498274225
96252423376,96253290206,866830,577.600986792453,308.502154716981,104.470041838491
96253323338,96253856595,533257,625.690633333333,311.423509090909,102.818383664848
96253890122,96254356609,466487,716.483755172414,311.046182758621,97.8240040582759
96254390036,96254590014,199978,784.809707692308,312.901630769231,96.3920034184615
96254623239,96255339941,716702,740.823822727273,307.544795454545,98.3841980420455
96255373333,96256306545,933212,837.676943859649,297.672970175439,95.5663578989474
96256339831,96256523261,183430,888.202808333333,297.14035,96.6831681966667
96256589904,96257073234,483330,383.837246666667,335.049476666667,99.0313213423333
96257206543,96257623097,416554,422.677879166667,321.921975,100.17554682625
96257656473,96258189782,533309,491.870151612903,327.018441935484,99.242742996129
96258223114,96258523139,300025,558.383715789474,328.086057894737,97.5663745873684
96258556496,96259406434,849938,639.659775,333.903059615385,96.1884389732692
96259439736,96260556367,1116631,747.173063235294,337.779704411765,94.2074037701471
96260589655,96261222991,633336,823.826407692308,318.915269230769,87.2359739802564
96261256238,96262322884,1066646,851.420801538462,316.233572307692,86.3924040083077
96262372999,96262639567,266568,407.783335294118,341.199729411765,98.5182358482353
96262672939,96263206373,533434,377.683184848485,343.6625,100.397639772424
96263372972,96263772931,399959,421.838164,341.747204,105.9275720916
96263806163,96265489569,1683406,499.673283333333,348.327135294118,106.638691841569
96265522740,96266172807,650067,414.7467275,345.129305,101.17748444575
96266206060,96266406065,200005,534.822638461538,339.427761538462,97.0120881723077
96266439356,96266939331,499975,585.697538709677,351.994690322581,97.7190830590323
96266972820,96267806033,833213,662.60918627451,357.703015686275,96.1718167672549
96267839205,96268772672,933467,793.03038245614,356.743347368421,96.7148380692983
96268806063,96269272702,466639,881.237465517241,338.014903448276,91.7505416124138
96269322606,96270022485,699879,387.923946511628,355.761704651163,92.2694400797674
96270189272,96270622486,433214,475.982359259259,373.017581481481,93.8432680448148
96270655847,96271272581,616734,466.534776315789,376.338702631579,92.9539426294737
96271305785,96272122360,816575,573.315492,371.784074,94.3942155322
96272155724,96273605676,1449952,666.279059090909,374.454207954545,93.2132601226136
96273638948,96274305807,666859,734.9286,381.965065853659,88.2343635904878
96274338945,96274838944,499999,804.772735483871,377.770648387097,86.3799438719355
96274872344,96275072364,200020,766.865176923077,379.562915384615,89.5022572692308
96275105683,96275389013,283330,865.769755555556,366.52725,92.1725759216667
96275422244,96275589042,166798,419.896772727273,391.285572727273,98.49629426
96275622223,96276588903,966680,387.048479661017,400.4927,106.916453663051
96276622259,96276739851,117592,374.93035,405.5014125,106.60934733625
96276872372,96277172212,299840,443.448466666667,46.8465444444444,99.5997160161111
96277322115,96277472178,150063,700.37906,9.97562,95.331471736
96277505559,96277605562,100003,891.978880555556,412.884425,96.3862048228571
