"start","end","dur","x","y","pupil"
348415401611,348415499063,97452,627.256385714286,331.831857142857,140.648151642857
348415581448,348415781875,200427,838.136261538462,247.967876923077,140.656011786154
348415814769,348415931772,117003,568.8867125,120.9378125,141.0047101625
348415964767,348416298670,333903,411.133804761905,79.8315809523809,143.457037240952
348416331372,348416431395,100023,386.591057142857,65.4008714285714,143.40484262
348416464719,348416581329,116610,495.3804125,66.6295125,140.44423571125
348416614975,348416981475,366500,550.694539130435,72.2129260869565,141.394650909565
348417014884,348417364709,349825,694.190586363636,73.2896454545455,141.235314797727
348417399096,348417731423,332327,825.45129,72.64131,133.1566596915
348417764714,348418098230,333516,720.733557142857,55.7379666666667,131.588526668571
348418131437,348418331372,199935,796.288915384615,67.8254461538462,130.671908361538
348418364613,348418664570,299957,857.300994736842,87.7050263157895,130.896554276316
348418698044,348419099847,401803,834.220984,84.31084,128.3565733776
348419231287,348419347940,116653,840.85105,126.3928375,123.9219436175
348419381193,348419547998,166805,806.352663636364,155.295854545455,122.241826815455
348421281869,348421464479,182610,626.251658333333,266.759733333333,124.079754471667
348421497948,348421697953,200005,679.787276923077,217.592092307692,132.577194536154
348421731165,348422014640,283475,733.235844444444,186.951516666667,134.81163366
348422047672,348422614737,567065,815.184345714286,196.547902857143,131.069009261714
348422647725,348423064345,416620,837.382715384615,193.174773076923,124.670314745769
348423099619,348424031029,931410,897.116110526316,190.083343859649,126.211162880175
348424064345,348424214540,150195,939.0177,171.78808,126.714946776
348424264369,348424797678,533309,375.45856969697,202.37793030303,134.775763428182
348424998074,348425364358,366284,450.198052173913,202.4322,130.224233291739
348425614259,348425880927,266668,898.220847058824,179.041958823529,131.930571894706
348425914272,348426114289,200017,934.5411,185.841823076923,133.288308022308
348426164191,348426591224,427033,377.890169230769,205.3798,130.239012583077
348426614418,348427347451,733033,444.00944,212.664888888889,132.016096782667
348427380852,348427964108,583256,526.990258333333,215.843822222222,143.581659108889
348427997537,348428464110,466573,613.339382758621,221.59544137931,145.616603251034
348428497586,348428814283,316697,714.325485,210.06433,136.531799025
348428847467,348429414131,566664,790.724077142857,211.10532,128.393809341143
348429447459,348430247380,799921,820.102697959184,210.051110204082,124.502067218571
348430280728,348430563955,283227,862.766455555556,266.690044444444,100.078093095
348430730749,348432986245,2255496,-2,-91,21.3046036164444
348433033498,348433192807,159309,476.2423,155.83442,129.546221055
348433317093,348433583623,266530,416.147482352941,209.0121,127.741930158824
348433616916,348434066860,449944,487.8257,218.114085714286,126.071796464286
348434101546,348434550084,448538,546.925796428571,225.905107142857,120.758675132857
348434583638,348435750078,1166440,615.049321126761,210.525376056338,112.530800659577
348435783456,348436483451,699995,691.719474418605,219.037723255814,118.321618964186
348436516995,348436833367,316372,790.986795,227.17211,128.046367067
348436866737,348437666651,799914,870.260430612245,212.81762244898,127.351166807959
348437702069,348437883425,181356,938.912341666667,207.156841666667,126.6554081725
348437950005,348438283327,333322,351.166561904762,246.818795238095,132.057253485714
348438316916,348438533240,216324,432.249314285714,257.2056,128.536474412143
348438566613,348438816789,250176,512.87539375,247.85123125,123.64163163875
348438849957,348439301156,451199,593.420164285714,249.260735714286,127.697037220714
348439333518,348439616742,283224,627.401716666667,233.747511111111,131.272107393889
348439649827,348439986246,336419,724.779666666667,224.114504761905,128.268647747619
348440016702,348440391755,375053,801.04007826087,232.837452173913,121.421820539565
348440416785,348440717313,300528,864.906721052632,227.914505263158,117.995250871053
348440916569,348441383358,466789,357.402506896552,252.380727586207,125.607886057241
348441416634,348442099830,683196,437.833769047619,258.626066666667,120.358963393333
348442133130,348442699826,566696,524.431597142857,247.610625714286,132.016983748571
348442733125,348443190027,456902,595.29725,271.545110714286,128.143947610357
348443216632,348443699774,483142,687.08413,267.62117,123.626988227
348443733030,348444299676,566646,738.305071428571,251.950002857143,120.829618417429
348444332994,348444816437,483443,700.099713333333,240.478533333333,118.734234816333
348444849573,348445049570,199997,788.606992307692,258.508053846154,119.055633176923
348445093830,348445201474,107644,841.0229625,266.0713,120.62549977625
348445233009,348445449615,216606,890.073914285714,251.102278571429,124.908519314286
348445487054,348445699650,212596,763.680571428571,260.417342857143,130.482104425714
348445732914,348445999535,266621,962.194994117647,239.762541176471,127.422865165294
348446066216,348446192043,125827,407.781825,273.6334125,139.01770999375
348446216434,348446999560,783126,356.5188,275.2434375,126.04611685625
348447032885,348447232907,200022,373.044476923077,259.930784615385,123.457410150769
348447266078,348447599849,333771,463.602461904762,275.872442857143,126.625664060476
348447633043,348448049437,416394,520.922973076923,281.612523076923,124.508610783846
348448092024,348448432749,340725,580.779740909091,295.021090909091,123.956451651818
348448466111,348448866102,399991,702.31488,287.907552,126.880625248
348448900992,348449249305,348313,778.370413636364,285.376272727273,130.177007451818
348449293447,348449516231,222784,838.449353333333,297.553166666667,128.49580412
348449549329,348449966001,416672,934.951530769231,251.204196153846,123.811966013846
348450016227,348450583975,567748,362.121731428571,272.498128571429,123.947392976
348450616296,348450932633,316337,480.71554,286.630155,121.5369306485
348450965996,348451249305,283309,455.794044444444,297.1194,120.763387038333
348451291757,348451665985,374228,531.391858333333,299.99075,119.981540267083
348451700199,348452199278,499079,579.522129032258,312.153716129032,122.481992281613
348452232624,348452582834,350210,563.410440909091,318.757040909091,125.295180927273
348452616046,348453501695,885649,524.083655555556,305.249792592593,123.540338426111
348453532512,348454049185,516673,501.998565625,327.53976875,116.13871323125
348454182716,348454599245,416529,552.428734615385,319.565342307692,113.675038286154
348454632510,348454899157,266647,601.005852941176,314.118523529412,106.451630799412
348454932480,348455232499,300019,676.7815,294.906247058824,107.996294458824
348455265714,348455649087,383373,777.691279166667,290.084825,117.392929919167
348455682587,348456099131,416544,848.799834615385,286.828211538462,121.789168659615
348456132384,348456448944,316560,882.634445,297.30794,121.105325394
348456482616,348456765720,283104,667.686311111111,301.479311111111,124.008978857222
348456799028,348456948962,149934,759.08296,307.42901,121.702241487
348456986777,348457415781,429004,836.808188888889,296.745277777778,117.387275827037
348457448964,348457915848,466884,775.742524137931,287.582448275862,119.138003777241
348457948957,348458465607,516650,872.282278125,286.1703625,114.070388375
348458498963,348458601498,102535,924.8746,267.4115,113.411123365714
348458648969,348459298977,650008,360.85666,291.30668,116.18765580425
348459332310,348459648841,316531,420.663915,299.994495,114.634224963
348459682455,348459982767,300312,494.949310526316,314.977731578947,113.164930524737
348460015512,348460386765,371253,570.893713043478,330.471534782609,111.480784964348
348460415723,348460891799,476076,646.902620689655,380.014848275862,107.246252057586
348460915785,348461298882,383097,739.6529,344.269370833333,108.251269550833
348461332191,348461498787,166596,839.031945454546,322.480118181818,106.971268952727
348461532172,348462248685,716513,849.971645454545,329.937568181818,112.492055303636
348462291696,348462415613,123917,848.779244444444,324.656744444444,120.267438372222
348462448709,348462848692,399983,904.649368,323.922256,121.1960407668
348462898812,348463348961,450149,352.624014285714,321.893435714286,119.039586124643
348463382315,348463798850,416535,428.871334615385,319.033661538462,109.559755728846
348463848778,348463948570,99792,474.027657142857,292.202314285714,108.218758018571
348463982196,348464265348,283152,540.434844444444,322.251577777778,108.347629648333
348464298648,348464415534,116886,610.3062125,318.6016375,107.9263424925
348464448567,348464832000,383433,731.516354166667,338.9254625,107.195350897083
348464865228,348465298673,433445,824.996418518519,339.792481481482,109.480954281111
348465332046,348465731927,399881,890.563448,346.929264,113.718814342
348465892306,348466231880,339574,337.166204545455,327.034259090909,121.128442817273
348466265245,348466415562,150317,379.08825,336.94519,119.134277658
348466448453,348466731932,283479,422.861572222222,337.919816666667,116.296687565
348466765245,348466986160,220915,469.822992857143,344.226985714286,113.681915247143
348467015488,348467400695,385207,530.308829166667,354.565466666667,112.849862546667
348467431884,348467848492,416608,600.05345,350.367980769231,112.307727668462
348467882082,348468131770,249688,618.30926875,355.805825,109.3023435175
348468165085,348468565112,400027,691.54402,378.269464,110.5406313808
348468600659,348469248313,647654,728.652235,380.9196575,114.07088772725
348469282414,348469599653,317239,804.602315,364.924035,119.2909512825
348469632014,348469781941,149927,885.48247,382.31648,117.864156237
348469815096,348470148382,333286,761.214366666667,387.445052380952,116.235060579048
348470189533,348470464989,275456,790.342383333333,374.203633333333,116.67337318
348470498483,348471364997,866514,777.327305660377,372.851733962264,110.423024723208
348471401309,348471965005,563696,841.196134285714,366.398597142857,106.367899996
348471998299,348472182749,184450,926.833016666667,378.845383333333,106.832839149167
348472231633,348472698341,466708,346.619617241379,360.604010344828,112.634365418966
348472731644,348472964878,233234,408.180653333333,358.0155,110.975773942667
348472998365,348473148238,149873,472.64068,375.68705,110.721180045
348473190819,348473414882,224063,539.864686666667,379.07282,113.887404960667
348473448234,348473648526,200292,480.585107692308,349.159461538462,115.549498620769
348473714885,348474131631,416746,638.986546153846,380.984657692308,114.056102926538
348474164839,348475081798,916959,712.599005357143,381.473155357143,106.773898570714
348475114947,348475631473,516526,777.6782,392.2680875,104.817053309687
348475664710,348476482564,817854,844.944588,386.273756,111.28532359
348476515050,348477115001,599951,897.991435135135,388.584302702703,117.72126100973
348477164697,348477614791,450094,344.408310714286,365.870921428571,114.892474270357
348477647983,348478031379,383396,428.80285,393.877054166667,108.66876168875
348478064604,348478448000,383396,495.904254166667,400.2696,106.817952758333
348478486245,348478997990,511745,569.13204375,395.7352125,108.751805141562
348479031264,348479492113,460849,622.183021428571,397.042642857143,112.514844331071
348479514707,348479986131,471424,704.834134482759,404.605837931035,116.091308688966
348480014536,348480499489,484953,814.15341,419.040726666667,119.140699437333
348480531254,348480747828,216574,864.478171428571,400.513492857143,120.200250085
348480914800,348481298529,383729,343.009520833333,401.9778625,118.71695299375
348481447711,348481781124,333413,356.586390476191,160.19240952381,105.470765132857
348481814526,348482181064,366538,473.291152173913,135.620352173913,105.464018946087
348482214562,348482431132,216570,587.137192857143,162.305707142857,106.795187247857
348482464378,348482747709,283331,674.002272222222,172.567433333333,109.311827615
348482783116,348483147688,364572,753.679160869565,189.200252173913,111.104564933913
348483180968,348483331056,150088,831.42122,249.65711,105.108240471
348483464356,348483564366,100010,812.780228571429,157.1509,153.912265487143
348483614388,348483780974,166586,404.714054545455,156.762381818182,100.791085317273
348483997739,348484114394,116655,630.9446,145.0137375,99.74706385125
348484331045,348485128904,797859,-2,-90.9448368421053,37.8332447036842
348485195579,348485512257,316678,951.017165,429.893995,121.9588032275
348485545508,348485645536,100028,941.412163636364,456.074854545455,115.443139354286
