"start","end","dur","x","y","pupil"
354212364200,354212706742,342542,677.01779047619,126.728971428571,80.2965659280952
354212730706,354212863675,132969,500.184911111111,116.006633333333,82.9230116177778
354212905947,354213163678,257731,375.332547058824,116.602388235294,83.1643734394118
354213306685,354214013822,707137,426.994038636364,153.202395454545,84.3299099388636
354214047124,354214946990,899866,467.607946296296,147.618751851852,82.6874652162963
354214980348,354215680349,700001,544.07378372093,120.491820930233,79.8038238860465
354215713654,354216106181,392527,561.060658333333,112.6167125,79.68605464375
354216130491,354216363540,233049,488.54862,74.5427866666667,80.813204878
354216401481,354216580199,178718,397.765308333333,67.4323,81.5986419666667
354216613643,354216914466,300823,621.608252631579,59.6313263157895,80.4613908068421
354216946864,354217563568,616704,679.122981578947,55.00755,81.6668251094737
354217605185,354217913526,308341,533.24555,52.089735,82.656708557
354217946868,354218063460,116592,427.5095375,40.8708125,83.31370679625
354218097196,354218313521,216325,397.756135714286,50.49355,84.0214240171429
354218363425,354218913929,550504,553.728529411765,122.784682352941,81.6558356308824
354218946869,354219430293,483424,517.10739,138.074346666667,84.6934688963333
354219463428,354220546747,1083319,604.577551515152,130.153998484848,81.6616660136364
354220580077,354221547039,966962,685.181772881356,139.693018644068,79.8888527428814
354221579971,354222830028,1250057,795.276440789474,122.752236842105,79.0750182677632
354222863184,354223529874,666690,868.193426829268,110.815595121951,79.2881001843902
354223605538,354223946614,341076,371.487831818182,151.869222727273,83.9865734604546
354223979827,354225606361,1626534,399.574480612245,172.498396938775,83.1623056352041
354225629993,354226014751,384758,472.101395833333,152.781683333333,80.9322778975
354226046491,354227215269,1168778,508.027143661972,154.466543661972,81.1427890476056
354227246393,354227529834,283441,594.378466666667,143.877683333333,80.1287657083333
354227563103,354228346358,783255,687.383841666667,147.44294375,81.3592954683333
354228379723,354228905728,526005,887.591659375,114.95029375,84.752324814375
354228929862,354229046375,116513,775.0964875,121.9198125,87.52022651125
354229079597,354229479591,399994,381.346464,169.638008,89.7501987768
354229513059,354230446249,933190,405.511415789474,167.36351754386,88.9499612496491
354230479593,354230829669,350076,461.156486363636,171.491536363636,91.3729907540909
354230862814,354232162805,1299991,532.916313924051,156.76475443038,90.6248728692405
354232204903,354232713333,508430,617.93278125,158.9142,91.1733778903125
354232746126,354233846134,1100008,680.643558208955,156.230234328358,88.8807105186567
354233879337,354234913457,1034120,743.594065079365,163.795226984127,93.0953450226984
354234945987,354235805996,860009,799.287246153846,157.379580769231,92.1657274884615
354235829549,354236645989,816440,886.835328,157.25888,89.1759388458
354236696773,354236929401,232628,418.301693333333,192.813246666667,94.0999364086667
354236962551,354238062416,1099865,396.266994029851,194.044459701493,93.4276482629851
354238105444,354239079142,973698,475.376296666667,199.3499,91.6427176506667
354239112508,354239614749,502241,535.290716129032,177.708035483871,87.2237124064516
354239645755,354240929331,1283576,607.311369230769,162.156117948718,84.4210503985897
354240962286,354241545811,583525,642.815180555556,167.538127777778,85.9005915338889
354241629107,354241895806,266699,748.627882352941,158.317511764706,81.3120770882353
354241929281,354242113279,183998,778.464291666667,171.322133333333,82.5610869141667
354242145620,354242729203,583583,805.022427777778,162.413472222222,81.2217877425
354242762207,354243545645,783438,889.268747916667,153.26666875,80.6162315145833
354243613151,354243813641,200490,403.707576923077,204.862161538462,84.99333439
354243845652,354245012305,1166653,402.835098591549,203.929052112676,87.779408278169
354245045527,354246245490,1199963,475.37921369863,196.07005890411,84.8065872832877
354246278716,354247728826,1450110,559.868820454545,181.841518181818,80.6860305473864
354247761924,354249445254,1683330,638.181508823529,185.394371568627,79.7739246866667
354249478582,354249814105,335523,697.691476190476,183.338966666667,79.2112283819048
354249845237,354250278596,433359,710.027488888889,176.599266666667,81.2050782803704
354250313425,354250495207,181782,652.767558333333,172.994875,79.3848461483333
354250528755,354250811923,283168,560.015822222222,173.032127777778,81.0441507127778
354250845242,354251895200,1049958,459.7798265625,172.712246875,81.9001383035937
354251928657,354252028654,99997,592.159157142857,176.433128571429,83.0921454728571
354252061818,354252911796,849978,719.397175,168.246532692308,80.4318283648077
354252945157,354253178476,233319,809.025106666667,158.3499,78.0265866033333
354253211965,354253714106,502141,830.243725806452,147.09905483871,78.2838531012903
354253745245,354254411779,666534,753.704092682927,160.930980487805,79.9850486578049
354254444993,354254678344,233351,842.3653,152.51566,80.379187388
354254713693,354255245022,531329,619.874096969697,157.802442424242,81.6362437281818
354255278348,354256501447,1223099,696.163847297297,171.188045945946,79.9111251797297
354256528418,354258061466,1533048,775.353980645161,178.002255913979,77.3249860762366
354258095056,354258628379,533323,848.356384848485,181.21523030303,78.1674916187879
354258797884,354259261422,463538,374.378710344828,201.581362068966,79.5611033403448
354259294899,354260378093,1083194,389.262445454545,226.218839393939,78.4123184781818
354260411947,354261428008,1016061,469.085775806452,211.959496774194,78.7130097879032
354261461337,354262112044,650707,541.1263875,196.753005,74.50531712475
354262144619,354263611323,1466704,591.736985393258,200.829193258427,75.4759829186517
354263644700,354264977797,1333097,674.107617283951,199.767940740741,75.2253744217284
354265011342,354265928005,916663,715.582280357143,186.679573214286,76.4776555301786
354265961064,354266544535,583471,752.388588888889,210.789811111111,77.3301859405556
354266577711,354267344607,766896,864.855453191489,191.103434042553,76.2026876934043
354267411179,354267594307,183128,437.816441666667,204.577808333333,80.6366628508333
354267627750,354268360919,733169,388.601304444444,241.662795555556,79.8399699873333
354268394344,354269094317,699973,430.275004651163,225.028527906977,79.4807569125581
354269127901,354269627632,499731,497.644612903226,236.371535483871,79.7705580919355
354269660983,354270427779,766796,563.851734042553,229.196963829787,75.8788840148936
354270460842,354270894187,433345,644.92597037037,219.380474074074,71.2192353411111
354270927838,354271094174,166336,710.051736363636,209.042672727273,72.5997542145455
354271127589,354271977476,849887,755.979088461538,212.560009615385,73.59033791
354272014326,354272694106,679780,822.687207142857,218.128580952381,74.7960133845238
354272727642,354273711358,983716,896.837155,212.092361666667,76.510103814
354273777388,354274411332,633944,373.262302564103,251.396974358974,82.2050194305128
354274577337,354275227759,650422,395.6743275,263.9551575,86.55594706525
354275260555,354275877346,616791,446.047813157895,264.717942105263,83.9985728607895
354275910722,354276360565,449843,505.164985714286,244.615921428571,81.6466624117857
354276410697,354276544017,133320,-2,-91,120.416263538889
354276577209,354277343919,766710,518.723270212766,239.837644680851,81.7930644382979
354277377190,354278927396,1550206,551.764745744681,237.197964893617,78.5629823209574
354278960484,354279560495,600011,643.923148648649,235.458497297297,76.9228506332432
354279593721,354280477098,883377,731.069625925926,231.497798148148,75.8307094551852
354280510456,354281176967,666511,782.501263414634,231.727280487805,75.0814367141463
354281210509,354282876952,1666443,848.356521782178,223.492130693069,75.0955811560396
354282910311,354283843666,933355,907.209396491228,226.04559122807,82.1067244180702
354283876839,354284093555,216716,592.647164285714,241.751085714286,85.3412721257143
354284127088,354285011660,884572,565.562075925926,243.83127037037,83.8889286790741
354285043498,354285443509,400011,607.633796,240.8647,84.8099894692
354285476849,354285776819,299970,538.245873684211,254.142805263158,86.5524848105263
354285810202,354286093458,283256,401.380811111111,269.956227777778,87.2165344372222
354286126936,354287710220,1583284,397.308130208333,279.044192708333,84.3965758515625
354287743649,354288643400,899751,465.491969090909,280.343849090909,84.9112673829091
354288676611,354289359940,683329,547.126,270.446033333333,81.8937647897619
354289393220,354290209925,816705,629.173216,257.855334,80.7648156354
354290243251,354291211320,968069,686.433691525424,265.756559322034,78.7741343120339
354291243296,354291559832,316536,753.480915,257.984095,75.4682082995
354291593179,354292176462,583283,833.165358333333,250.667419444444,77.7445869352778
354292209954,354292876459,666505,902.724219512195,242.585297560976,79.7116258934146
354292926507,354293059677,133170,519.543333333333,284.401933333333,83.2109811255556
354293109796,354294209839,1100043,384.198140298507,291.318010447761,80.4543260102985
354294243169,354295543040,1299871,449.676911392405,296.644555696203,80.6531838140506
354295576326,354296526377,950051,533.177363793103,291.68320862069,77.2507267122414
354296559609,354297209665,650056,614.603435,276.6802825,74.733908141
354297242914,354298659433,1416519,666.370518604651,272.663018604651,75.7933853119767
354298692841,354299859470,1166629,778.98163943662,280.473142253521,77.1560954753521
354299892717,354300342788,450071,810.713096428571,268.743285714286,77.510827385
354300376081,354301159355,783274,891.130660416667,268.715404166667,79.4679062139583
354301242761,354301442948,200187,616.609184615385,311.015176923077,83.8508481253846
354301475943,354302509492,1033549,399.110833333333,311.619077777778,80.381906815873
354302542661,354303475807,933146,423.663138596491,307.213250877193,80.4773251052632
354303509331,354304392517,883186,511.865644444444,310.611098148148,79.8784840092593
354304426014,354304692481,266467,631.831870588235,282.797941176471,77.7189597294118
354304742510,354305575822,833312,895.513876470588,257.17511372549,77.1617287839216
354305609193,354306742553,1133360,809.932057971015,278.685015942029,79.5307947172464
354306775692,354307459113,683421,834.085966666667,273.690178571429,78.0165587697619
354307492336,354308075706,583370,817.928119444444,268.347194444444,74.1602512077778
354308109084,354308325960,216876,652.718892857143,270.593921428571,77.8381093071429
354308358965,354309092354,733389,508.718095555556,283.811586666667,79.6301449262222
354309125623,354310142297,1016674,394.554617741935,299.56554516129,84.1316644674194
354310175565,354310775578,600013,450.600662162162,312.562510810811,82.3638260686486
354310808948,354311758853,949905,510.357136206897,300.071812068966,80.2442066275862
354311792098,354312575435,783337,611.043775,283.225995833333,77.4098413241667
354312608796,354313342401,733605,670.537188888889,288.343597777778,77.3379249871111
354313375447,354314275322,899875,760.221338181818,279.569029090909,75.1655212865455
354314308802,354314825499,516697,822.9338875,279.68005,74.9631976584375
354314858760,354315708689,849929,906.601026923077,275.867151923077,77.0646317621154
354315742273,354315908683,166410,879.183454545455,288.579818181818,82.5264878109091
354315942060,354316142030,199970,651.146569230769,294.893830769231,87.0411235823077
354316175203,354316358609,183406,564.963766666667,301.489283333333,85.0149440133333
354316391985,354316908680,516695,494.698903125,306.9296125,83.579752678125
354316941918,354317742183,800265,614.556853061225,309.989804081633,80.2627099965306
354317775183,354318608592,833409,678.675392156863,308.499774509804,76.6566056760784
354318642099,354319308585,666486,721.916787804878,303.152509756098,75.1743273341463
354319341802,354319791726,449924,780.028410714286,289.381057142857,80.0557416196429
354319825136,354321008474,1183338,856.384322222222,289.741697222222,80.2026553816667
354321041876,354322091603,1049727,907.15225625,302.2625265625,83.6339624664062
354322158354,354322425131,266777,401.400147058824,336.359505882353,91.5492760429412
354322458342,354323341682,883340,399.205192592593,335.362640740741,83.2673165116667
354323374946,354324425019,1050073,498.5567296875,333.9407921875,80.729391666875
354324458245,354324941529,483284,569.669776666667,330.73614,81.046036692
354324974825,354325358101,383276,646.791995833333,328.560333333333,80.6681761033333
354325391565,354326074717,683152,729.115069047619,315.881826190476,77.8793248316667
354326108178,354326491481,383303,815.626420833333,303.216854166667,76.9129604325
354326524816,354326724748,199932,736.944453846154,297.726307692308,78.7550711
354326758099,354327358133,600034,847.69717027027,306.342881081081,80.0302429372973
354327391365,354327491358,99993,898.583257142857,295.826814285714,79.4159818328571
354327541666,354327641479,99813,380.681971428571,303.036414285714,83.0480095885714
354327674684,354329474563,1799879,373.37754587156,343.52942293578,81.6777923092661
354329508086,354330324791,816705,415.241834,346.18751,84.266798356
354330357843,354331357849,1000006,482.690936065574,341.034109836066,81.5208532426229
354331391221,354331957860,566639,506.261914285714,359.809645714286,83.9563022508571
354331991089,354332107858,116769,573.219275,343.0165125,84.40268326875
354332141151,354333074457,933306,730.847301754386,314.27458245614,84.1302427585965
354333107814,354333774299,666485,679.887812195122,322.820680487805,85.8459933490244
354333957742,354334174320,216578,732.297485714286,312.369471428571,85.3258102142857
354334207856,354334374318,166462,733.561327272727,319.857818181818,88.8731246418182
354334407885,354334607806,199921,597.954915384615,340.262246153846,86.9047763461539
354334641012,354334857719,216707,776.514978571429,316.5235,83.2486922992857
354335190982,354335707715,516733,565.684196875,353.837715625,88.015311523125
354335741386,354335990977,249591,471.10825625,339.30993125,80.970388966875
354336024274,354336341014,316740,366.63796,338.989055,80.031129458
354336374203,354336957595,583392,502.897175,339.320230555556,79.7476823452778
354336990857,354337524265,533408,599.2044,346.88663030303,78.8040729581818
354337557623,354338757489,1199866,679.919926027397,331.896539726027,77.1432421090411
354338790839,354339324129,533290,714.224327272727,345.008496969697,75.0419833572727
354339357480,354341873935,2516455,784.238635526316,329.936405921053,74.8409543334868
354341907437,354342040650,133213,725.884266666667,335.675411111111,79.5820882977778
354342073974,354342424235,350261,924.476936363636,362.914731818182,80.1472894477273
354342457376,354343040657,583281,745.505136111111,337.959186111111,80.7951674427778
354343073944,354343324020,250076,590.4194625,334.62178125,83.952442600625
354343357230,354343523883,166653,501.811645454545,334.480772727273,85.24233823
354343557240,354343657240,1e+05,645.262157894737,343.421734210526,82.1045259014286
