"start","end","dur","x","y","pupil"
11998961707,11999098612,136905,354.9952875,147.813575,211.45189686625
11999128204,11999568080,439876,341.001037037037,67.9378962962963,199.629801704444
11999595057,12000278688,683631,328.214588095238,25.4606238095238,199.035711990238
12000311594,12000928223,616629,454.490886842105,32.626097368421,233.696034694737
12000961690,12001528074,566384,573.672074285714,41.3679571428571,225.352471938
12001561640,12001911471,349831,677.749652941176,47.1447941176471,217.774206153529
12001944846,12002871766,926920,687.4666,52.9956625,218.512613922679
12003011428,12003144667,133239,642.1229,31.9395888888889,195.37503971
12003178083,12003427997,249914,638.38975625,51.75949375,222.6681702575
12003471309,12004144653,673344,714.51789047619,49.3778071428571,216.042755480238
12004177955,12004311582,133627,780.378844444444,60.2712333333333,200.573888801111
12004344618,12004480789,136171,803.603244444444,68.8564111111111,199.981030283333
12004527888,12005480031,952143,335.74464137931,37.09895,199.603434962586
12005511310,12006271151,759841,354.616419565217,48.3600695652174,202.026502858478
12006511240,12007311271,800031,429.874730612245,46.0018285714286,215.32307962898
12007344536,12007711191,366655,795.965152173913,56.9931565217391,196.052667061304
12007811194,12008162588,351394,783.222718181818,6.27518636363636,191.373264461364
12008211234,12008761263,550029,330.825538235294,32.7072205882353,193.752633489706
12008794620,12009144414,349794,413.561686363636,34.0753045454545,183.591118815
12009177699,12010077770,900071,348.781110909091,138.216830909091,194.479653656364
12010227649,12010811000,583351,378.694077777778,133.42395,194.356149245
12010844269,12011344297,500028,436.634783870968,129.235983870968,188.681112205161
12011378420,12012094537,716117,483.934140909091,145.154254545455,194.094903565
12012127507,12013061108,933601,358.534635087719,132.306649122807,196.021606869825
12013094420,12014527377,1432957,493.146875862069,142.008316091954,189.797097986207
12014571498,12015160762,589264,502.682324324324,115.860862162162,185.766996318378
12015244046,12015365969,121923,509.6035,100.724475,181.892473855
12015510814,12015627373,116559,593.2204125,141.559125,194.5449334775
12015660745,12016244000,583255,584.024077777778,166.298766666667,185.053886940833
12016277847,12016410706,132859,621.382044444444,167.982977777778,162.100014745556
12016427398,12017228865,801467,-2,-91,3.83215412974359
12017434507,12017634507,2e+05,886.604061538462,188.796146153846,186.543076843846
12017717883,12017817913,100030,874.150428571429,139.214542857143,184.097594175714
12017851156,12018471905,620749,819.480602631579,149.628131578947,190.026182336842
12018501220,12018751159,249939,891.08091875,163.5816,207.016415204375
12018817795,12019417805,600010,335.692645945946,165.075727027027,218.477912314324
12019584467,12020017759,433292,395.356037037037,158.711577777778,215.327280285556
12020051034,12020767762,716728,460.383220454545,175.485397727273,210.4325094
12020801195,12021334242,533047,520.888387878788,194.566021212121,210.363434116061
12021367952,12021951025,583073,566.981397222222,171.157272222222,213.282094297778
12022084346,12022472095,387749,615.557658333333,178.596154166667,249.095207148333
12022501188,12023150914,649726,625.642565,190.279455,218.5111181855
12023184587,12024001036,816449,737.819162,170.735902,199.5370983052
12024034110,12024672379,638269,810.700592307692,174.683220512821,210.70733519282
12024701003,12025250788,549785,864.284726470588,188.409326470588,212.045417876176
12025300854,12025617441,316587,355.197945,189.62132,208.457428243
12025972789,12026071281,98492,358.378371428571,180.722071428571,198.903029594286
12026172198,12027617468,1445270,377.240929545455,181.103715909091,200.036896109773
12027650667,12028184003,533336,460.756336363636,187.928084848485,210.354997357879
12028217325,12028334040,116715,485.03795,160.0767125,200.94999147
12028667473,12028817286,149813,554.90895,193.60493,200.368350764
12028850668,12029567392,716724,570.803704545455,170.714829545455,183.004144490909
12029600615,12030483962,883347,624.603959259259,179.2766,170.050967781481
12030517230,12031000637,483407,707.746813333333,192.458443333333,177.731455269667
12031050528,12031400838,350310,769.746131818182,197.136336363636,186.463867223636
12031433785,12031650536,216751,800.478307142857,196.039542857143,190.907875835714
12031683864,12032550422,866558,783.993956603774,218.613341509434,192.888558918679
12032583932,12033333754,749822,840.109858695652,218.419565217391,190.171585243696
12033483838,12033771386,287548,855.7548,205.118961111111,191.106958434444
12033868301,12034083689,215388,364.966064285714,211.815307142857,191.817247675714
12034171617,12034717050,545433,357.489197058824,212.344914705882,170.080629006471
12034750295,12035117060,366765,433.978530434783,206.500747826087,183.524545082609
12035150290,12035483627,333337,478.486142857143,215.571976190476,210.75340413619
12035533614,12036033616,500002,542.740732258065,200.939232258065,234.780889762258
12036068700,12036433508,364808,618.156260869565,234.696534782609,236.679230944783
12036600531,12037416934,816403,691.735398,236.399982,244.603508347
12037450170,12037950168,499998,763.800132258065,224.967622580645,232.041966937742
12037984014,12038333480,349466,837.205959090909,223.916677272727,247.528999664545
12038383615,12038783488,399873,363.881416,233.002804,245.0952640584
12038916806,12039684019,767213,383.256472340426,235.08895106383,239.287053997234
12039716790,12040616731,899941,397.995952727273,226.506070909091,238.013329632
12040650042,12041133377,483335,469.794023333333,224.42301,228.874701121
12041171733,12041883334,711601,397.822490909091,192.331036363636,219.490618765909
12041983767,12042316687,332920,459.411695238095,200.289361904762,213.135167560476
12042349906,12042916581,566675,547.08474,219.725628571429,206.709710456
12042949920,12043471879,521959,857.3471875,207.6173125,200.773418899375
12043599996,12044449953,849957,424.333184615385,226.436394230769,209.832744325
12044500140,12044783210,283070,483.871077777778,207.793227777778,199.967708457778
12044816553,12045616437,799884,541.214093877551,218.080291836735,208.229249022449
12045649799,12046271402,621603,612.618131578947,233.164063157895,222.762847566842
12046299934,12047433026,1133092,712.468501449275,241.136901449275,227.239127113188
12047471289,12047649665,178376,718.092966666667,247.812108333333,231.452125068333
12047833006,12049116301,1283295,772.859364102564,235.403152564103,225.116053569487
12049149660,12049799614,649954,847.4076175,246.6785925,221.87393373
12049870837,12050632885,762048,353.924355319149,259.134278723404,206.032091636809
12050668813,12050771151,102338,401.807628571429,246.380814285714,186.71744049
12050899678,12051816166,916488,432.088841071429,232.965539285714,187.164053396964
12051849531,12052771210,921679,520.025092857143,239.583696428571,183.33599699375
12052799461,12053316042,516581,609.540225,243.976084375,183.139265986562
12053416067,12053949426,533359,664.816975757576,247.72953030303,190.45169803697
12053982734,12054599682,616948,733.444605263158,248.667413157895,183.653504362368
12056015966,12056199496,183530,357.919083333333,292.147125,206.324619473333
12056249326,12056415943,166617,351.799845454545,278.279954545455,200.49947167
12056649291,12057399380,750089,408.364032608696,270.121613043478,182.936463913043
12057432510,12058399213,966703,498.378584745763,261.484791525424,187.333130728305
12058432566,12058899392,466826,557.821451724138,266.751434482759,210.091397114138
12058949159,12059282460,333301,559.107266666667,267.730409523809,227.933090294286
12059432391,12059599364,166973,611.818672727273,255.233372727273,228.759978069091
12059632416,12059999157,366741,513.058182608696,273.083982608696,237.340976557826
12060032363,12060432574,400211,612.739804,286.397684,227.467377746
12060615737,12060832367,216630,610.533935714286,266.25105,217.168044418571
12060871837,12063183359,2311522,646.455788571429,285.217651428571,231.000718933929
12063215567,12063648916,433349,698.640851851852,313.591988888889,229.108409244074
12063982204,12064498851,516647,716.9210375,258.26958125,234.683775132813
12065332124,12065632135,300011,861.419863157895,273.019436842105,183.488383799474
12068215333,12068448706,233373,351.802346666667,281.230986666667,209.42409326
12068482389,12069215318,732929,365.519173333333,285.323055555556,190.181925968889
12069248681,12069948567,699886,461.430234883721,281.975993023256,212.873033404651
12069981963,12071315195,1333232,507.869654320988,287.614809876543,215.164133120247
12071481907,12071581845,99938,-2,-91,0
12071648496,12071882230,233734,580.658013333333,293.26478,220.834513666
12071915178,12072248432,333254,581.837771428571,293.447766666667,201.795803994762
12072281859,12073070979,789120,647.579402083333,282.311908333333,180.593018401875
12073098482,12073965195,866713,725.439352830189,289.532132075472,179.565838107359
12073998739,12075514913,1516174,784.379788043478,305.840154347826,185.914222960761
12075548288,12076148317,600029,869.637775675676,311.856678378378,190.840807981081
12076198485,12076481588,283103,351.2872,297.690344444444,189.79758815
12076648293,12076881632,233339,346.42462,305.8047,185.874133974
12076915224,12077882808,967584,402.156271186441,303.248045762712,177.090515814237
12077914801,12078531493,616692,496.407284210526,298.6384,176.106316974737
12078570885,12078981714,410829,546.974373076923,300.099453846154,176.199760989231
12079114916,12079831374,716458,561.402009090909,309.270222727273,182.162119495227
12079881481,12080181802,300321,-2,-91,0
12080498116,12081682460,1184344,580.48676056338,311.111494366197,200.443499712817
12081814681,12082414709,600028,667.274494594595,315.240243243243,222.866075575135
12082447924,12083381366,933442,748.594321052632,313.05208245614,198.462270532281
12083414564,12083972154,557590,835.549058823529,315.379897058824,196.659711865294
12084097985,12084581278,483293,356.6218,335.99622,198.326503056
12084672037,12085598069,926032,352.351856140351,327.814659649123,175.570224863684
12085631126,12086297969,666843,371.119536585366,329.014263414634,184.906949753415
12086471223,12086714923,243700,402.0814,319.67955,209.596762514375
12086747815,12087214440,466625,361.328447619048,332.938252380952,202.177458761429
12087247687,12088580989,1333302,352.472128395062,334.076960493827,172.687694487037
12088747660,12089114315,366655,393.169165217391,290.242439130435,177.895926592174
12089147676,12090147552,999876,452.546160655738,312.386609836066,173.929670818033
12090183889,12090930896,747007,539.236413043478,312.284669565217,172.431349023043
12091114167,12091297613,183446,605.759741666667,301.31855,163.6021554025
12091330754,12092547425,1216671,583.048268918919,314.046071621622,157.322826404054
12092580873,12092830742,249869,488.80393125,322.210425,162.65718607875
12092868075,12093480956,612881,631.681068421053,320.055263157895,165.393672987368
12093514070,12094130649,616579,710.104476315789,324.722136842105,167.60649641
12094172873,12094397442,224569,768.5336,340.38356,165.442697597333
12094581307,12094797468,216161,779.541671428571,319.572957142857,161.301003958571
12094830618,12095630627,800009,840.169359183673,340.090202040816,167.526710325306
12095672245,12096030491,358246,895.635704347826,341.9168,172.144980174348
12096097582,12096580932,483350,357.28246,343.214016666667,173.629264354667
12096747304,12097497247,749943,386.710804347826,344.91477173913,176.369221680217
12097530495,12097847174,316679,457.68192,330.8302,169.0526972735
12097880615,12099230395,1349780,566.8254,339.809656097561,171.903531384146
12099271688,12100297234,1025546,637.160940322581,339.603237096774,176.249742642581
12100447003,12100697221,250218,667.84194375,324.71406875,173.093724181875
12100730395,12101797246,1066851,685.877823076923,343.152209230769,179.872308391077
12101830322,12103071185,1240863,755.912153333333,356.195945333333,184.236737142667
12103280343,12104596921,1316578,679.7100575,355.48773375,189.603856400625
12104771996,12105196986,424990,736.496245,347.57173,196.612031223
12106096999,12106480127,383128,817.6907625,347.710070833333,211.493027589167
12106496943,12106896828,399885,742.895292,359.396004,215.1798759544
12106930088,12107413441,483353,647.99475,359.626483333333,214.491417614667
12107630015,12107796952,166937,703.000672727273,324.806018181818,214.173728948182
12107830010,12108446648,616638,867.759076315789,371.139155263158,227.776711352368
12108480101,12108579985,99884,906.1628,382.214171428571,223.361655352857
12108629935,12109179979,550044,356.603135294118,373.222502941176,226.192583689118
12109371875,12109980698,608823,357.320994736842,378.346857894737,233.239586896316
12110013308,12110713198,699890,406.054281395349,389.032802325581,229.238535087209
12110746548,12111079878,333330,488.421263636364,362.289145454545,239.971451231364
12111113192,12111646552,533360,556.834260606061,361.251236363636,254.790927929697
12111681195,12112079870,398675,582.667808,390.57488,262.918064382
12112313218,12113271989,958771,615.032286206897,391.298282758621,275.931630567414
12113297031,12113646391,349360,615.714136363636,368.475672727273,270.01312309
12113867817,12114413105,545288,706.207335294118,338.091152941176,182.332408325882
12114913101,12115096375,183274,691.7082625,383.0837,341.88506189
12115182282,12115546323,364041,815.379186956522,358.378447826087,309.30486138087
12115629644,12115782833,153189,687.656909090909,356.424354545455,320.392483500909
12116546308,12116663334,117026,778.4506625,381.201575,215.27371977125
12117212966,12117909554,696588,-2,-91,38.4242739808108
12118098876,12118215474,116598,782.0603875,512.8532625,267.5910897425
