"start","end","dur","x","y","pupil"
78493953848,78494187178,233330,436.9701,346.956776923077,202.078774406923
78494277567,78494470943,193376,408.034107692308,78.1762461538462,191.00501095
78494503913,78494836950,333037,395.086657142857,34.2115476190476,186.044146530476
78494871683,78495054113,182430,495.827316666667,25.9242666666667,185.359017216667
78495087030,78495488847,401817,614.63,27.437876,182.8175980544
78495520371,78495777232,256861,717.8392875,41.1811125,175.439284771875
78495887037,78496253608,366571,784.412060869565,21.6595391304348,170.903771633478
78496303847,78496620254,316407,374.180275,38.09512,182.847291013
78496653597,78497553607,900010,391.394214285714,136.81436122449,182.458084656531
78497588834,78498236872,648038,522.5403975,142.60178,183.271547521
78498272277,78498986968,714691,661.550415909091,132.171729545455,174.6762167875
78499020117,78499303772,283655,760.590477777778,130.148955555556,170.952097320556
78499336825,78500053455,716630,843.749956818182,123.871679545455,171.301335047955
78500103523,78500720122,616599,388.105365789474,146.50905,176.958874319211
78500753346,78501003628,250282,475.0904375,146.8132125,171.3682947625
78501036696,78501353357,316661,585.5355,141.06369,177.4872685875
78501386828,78501619976,233148,682.247886666667,144.746846666667,185.394377169333
78501653367,78502153366,499999,406.495603225806,150.839009677419,184.879530472581
78502186656,78503603512,1416856,526.334729069767,154.045465116279,179.192777492791
78503636578,78504153234,516656,633.82259375,159.76690625,179.81572238625
78504186704,78504819868,633164,810.704856410256,151.239417948718,177.372003552564
78504853241,78504978300,125059,383.9675375,163.0647625,183.54725005125
78505003583,78505769917,766334,398.668055319149,167.86665106383,181.995480184255
78505803142,78506203242,400100,469.021172,164.623484,182.4806029696
78506236444,78506753539,517095,573.812675,179.27854375,181.022072972188
78506786523,78507186428,399905,727.315496,174.78838,178.3947619892
78507219758,78508536315,1316557,820.38570875,166.0462575,177.39591535675
78508589413,78508703137,113724,459.58635,183.0951625,184.6954687725
78508736319,78509569884,833565,394.769174509804,188.894943137255,183.068797903725
78509603235,78510303252,700017,489.679530232558,187.095874418605,177.274602312093
78510336182,78510469735,133553,548.833744444445,184.130555555556,174.883393501111
78510503150,78510736186,233036,656.13762,179.013093333333,170.838061434
78510852865,78511174705,321840,683.720885,187.84487,167.7282780085
78511203109,78511719519,516410,736.97518125,185.13383125,163.781698432188
78511752859,78512286150,533291,839.608157575758,175.596109090909,164.571886196667
78512336080,78512452859,116779,448.124725,200.0530625,172.67091402375
78512487287,78513587966,1100679,398.015198507463,202.113682089552,170.809453944627
78513619395,78514203002,583607,502.087527777778,205.867666666667,174.084009075
78514236079,78515235929,999850,594.997318644068,207.586005084746,171.696486451017
78515270686,78516569508,1298822,727.144018987342,206.87217721519,168.788647565316
78516604848,78516919246,314398,830.77388,206.627355,171.882610571
78516952611,78517052598,99987,869.078185714286,194.380471428571,169.525170557143
78517102834,78518219561,1116727,383.086258823529,221.647026470588,171.148657663235
78518252482,78519173841,921359,464.4458125,223.723108928571,174.774431485536
78519202722,78519869164,666442,537.073202439024,225.833102439024,184.898298332195
78519902665,78522135566,2232901,629.189303703704,220.135526666667,181.121705366148
78522177916,78522477496,299580,481.730263157895,222.265468421053,181.771795916316
78522502487,78522870134,367647,412.453069565217,216.828047826087,180.455661301739
78522904281,78523577603,673322,541.099686111111,223.575536111111,180.8954045575
78523602535,78524018903,416368,608.913161538462,224.406615384615,176.256969078077
78524052222,78524652237,600015,717.440267567568,219.163040540541,170.424894503514
78524685536,78524918866,233330,705.879426666667,219.160286666667,175.712154463333
78524952207,78525652112,699905,763.580839534884,224.230165116279,174.802872707442
78525688353,78526102295,413942,810.887323076923,225.671942307692,171.816760826923
78526152117,78526279796,127679,479.1836375,238.8668375,177.754384065
78526302333,78526985426,683093,394.238733333333,250.784476190476,174.86158995119
78527018832,78527568966,550134,487.326279411765,248.104441176471,167.456159152059
78527602210,78528518804,916594,636.405553571429,245.334196428571,167.510225069107
78528551961,78528818630,266669,700.9897,252.148323529412,166.902108720588
78528851985,78531918533,3066548,797.567592134831,246.755171910112,170.414982240112
78531951861,78532151862,200001,833.244869230769,224.425130769231,164.082217061538
78532185297,78532318537,133240,490.579,249.238033333333,169.254281311111
78532351862,78533651738,1299876,399.231703797468,268.723943037975,176.659359292405
78533685168,78533968699,283531,492.248672222222,272.479316666667,187.364958193333
78534001826,78534918381,916555,547.058278571429,261.139701785714,188.541971694821
78534951729,78535451615,499886,579.460364516129,274.416867741936,189.286231266129
78535485277,78536301635,816358,677.926792,269.508744,184.99084929
78536334942,78537077695,742753,812.211368888889,254.506851111111,180.301241622444
78537118272,78537234811,116539,485.4452,286.1857375,181.3383986
78537277349,78537518266,240917,373.579375,278.9122,180.72505577
78537551605,78538218272,666667,460.158146341463,277.609285365854,176.824653110976
78538251486,78539087123,835637,519.329429411765,280.204852941176,181.426630089216
78539118141,78539251488,133347,576.908588888889,278.738788888889,181.148549651111
78539285282,78539818147,532865,681.154448484848,294.448384848485,181.873507742424
78539851490,78541018126,1166636,771.002977464789,287.110571830986,176.069132602817
78541051359,78541168178,116819,842.305175,286.965225,175.58395716875
78541218012,78542051349,833337,397.025694117647,300.970949019608,171.357138478039
78542270954,78543051222,780268,517.74239787234,296.997617021277,173.710579751915
78543101469,78543867983,766514,607.509665217391,302.868426086957,172.10491357913
78543917940,78544278001,360061,684.714025,300.616505,167.4668356155
78544301384,78544968889,667505,714.24903902439,303.275907317073,166.897166511463
78545001543,78545617883,616340,771.890831578947,297.084739473684,163.593978908421
78545651119,78545851112,199993,832.179776923077,289.055746153846,165.427935493077
78545901234,78546451114,549880,398.012473529412,313.264823529412,167.619963121765
78546601282,78547034327,433045,484.882766666667,320.000207407407,169.538872954444
78547068422,78547417759,349337,591.107263636364,334.155418181818,169.809462028636
78547451113,78547717772,266659,696.086041176471,331.945635294118,170.579978797647
78547751033,78548217789,466756,759.358048275862,336.077513793103,174.830668524828
78548250995,78548617637,366642,832.423530434783,327.049908695652,174.17714903913
78548668058,78548967862,299804,406.763852631579,335.162778947368,180.001542184211
78549001273,78549534191,532918,400.239560606061,347.639915151515,182.159955701818
78549577970,78550267826,689856,515.22193255814,351.988346511628,181.581773905581
78550301027,78550517644,216617,582.944235714286,358.330671428571,184.264872261429
78550634210,78551376223,742013,629.072713333333,361.74002,183.042260958444
78551401017,78552117557,716540,666.314668181818,354.660897727273,178.838300546364
78552151235,78552900976,749741,805.22282826087,360.333202173913,181.814623158043
78552934055,78553467696,533641,799.69586969697,236.075360606061,176.794977618182
78553500939,78553884169,383230,813.837870833333,235.5961875,183.62915652625
78554017612,78554117424,99812,480.689542857143,141.207285714286,188.81208764
78554150736,78554317461,166725,371.846581818182,118.772863636364,190.96011103
78554384662,78554567429,182767,851.4857,315.405091666667,189.3580694925
78554600987,78554700903,99916,879.9443,361.110342857143,191.773926541429
