"start","end","dur","x","y","pupil"
91513061549,91513428156,366607,425.599056521739,213.185717391304,132.648166002174
91513461505,91513811726,350221,362.739018181818,170.668313636364,122.259913781818
91513844747,91514044726,199979,556.392346153846,153.083569230769,117.7519373
91514085603,91514361498,275895,716.094255555556,141.628916666667,121.778345452778
91514484050,91514945136,461086,730.896675862069,140.626410344828,137.214169404483
91514990252,91515211466,221214,383.72006,155.97284,139.720789300667
91516161381,91517044578,883197,-2,-90.9998782608696,109.295316435217
91517328189,91517582649,254460,368.02491875,225.00766875,101.9146855175
91517611361,91517711338,99977,475.424028571429,67.8627,137.69811649
91517828020,91517944580,116560,401.136875,-11.446975,152.84066894625
91517979553,91518083229,103676,381.312385714286,-29.5696285714286,227.737866165714
91518278002,91518383766,105764,445.882185714286,-80.7041714285714,100.718774097143
91518762701,91520167997,1405296,-2,-90.984725,0
91520221553,91520354750,133197,727.742733333333,-17.3366555555556,131.454011274444
91520871481,91521090991,219510,468.9112,188.336969230769,133.864901565385
91521888082,91522037970,149888,687.042,534.38159,118.726145766
91522271356,91524221280,1949924,-2,-91,84.6957224375
91524554609,91524721288,166679,238.261909090909,544.398009090909,117.139936486364
91525537839,91527029929,1492090,-1.99999814814815,-91,0
91527269131,91527369135,100004,434.690942857143,128.989814285714,124.158921337143
91527402543,91527519427,116884,428.228725,197.205125,123.5369334525
91527552463,91527735758,183295,552.761141666667,155.460208333333,126.40135303
91528086062,91528285870,199808,743.449138461538,117.077969230769,121.636060288462
91528635772,91529102420,466648,672.824072413793,160.361944827586,116.685622334138
91529169015,91529352348,183333,636.924125,156.534016666667,122.497175715833
91529385700,91529485729,100029,577.943185714286,76.2760285714286,124.059404321429
91529619081,91529902533,283452,669.030722222222,182.998672222222,122.070635588889
91529935655,91530285762,350107,701.457531818182,190.428390909091,123.346273122273
91530319063,91530419070,100007,818.581971428571,67.8817571428571,124.036230151429
91530452243,91530569015,116772,884.815125,95.2111625,122.39274052375
91530685753,91531202299,516546,390.42931875,162.9548875,125.16579156875
91531252229,91531468882,216653,840.9489,152.05505,119.900436847857
91531502300,91531652244,149944,867.78924,124.25253,116.418759301
91531735629,91532218932,483303,388.01169,154.11121,118.463676036
91532252243,91532385617,133374,424.518655555556,181.6171,115.164350547778
91532518981,91532652149,133168,779.781322222222,175.821566666667,117.677088772222
91532685590,91534464885,1779295,-2,-91,20.6689375642
91534920787,91535054007,133220,812.150488888889,209.220966666667,117.88380361
91535087814,91535304174,216360,742.787835714286,192.364485714286,123.282630562143
91535337344,91535687517,350173,775.985204545455,168.976104545455,126.139339357727
91535820674,91535970642,149968,526.88568,199.65687,129.713078449
91536004155,91536553987,549832,488.541579411765,201.812926470588,131.978720480882
91536588089,91536887912,299823,577.846284210526,199.200726315789,131.55169581
91536920697,91537287615,366918,547.83682173913,225.27882173913,134.964029278261
91537320698,91537653853,333155,670.644247619048,205.616747619048,131.835911512857
91537687680,91538020529,332849,762.954028571429,196.816842857143,127.16541549
91538137249,91538253877,116628,874.5596125,207.425875,121.93908514125
91538304085,91538670512,366427,391.710960869565,214.835308695652,131.276860042174
91538889478,91539570478,681000,403.49675,217.957064285714,127.498032359524
91539604018,91539737419,133401,422.639388888889,238.698977777778,125.073329174444
91539770476,91540203927,433451,534.55617037037,241.602722222222,122.700227892222
91540237081,91540837143,600062,633.149016216216,235.9748,124.715754976486
91540870370,91541403909,533539,805.135196969697,225.688763636364,120.417071649697
91541536959,91541987116,450157,391.368167857143,243.039875,126.587034774643
91542020416,91542136997,116581,443.045275,240.9152625,123.3758384275
91542187182,91542336967,149785,443.41719,232.88176,127.113350365
91542370343,91542853603,483260,709.794646666667,234.96245,126.914905496667
91542887333,91543137040,249707,789.7741875,222.748975,121.142849613125
91543220332,91543453625,233293,504.636753333333,251.863886666667,127.960153695333
91543487086,91544836910,1349824,543.860736585366,244.765282926829,126.741795936098
91544870240,91545103557,233317,613.835833333333,260.52498,124.766940280667
91545136955,91545503578,366623,711.358543478261,288.8389,121.559312567826
91545536884,91545820186,283302,799.742122222222,259.644711111111,118.438272358333
91545853493,91546053536,200043,859.5617,224.496946153846,117.880037224615
91546153491,91547053379,899888,382.733081818182,255.531321818182,130.918073510727
91547253373,91547436785,183412,492.46635,274.613658333333,134.5900726575
91547936746,91548320072,383326,595.628475,243.2286125,132.21167473
91548353367,91548786751,433384,632.970025925926,218.910062962963,134.677299114074
91549120333,91549386727,266394,673.402805882353,227.570347058824,142.926073758824
91549470030,91550270022,799992,677.066369387755,247.206175510204,167.11634541551
91550303402,91550536611,233209,758.887113333333,257.900466666667,166.536152535333
91550619943,91552053107,1433164,807.98121954023,273.375444827586,165.283543352069
91552086625,91552969768,883143,850.281887037037,284.334140740741,153.164791570185
91553020081,91553219836,199755,479.8748,297.079715384615,162.289984330769
91553253128,91553403173,150045,372.3097,327.96331,163.614038956
91553469740,91553719804,250064,358.62234375,277.81846875,159.950456539375
91553753123,91554136375,383252,382.755183333333,323.9575375,161.567202100417
91554169770,91554286497,116727,388.250725,332.3628375,161.96538362875
91554403334,91555019941,616607,366.137352631579,287.443513157895,158.603881849737
91555052972,91555452998,400026,472.171096,262.50778,152.8635997776
91555486469,91555703167,216698,486.064478571429,328.88325,152.401603296429
91555769644,91555969626,199982,586.877753846154,254.516969230769,156.916639331538
91556003048,91556769631,766583,650.730438297872,274.37064893617,151.102175338085
91556803029,91557152870,349841,711.495422727273,294.872931818182,148.163204282273
91557236278,91557519747,283469,758.749166666667,295.045294444444,151.998675185556
91557552846,91557736251,183405,801.045,315.565041666667,157.328459979167
91557769650,91558186350,416700,893.535353846154,291.377838461538,151.166465963846
91558219570,91558402935,183365,877.4344,325.286708333333,149.140167308333
91558452867,91558686345,233478,430.813673333333,338.73416,151.738509352667
91558719573,91558869502,149929,379.17505,320.25307,148.018833157
91558952849,91559302911,350062,398.964363636364,327.84335,148.5069745
91559336151,91559552710,216559,427.553264285714,332.2631,152.448626369286
91559652732,91559936102,283370,518.15815,307.109922222222,149.660643832222
91559969495,91560286204,316709,503.86556,321.293825,148.4050487855
91560319576,91560736113,416537,521.065403846154,342.061980769231,141.721631393462
91560769382,91560986106,216724,713.364635714286,281.1011,136.633522201429
91561019446,91561386101,366655,562.193682608696,256.765434782609,142.231544878696
91561419450,91561619448,199998,694.118623076923,247.309661538462,146.227912658462
91561652759,91562019453,366694,795.3269,248.120443478261,148.788090882609
91562136100,91562602665,466565,605.346644827586,251.640248275862,163.445886742759
91562635999,91562936015,300016,600.824278947368,241.821178947368,167.573351802632
91563002666,91563419531,416865,688.443980769231,233.872876923077,163.523068915
91563452610,91563919300,466690,738.368903448276,257.553306896552,156.420627736552
91563952605,91564469267,516662,747.8765,271.34733125,154.1573669725
91564502799,91564802528,299729,709.063142105263,252.071342105263,150.884115723684
91564835912,91565135956,300044,827.8326,242.341821052632,148.570549595263
91565169259,91565285991,116732,872.0985875,233.9405375,148.74003236875
91565335910,91565669136,333226,388.414880952381,277.444785714286,152.583283988095
91565702673,91566086005,383332,507.873541666667,279.234108333333,151.963093421667
91566119253,91566335720,216467,579.442057142857,287.436057142857,150.565962099286
91566369131,91566852478,483347,762.150343333333,263.738543333333,149.518072121333
91566885874,91566985860,99986,867.7085,261.467428571429,149.065869297143
91567069138,91567252379,183241,388.814108333333,294.941983333333,157.666942634167
91567285827,91567535787,249960,373.9457625,329.7054625,156.880361965
91567569137,91567835758,266621,402.419088235294,326.682852941176,151.827891939412
91567869018,91568486254,617236,545.243955263158,297.743563157895,151.284585986053
91568519065,91568969014,449949,434.65795,278.094846428571,150.3898294325
91569002435,91569335639,333204,505.230233333333,296.549561904762,148.839465157143
91569385706,91569519107,133401,530.713177777778,300.759966666667,148.29133036
91569552230,91569769016,216786,595.5889,288.384814285714,145.453853223571
91569802299,91570102293,299994,696.306573684211,281.520889473684,142.9137885
91570135551,91570518968,383417,790.0045375,291.100591666667,137.26540909875
91570552235,91570802293,250058,868.34499375,282.15596875,135.9255566725
91570885716,91571102439,216723,383.91025,300.468742857143,142.456834545
91571135628,91571285585,149957,352.60918,359.90886,143.594159516
91571318943,91571585599,266656,447.868323529412,307.601070588235,144.509833707647
91571618954,91572335502,716548,555.670625,310.029479545455,144.743777259773
91572368878,91572768897,400019,662.116436,297.3176,141.1641157352
91572802151,91572968758,166607,576.424627272727,307.747790909091,142.412550808182
91573052109,91573768761,716652,672.919247727273,318.353831818182,139.920894852955
91573802229,91573952110,149881,746.28635,321.02401,141.366855564
91574035381,91574651999,616618,800.890934210526,324.602039473684,142.548205595526
91574685455,91574935409,249954,865.04983125,318.29615,139.53496786875
91574985538,91575151987,166449,439.368863636364,377.2086,143.694286468182
91575185455,91575485468,300013,398.548273684211,326.209652631579,145.147781588947
91575518818,91575951996,433178,529.393314814815,327.254092592593,144.225395021111
91575985419,91576102049,116630,582.4557625,323.2725,143.82188097375
91576135369,91576418696,283327,433.900294444444,311.003838888889,146.458038698889
91576452001,91576685330,233329,652.483206666667,292.427386666667,145.635420998
91576718727,91577035258,316531,753.15408,313.860655,146.8523013765
91577068641,91577335261,266620,848.883652941176,332.907217647059,144.756304050588
91577368631,91577485348,116717,419.02405,361.30785,157.73974800875
91577518681,91577685331,166650,395.681154545455,385.163709090909,155.460058976364
91577718694,91577935254,216560,488.655064285714,333.576835714286,150.646187342857
91577968906,91578218590,249684,571.5082625,344.377475,152.784472060625
91578251875,91578751850,499975,676.266922580645,367.304361290323,147.898358010323
91578786090,91579635135,849045,808.574898076923,365.941117307692,146.228567673269
91579668503,91579835135,166632,896.980436363636,338.242581818182,147.306907134545
91579868500,91580185231,316731,805.32981,356.025675,152.0472648615
91580218573,91580668383,449810,414.971617857143,360.256114285714,153.245337865357
91580701816,91581318481,616665,519.757,369.95215,148.146017385526
91581418668,91581868389,449721,706.363653571429,384.373717857143,147.920993738571
91581901929,91582318461,416532,854.360384615385,366.618726923077,144.515611430385
91582401857,91582568381,166524,385.307909090909,373.437336363636,149.610822177273
91582601684,91583001668,399984,447.43124,392.451552,146.4382316792
91583035031,91583618346,583315,557.755769444444,395.152983333333,142.323714398333
91583651610,91584301679,650069,636.896705,384.5340775,142.04452870575
91584334887,91585718205,1383318,747.073711904762,386.801192857143,135.973951391667
91585751487,91586018190,266703,837.109547058824,372.607452941176,127.804934099412
91586118203,91586218226,100023,704.041414285714,484.304057142857,139.080830028571
91586418205,91586618202,199997,442.572653846154,373.513961538462,131.241027810769
91586684889,91586818423,133534,406.534822222222,334.522522222222,115.012006758889
91587251391,91587351358,99967,428.557128571429,324.059757142857,119.783743547143
91587434760,91587801430,366670,410.255760869565,357.806795652174,133.311257439565
91587834770,91588018073,183303,658.611583333333,358.665458333333,130.566389001667
91588051367,91588584893,533526,766.185981818182,365.70296969697,129.746319820909
91588634762,91589268022,633260,749.686071794872,382.733146153846,128.57216374
91589301417,91589484930,183513,457.345666666667,383.1547,124.562473280833
91589518258,91589784727,266469,424.802747058824,337.462017647059,116.86234527
91589818080,91590284782,466702,461.866403448276,354.058606896552,120.59532121
91590484709,91590801296,316587,401.139095,336.08173,128.4009976275
91590834639,91590934662,100023,423.373528571429,421.871171428571,129.920811022857
91590967918,91591318197,350279,471.408863636364,436.839886363636,123.668929206364
91591351238,91591617952,266714,552.832394117647,422.611623529412,124.056930137647
91591751230,91591901454,150224,588.95472,402.30724,122.821072222
91591934506,91592067880,133374,571.643322222222,406.865511111111,126.724117506667
91592151114,91592467886,316772,522.980295,380.16358,116.5598974355
91592585716,91592834510,248794,545.84685,346.56695,84.968321575
91593417834,91593551115,133281,735.077466666667,295.260566666667,116.940851591111
91593584625,91593684485,99860,946.116685714286,278.121442857143,125.368394411429
91593751119,91593967784,216665,821.824478571429,344.526057142857,128.605533135
91594467761,91594567754,99993,706.9924,190.985385714286,123.060014628571
91595184473,91595401160,216687,626.089742857143,248.663607142857,141.593123499286
91595434401,91595850987,416586,759.630357692308,245.264623076923,147.040134023462
91595884493,91596084488,199995,859.724953846154,240.461553846154,139.935783481538
91596117704,91596284480,166776,443.542645454545,257.419327272727,147.334114565455
91596317702,91596567633,249931,368.807575,256.136675,147.225885940625
91596601148,91597087039,485891,486.69561,274.030076666667,144.916569315667
91597117687,91597367646,249959,345.8819875,262.97065,146.47379883875
91597401096,91598050872,649776,567.3162975,279.46429,149.5389763115
91598084391,91598317561,233170,685.492006666667,287.860106666667,147.744620956
91598350858,91598950849,599991,791.563081081081,286.054002702703,145.588440094324
91599085638,91599417593,331955,628.628904761905,301.147047619048,150.330183138571
91599450893,91599650760,199867,740.180353846154,293.648507692308,143.722904828462
91599684579,91599984210,299631,858.476384210526,286.565631578947,141.087510821053
91600017589,91600300904,283315,567.1123,307.016588888889,144.871788797222
91600334154,91600550738,216584,687.943457142857,296.512535714286,138.005028199286
91600586985,91600750739,163754,764.882436363636,285.842581818182,133.027724535455
91600900794,91601301183,400389,431.352752,302.569684,138.3434149764
91601367378,91601467384,100006,538.373014285714,299.103785714286,132.377665342857
91601650739,91601750723,99984,469.409071428571,273.170285714286,119.182740007143
91602917464,91603167268,249804,411.3262125,250.17355625,129.346131423125
91603200705,91603700726,500021,560.634948387097,291.477461290323,127.245590314516
91603733898,91604100698,366800,664.824252173913,290.323673913043,124.077831072174
91604133878,91604650507,516629,559.578096875,285.43849375,132.298218155937
91604800545,91604933900,133355,704.330866666667,314.028488888889,123.443093717778
91604967275,91605417441,450166,606.568514285714,318.438375,111.537187510357
91605450488,91605585800,135312,568.774366666667,279.384666666667,109.224118238889
91605617206,91605817213,200007,656.446192307692,277.009992307692,107.542953987692
91605850500,91606150516,300016,782.473657894737,269.861847368421,109.735551558421
91606183935,91606350505,166570,860.243363636364,261.606936363636,114.865596431818
91606384345,91606484817,100472,936.258905,379.565835,115.29505812
