"start","end","dur","x","y","pupil"
92591183207,92591291863,108656,620.6151,357.993571428571,108.632642207143
92591316515,92591716522,400007,624.523012,279.780968,109.830104284
92591966269,92592099773,133504,371.063711111111,146.386266666667,108.919472768889
92592649487,92592784191,134704,776.961333333333,115.336733333333,121.167898911111
92592866264,92592983003,116739,821.0903125,101.7521625,119.95253039875
92593083020,92593199716,116696,-2,-90.99965,121.51336925375
92593232912,92593399725,166813,611.225255555556,-78.9444,121.017980267778
92593899836,92594930813,1030977,-2,-91,5.40148170810811
92595147357,92595297459,150102,365.335688888889,240.4879,120.732314555556
92595347362,92595730645,383283,376.209085714286,204.07745,131.265158099286
92597230641,92598113975,883334,419.627066666667,276.900533333333,136.588149220238
92598163895,92598280902,117007,496.5074,284.5483625,127.70040200125
92598447092,92598583388,136296,435.873111111111,104.319255555556,121.043327087778
92598682621,92598980593,297972,498.653310526316,161.774426315789,126.004510324737
92599015651,92599463771,448120,581.165857142857,190.622653571429,125.508524468929
92599497179,92599763769,266590,678.461405882353,193.278952941176,124.049696675882
92599797201,92600087123,289922,711.714833333333,179.734061111111,121.545352456111
92600113834,92600447161,333327,458.829485714286,170.789566666667,121.735344071905
92600580584,92603454194,2873610,-2,-90.9996142857143,27.5835080278571
92603567274,92603884003,316729,737.43978,87.251725,119.4648930045
92604167255,92604367266,200011,352.1157,104.254683333333,127.827768981667
92604417588,92604517345,99757,401.237371428571,101.686357142857,127.215357412857
92604700665,92604800548,99883,453.192542857143,116.795057142857,120.140019847143
92605000641,92605200594,199953,590.394507692308,104.469592307692,125.803273080769
92605317190,92605500551,183361,662.319475,90.924625,117.7580908975
92606367134,92606517222,150088,489.17366,203.78948,117.42323255
92607650360,92607750372,100012,696.044257142857,-9.89775714285714,157.800850565714
92607783881,92607884515,100634,-2,-87.4503714285714,160.486295412857
92607983876,92608085693,101817,400.7077,125.565742857143,156.275468018571
92608333605,92608433657,100052,426.033142857143,154.214385714286,149.58555018
92608650373,92608783753,133380,456.599888888889,197.858544444444,141.929866004444
92608967011,92609300471,333460,374.075385714286,170.654547619048,150.266158665714
92609333657,92609450264,116607,416.009475,223.758625,154.02579539375
92609517100,92610166892,649792,485.327255,191.0868825,148.66367125925
92610202198,92610317095,114897,558.839925,187.022925,145.64082553125
92610350236,92611903407,1553171,-2,-91,70.829442574375
92612003270,92612103249,99979,880.934228571429,154.507428571429,127.282370408571
92612186538,92612286473,99935,394.853271428571,181.831042857143,140.127821747143
92612320076,92612503182,183106,361.257391666667,281.264183333333,141.737862985
92612536424,92612736419,199995,394.541176923077,229.324076923077,138.069440340769
92612836403,92613069774,233371,417.219913333333,113.445606666667,132.888014872
92613103136,92613319825,216689,550.066271428571,122.979028571429,131.873001009286
92613352991,92613519697,166706,354.143854545455,159.576072727273,130.035259184545
92613569641,92613687140,117499,-2,-91,131.73798623
92613719675,92613886487,166812,448.045509090909,208.574072727273,130.573288043636
92613919689,92614036387,116698,571.4636,204.5197125,131.22650515875
92614303043,92614419842,116799,395.90005,225.2575125,137.91926280125
92614452974,92615754793,1301819,-2,-91,80.5400706617073
92615867900,92616304811,436911,817.201133333333,182.513207407407,128.885207493704
92616654768,92616854727,199959,351.4864,281.483469230769,138.526469743077
92616888245,92617021421,133176,-2,-91,136.56802744
92617054754,92617288181,233427,376.72156,233.79014,135.012927236667
92617321432,92617438022,116590,435.2986125,193.5740625,134.5388909875
92617471437,92617671358,199921,446.124592307692,156.3482,137.155095863846
92617788082,92617904954,116872,535.9376,138.95355,138.51857122
92617988102,92618104962,116860,-2,-90.99995,136.73610608875
92618138089,92618604872,466783,582.026220689655,71.8761793103448,134.766988198621
92618688196,92619054622,366426,788.905113043478,220.321017391304,127.912682246087
92619088161,92619321298,233137,780.19678,233.48766,129.430055772667
92619390801,92619537972,147171,876.99523,230.40808,125.179513091
92619638016,92619921292,283276,367.616405555556,338.095655555556,130.923998603889
92619954659,92620171233,216574,464.184164285714,320.476707142857,129.072967093571
92620204662,92620404732,200070,536.487253846154,300.418792307692,129.427995603846
92620437924,92620721380,283456,668.912183333333,267.421344444444,127.614862635
92620771268,92620871268,1e+05,713.407014285714,203.826442857143,127.455016947143
92620904556,92621088259,183703,773.834941666667,176.670183333333,128.667474529167
92621154522,92621254495,99973,475.821142857143,203.607542857143,134.843494627143
92621454491,92621554502,100011,-2,-91,132.38634692
92621804698,92621904683,99985,770.859485714286,339.863828571429,129.25268179
92622688751,92628158262,5469511,-2,-91,0
92628314183,92628783990,469807,784.060631034483,211.429568965517,116.336814708621
92628814213,92628980843,166630,772.91,268.580127272727,122.400876410909
92629014291,92629130755,116464,918.97075,264.1858625,121.328882745
92629230779,92629397526,166747,454.040409090909,215.549172727273,127.359758477273
92629447356,92629564139,116783,431.21985,176.16675,127.93581396625
92629682099,92630083221,401122,399.16534,136.732236,135.8650974288
92630130743,92630347378,216635,813.806892857143,161.791371428571,126.022272043571
92630414252,92630564026,149774,329.67216,248.85599,116.552185603
92630830805,92630983628,152823,820.04382,57.75564,114.746424538
92631288031,92631571253,283222,337.198494444444,177.717094444444,113.752075676111
92631604792,92631737866,133074,403.739955555556,217.752688888889,118.697035962222
92631788392,92632054504,266112,746.8844,236.809029411765,122.602817315294
92632454533,92632571120,116587,813.59125,72.610175,119.87725911375
92632621222,92632754520,133298,918.589011111111,154.107311111111,122.739123747778
92633237733,92633421185,183452,914.48025,154.812116666667,118.876373406667
92633637761,92633771153,133392,643.802422222222,210.390233333333,115.191850885556
92634204517,92634454400,249883,901.78908125,219.62013125,118.70809887875
92634571137,92634690500,119363,441.61575,214.7372375,118.52358105625
92634954440,92635054401,99961,519.682657142857,227.284685714286,117.096582691429
92635237741,92635521073,283332,602.676127777778,266.418816666667,120.048643956111
92635554403,92635921050,366647,707.831291304348,222.881973913043,130.025686461304
92635954421,92636054390,99969,802.371971428571,221.7361,132.764834228571
92636088277,92636404444,316167,688.684545,300.93106,137.9991041795
92636437603,92636554284,116681,655.2578875,278.0999875,143.292994535
92636589851,92636970984,381133,727.0646875,275.8613625,136.94768831625
92637187724,92637354227,166503,751.097654545455,428.251754545455,139.733602329091
92637404460,92637504478,100018,721.072242857143,296.175671428571,138.861263134286
92637854226,92638137485,283259,902.003283333333,173.208016666667,130.44093409
92638170859,92638420938,250079,873.9830625,268.09806875,132.73876523625
92638487648,92638737474,249826,374.03795625,310.98161875,140.5353935875
92638971230,92639170894,199664,434.212623076923,296.979953846154,136.392426872308
92639204356,92639487676,283320,534.439372222222,220.1266,130.052934562778
92639520920,92639620932,100012,538.303114285714,203.666342857143,131.399413875714
92639654131,92639970746,316615,492.944485,300.157865,131.9144253375
92640287587,92640387571,99984,647.863857142857,276.248985714286,129.975578927143
92640421073,92640537491,116418,708.557275,206.248,134.71938483125
92640570740,92640820846,250106,735.21301875,179.10916875,134.292922491875
92640854099,92641137368,283269,666.867938888889,286.316005555556,130.04223097
92641204450,92641320794,116344,727.460925,286.762925,128.07311119375
92641654031,92641870753,216722,745.355114285714,254.06495,117.784615786429
92641904244,92642137412,233168,724.259673333333,259.90924,92.4218892926667
92642170764,92642270609,99845,790.312457142857,273.442457142857,122.812344628571
92642404057,92642737429,333372,817.436638095238,597.323819047619,124.342138766667
92642770612,92643004232,233620,789.242606666667,591.60304,129.569071580667
92643037225,92643170675,133450,811.382955555556,556.954366666667,125.323003004444
92643287375,92643537238,249863,858.51705625,283.5253625,122.684018505625
92643570809,92643670596,99787,895.5373,194.486542857143,124.784349034286
92643870605,92644253913,383308,395.257625,314.373733333333,132.613540647917
92644337232,92644853876,516644,416.62559375,325.29256875,130.726414635625
92644887392,92645003917,116525,717.3757125,312.0575875,125.11819320625
92645037284,92645153915,116631,530.769775,282.9571125,129.1573091375
92645189339,92645720586,531247,525.289806060606,315.247009090909,128.330058860909
92645820555,92646387232,566677,521.178891428571,311.789762857143,126.857958221714
92646420715,92646853738,433023,484.313414814815,319.961111111111,127.137910443704
92646887241,92647553788,666547,555.670492682927,318.420409756098,127.162096104878
92647587145,92648237034,649889,660.091715,314.60185,124.20711529725
92648270398,92648737031,466633,769.602465517241,310.717444827586,123.143609633448
92648770399,92649137037,366638,860.763986956522,314.629930434783,125.960413921304
92649270400,92649920309,649909,838.8598125,299.8147575,129.107254974
92649953651,92650320670,367019,870.606226086957,313.534017391304,127.638929118696
92650403694,92651020341,616647,394.229723684211,318.986626315789,128.339469981579
92651053626,92651336887,283261,482.038622222222,339.272116666667,121.584932722778
92651370260,92651636901,266641,553.427494117647,338.836258823529,125.529904195882
92651770245,92651903736,133491,657.187166666667,319.692011111111,125.004013908889
92652053532,92652470155,416623,695.459411538461,329.962011538462,125.812405961923
92652503565,92652603559,99994,771.836814285714,314.909928571429,119.124917142857
92652786983,92652953506,166523,788.581127272727,306.024854545455,127.399607377273
92652986976,92653170166,183190,892.406616666667,308.872475,126.347132006667
92653270151,92653720191,450040,384.377192857143,339.473075,133.022606534643
92653753492,92653970147,216655,471.038392857143,359.18865,130.163299109286
92654003562,92654236801,233239,446.425386666667,293.48182,135.859855114
92654270158,92654570152,299994,468.544710526316,344.257378947368,130.038474492632
92654603432,92655253387,649955,689.1606625,332.381875,135.53556796825
92655286839,92655570013,283174,801.533188888889,334.332483333333,128.315031137222
92655603549,92655936691,333142,840.617025,325.8027,129.03985654
92656053369,92656353232,299863,717.465484210526,320.620815789474,138.132072561579
92656386709,92656753249,366540,858.642852173913,320.806004347826,126.107186699565
92656853235,92657053246,200011,381.929415384615,346.552846153846,134.459453711538
92657086738,92657186743,100005,317.670957142857,274.173071428571,133.897807641429
92657219961,92657603311,383350,415.231695833333,340.728033333333,127.756284279583
92657636656,92657869889,233233,553.68822,345.641233333333,129.826074565333
92657903401,92658086641,183240,519.377683333333,342.352533333333,135.187580395833
92658119973,92658286621,166648,710.552772727273,342.311354545455,137.688166256364
92658319978,92659236477,916499,537.5103,341.500533928571,133.277815388571
92659269871,92659503391,233520,661.80846,316.15384,126.131101226667
92660386617,92660753127,366510,365.546652173913,258.1973,126.617119013913
92661136365,92661319800,183435,615.876258333333,180.323983333333,141.173326275833
92661519824,92661686485,166661,521.54139,319.95183,145.64847705
92661736387,92661903142,166755,595.27751,315.46481,160.85636482
92662003279,92662436416,433137,765.749518518518,306.490903703704,165.051520745556
92662769615,92667694448,4924833,-2,-91,0
92667924295,92668276003,351708,587.598313636364,368.122018181818,140.320064150455
92668924336,92669057530,133194,817.935977777778,301.1559,136.79370848
92669240724,92669340756,100032,756.625428571429,484.275642857143,137.811981612857
92669540751,92669657538,116787,915.815625,185.900175,126.94313631
92669840736,92670107641,266905,273.079811764706,219.495394117647,143.944606987059
92670140759,92670493762,353003,371.413704545455,245.186881818182,140.298253894545
92670791760,92671007716,215956,653.7655,402.078671428571,141.701782999286
92671040743,92671582950,542207,537.398833333333,378.433060606061,144.63330583
92671607677,92671807593,199916,485.389238461538,376.609046153846,144.774946640769
92671840617,92672124063,283446,611.2451,378.463077777778,144.237616492778
92672157410,92672474283,316873,699.044275,377.840605,145.25534869
92672594126,92673293820,699694,679.900293023256,384.543739534884,142.578800250233
92673323936,92674457291,1133355,782.906598550725,374.840431884058,134.228863648696
92674490648,92674957293,466645,702.098510344828,380.306065517241,138.480423314828
92674990581,92675392632,402051,882.88368,368.477924,132.4684924412
92675490620,92676257157,766537,384.810323404255,388.127719148936,138.446657375957
92676290675,92676823840,533165,451.917209090909,381.729754545455,135.297872760303
92676857111,92677183091,325980,568.452715,383.17104,135.666729359
92677207310,92677590720,383410,676.49865,381.346616666667,136.495848684167
92677623808,92677982480,358672,892.940359090909,350.481177272727,128.718909591818
92678057023,92678423690,366667,699.990160869565,387.095847826087,139.734681505652
92678704949,92679041755,336806,547.152161904762,394.236561904762,136.774394497143
92679075125,92679325173,250048,652.23689375,388.09510625,137.19038386125
92679358534,92679682353,323819,747.04287,382.469185,131.732534684
92679708677,92680483196,774519,801.537527659574,369.327961702128,130.01677065383
92680593073,92681225035,631962,834.288820512821,370.710176923077,132.116414264359
92681341746,92681693043,351297,552.862972727273,386.750181818182,139.590528122273
92681999475,92682265623,266148,669.391129411765,387.234605882353,125.773698444706
92682298931,92682398930,99999,770.624285714286,387.207742857143,116.362400752857
92682498944,92682598939,99995,580.006642857143,266.162557142857,114.325881084286
92682984364,92683086707,102343,759.257314285714,385.966771428571,111.644610171429
92683115583,92683215830,100247,779.549857142857,414.396785714286,84.5101678457143
92683248887,92683348859,99972,738.767157142857,428.656585714286,112.344710205714
92683583659,92683715629,131970,983.2089,424.701444444444,139.259049734444
92683748857,92683932146,183289,962.9714,436.648491666667,110.231661993333
92684182261,92684383518,201257,560.694292307692,382.172584615385,152.490685338462
92684698994,92684865522,166528,539.883663636364,377.319045454545,158.220000194545
92684898893,92685183024,284131,605.205255555556,384.336433333333,155.246302188889
92685215442,92685515470,300028,444.159994736842,399.891231578947,154.403261857895
92685548746,92686015456,466710,380.579220689655,389.698068965517,147.411121085517
92686115469,92686432053,316584,451.707485,225.469415,145.450911175
92686598723,92686832053,233330,527.831406666667,285.547286666667,138.292839964
92686915686,92687015482,99796,681.938214285714,239.930985714286,132.423921735714
92687048655,92687148628,99973,702.613342857143,212.982985714286,131.992473067143
92687383345,92687515373,132028,862.584855555556,161.004566666667,134.198662546667
92687615335,92688015368,400033,888.856684,150.726796,135.4515032472
92688115339,92688415567,300228,379.983805263158,202.872026315789,139.461625232105
92688448624,92688783527,334903,466.953085714286,231.340771428571,135.796552382857
92688965285,92689098727,133442,501.712844444444,117.090588888889,128.674517288889
92689382815,92689898770,515955,775.89665,202.006025,126.69918515125
92689965160,92690331904,366744,604.484773913043,206.567117391304,129.435354426087
92690515225,92690631873,116648,505.7478,274.4940375,127.8467546675
92690665148,92690831774,166626,703.120972727273,264.015127272727,129.899774975455
92690865142,92690983690,118548,786.071175,125.3860875,129.06765054375
92691015196,92691265175,249979,804.5999,160.07244375,129.57770840875
92691298572,92691448539,149967,502.83764,202.89195,133.675438555
92691481917,92691631754,149837,455.08976,204.29197,134.819604223
92691665140,92692098551,433411,832.731211111111,199.240637037037,131.079602607778
92692131769,92692315425,183656,868.9453,191.705608333333,128.638164754167
92692398459,92692548361,149902,429.63794,237.88224,130.13242876
92694498325,92694831693,333368,-2,-91,0.5
92694865244,92694998645,133401,654.195411111111,111.552055555556,122.219763408889
92695031643,92695285267,253624,604.5999875,151.01535,120.94208354625
92695314957,92695431662,116705,666.972125,162.995775,123.77004691125
92695464925,92695698339,233414,876.439273333333,294.280033333333,116.039673864667
92695731535,92696048260,316725,884.52025,225.79896,130.029214795
92696083395,92696248254,164859,911.842536363636,309.343181818182,122.566790438182
92696284173,92696385083,100910,908.917028571429,334.831057142857,120.282937905714
92696415189,92696515029,99840,942.970281818182,383.348863636364,120.667601174286
