"start","end","dur","x","y","pupil"
8938866528,8939066442,199914,554.352369230769,284.0484,155.479712605385
8939083163,8939283152,199989,555.5792,223.963923076923,154.508642161538
8939316460,8939450053,133593,466.293977777778,141.571755555556,160.914952105556
8939483116,8939899676,416560,357.906107692308,133.406592307692,153.169707711538
8939933088,8940216427,283339,401.553155555556,101.113038888889,149.514960571111
8940249784,8940566600,316816,500.713755,102.246245,147.258322204
8940599722,8941076364,476642,652.461579310345,90.4814275862069,152.696770168966
8941099692,8941299682,199990,717.244092307692,69.5398923076923,157.887359143846
8941332929,8941883288,550359,360.436205882353,166.868682352941,161.674001214706
8941966388,8942333006,366618,384.014404347826,151.60187826087,153.104386426087
8942366504,8942899543,533039,479.519803030303,164.423806060606,149.740279258788
8942932929,8943516173,583244,577.068883333333,154.105602777778,148.354976793056
8943549748,8944083122,533374,663.48453030303,147.736978787879,147.726583600909
8944116177,8944632797,516620,798.6369125,140.055121875,147.112492512813
8944666362,8945082885,416523,885.211515384615,125.472176923077,142.526405535385
8945132798,8945249505,116707,358.1611375,177.8341625,153.43909591875
8945282876,8945749520,466644,332.613448275862,181.550193103448,148.935907536552
8945782953,8946099486,316533,383.517345,165.10913,147.2004142135
8946132815,8946466397,333582,447.93349047619,172.126647619048,146.740108389048
8946499471,8946632706,133235,514.829033333333,183.269088888889,145.960502647778
8946666247,8947149435,483188,567.017633333333,179.34482,144.392878016667
8947182780,8948382755,1199975,700.891401369863,164.790880821918,143.966013760548
8948415958,8948915997,500039,809.441980645161,159.46955483871,146.389010488065
8948949469,8949149309,199840,871.899415384615,135.157815384615,141.709212563077
8949215971,8949915950,699979,361.458339534884,192.178369767442,143.782793941163
8949949324,8950382621,433297,464.582392592593,196.853611111111,136.758725478148
8950415995,8950915827,499832,555.985151612903,194.782796774194,138.695130657097
8950949287,8951765885,816598,639.333214,182.089604,137.562650888
8951799247,8952049171,249924,720.36034375,170.23634375,138.67057591125
8952082542,8952466143,383601,810.357079166667,162.232158333333,136.37968593375
8952499054,8953115728,616674,879.098242105263,157.262523684211,131.348375181053
8953149272,8953365772,216500,744.215364285714,158.198621428571,134.472658718571
8953399050,8953650231,251181,881.2199375,170.53901875,130.634354986875
8953699055,8954249192,550137,350.925779411765,204.806682352941,134.788949286176
8954315725,8954765946,450221,803.635985714286,164.970178571429,126.9278495525
8954798956,8955265882,466926,872.026482758621,155.870496551724,130.117234518276
8955298968,8955515569,216601,710.620028571429,179.573364285714,136.896753042857
8955549028,8955915553,366525,900.067865217391,162.172565217391,137.903720607826
8955949050,8956132372,183322,734.869666666667,194.707316666667,149.090997000833
8956165621,8956315589,149968,521.38785,200.76523,151.319168834
8956349055,8956898947,549892,335.289679411765,226.079829411765,149.355319676176
8956949251,8957315563,366312,801.397686956522,191.705073913043,141.887114921739
8957348957,8957865560,516603,866.436875,175.5163,145.35770648875
8957932229,8958482274,550045,352.725991176471,217.539944117647,147.4254848
8958515428,8958648986,133558,397.306044444444,220.535088888889,135.11885833
8958748934,8959115479,366545,465.760860869565,209.850569565217,137.309343848261
8959148996,8959815416,666420,541.910078048781,208.83957804878,126.59062741561
8960032110,8960198744,166634,613.329027272727,202.070254545455,135.611669062727
8960232086,8961148819,916733,597.527523214286,206.195408928571,131.353575602321
8961182152,8961748865,566713,688.761545714286,194.756562857143,133.542148206
8961782053,8962231964,449911,767.042346428571,185.066310714286,135.977118085357
8962265381,8962665601,400220,811.266428,182.8324,141.4997881556
8962698572,8962965453,266881,864.141670588235,182.254005882353,143.041437762941
8962998578,8963398581,400003,630.010284,193.569708,151.408692922
8963532594,8963731839,199245,863.749069230769,185.044376923077,148.366660769231
8963798631,8964581886,783255,376.012083333333,232.44613125,145.913679081875
8964615176,8965198490,583314,484.876447222222,235.260686111111,139.397322905833
8965231840,8965498465,266625,547.474688235294,233.652276470588,137.964094183529
8965531868,8965831840,299972,466.700847368421,233.788242105263,138.410390776316
8965865129,8966365233,500104,570.073322580645,231.1916,137.444951136129
8966398455,8966681753,283298,670.658255555556,213.839844444444,132.903086880556
8966831711,8967098347,266636,741.744829411765,197.954411764706,126.491497598235
8967131722,8967431710,299988,842.152121052632,198.871394736842,122.959601422632
8967465238,8967565144,99906,877.357014285714,188.203871428571,123.487971015714
8967631711,8967865190,233479,319.156713333333,241.447246666667,128.040514264
8967898351,8968298378,400027,383.517888,250.295768,123.18662664
8968365014,8968648486,283472,475.433477777778,236.649722222222,128.763426433889
8968681752,8969065187,383435,533.8767375,241.4357875,129.270726930417
8969098345,8969265203,166858,604.452963636364,236.315409090909,126.474536899091
8969298327,8970114950,816623,681.293884,219.500026,132.4226884256
8970148305,8970498214,349909,741.657077272727,225.083304545455,142.475837274545
8970531618,8970781674,250056,840.219475,219.06740625,143.2032054925
8970831593,8971014829,183236,317.288941666667,239.473166666667,146.254148643333
8971048296,8971214809,166513,307.808136363636,237.677190909091,139.137178499091
8971248199,8971414830,166631,350.0642,214.987154545455,135.187222405455
8971448313,8971764879,316566,431.322295,248.545445,134.4644356395
8971798245,8971981744,183499,495.540116666667,237.571233333333,133.5730049575
8972014858,8972364876,350018,575.512463636364,248.484054545455,134.820675317727
8972398074,8972981527,583453,654.465552777778,252.809227777778,134.678669034167
8973014683,8973348217,333534,741.824014285714,245.522876190476,136.429131905714
8973381538,8973764882,383344,831.1391125,229.79355,133.071716237917
8973831362,8974048089,216727,341.077657142857,262.925128571429,137.478117892143
8974081402,8974614694,533292,327.906915151515,276.288815151515,129.484652604242
8974648141,8975064860,416719,449.646446153846,288.3788,130.799897043462
8975197959,8975548072,350113,544.955381818182,276.154259090909,131.576917821364
8975581406,8975848102,266696,608.298141176471,251.859741176471,135.41365143
8975881542,8976314561,433019,672.603492592593,264.825511111111,132.57144215963
8976348059,8976631209,283150,730.755316666667,253.849133333333,136.28401972
8976664738,8977797832,1133094,792.028669565217,262.435692753623,136.979802663188
8977831189,8978447932,616743,857.426326315789,240.483355263158,136.346115576316
8978481298,8978831049,349751,717.278786363636,254.9861,141.512186737727
8978864693,8979147831,283138,848.967994444444,232.062761111111,136.847787756111
8979214475,8979814480,600005,340.000627027027,299.672864864865,136.962265491351
8979847915,8980414350,566435,433.54256,307.753305714286,129.057718404
8980447806,8980647866,200060,518.4123,275.263838461538,131.168608475385
8980681134,8981230975,549841,600.877414705882,291.584126470588,132.329590910588
8981264640,8982114322,849682,715.526073076923,289.107282692308,130.522547143462
8982147716,8982781016,633300,791.185387179487,281.442135897436,129.788488206667
8982814399,8982930952,116553,866.8963375,278.979025,132.6933409625
8982997565,8983347748,350183,331.658904545455,320.209686363636,139.196219622727
8983381012,8983897563,516551,364.2159,325.48616875,130.124541275938
8983930820,8984047743,116923,454.562975,314.01825,128.2734571675
8984180900,8984830837,649937,459.6941275,293.132585,129.00697964675
8984864260,8985214216,349956,544.073927272727,309.781127272727,124.715460819545
8985247600,8985581122,333522,637.418204761905,301.78879047619,126.121093394286
8985614077,8985980923,366846,722.829734782609,300.348547826087,130.171284757826
8986014078,8986364134,350056,787.452031818182,356.374163636364,132.151955853182
8986397470,8986897456,499986,850.769806451613,318.508364516129,130.654973128065
8986964335,8987664137,699802,340.965734883721,345.991165116279,134.887349163023
8987697371,8988530724,833353,446.842635294118,335.866929411765,130.824809283922
8988564583,8988964105,399522,530.677568,333.081856,132.7421120152
8988997334,8989613952,616618,622.653521052632,326.096076315789,132.949737435526
8989647307,8990164002,516695,737.12400625,322.419875,136.349437471563
8990197240,8990913856,716616,790.035538636364,316.732093181818,140.825978779091
8990947388,8991497196,549808,815.104067647059,316.259155882353,145.085518007647
8991530447,8992513820,983373,748.181666666667,327.014393333333,143.486643118167
8992547232,8993997086,1449854,829.944931818182,315.355961363636,136.5192613775
8994063772,8994463964,400192,328.572608,359.405556,137.5694083368
8994513701,8994930347,416646,747.105492307692,328.870042307692,125.704341055385
8994963878,8995280405,316527,851.6306,309.81991,130.261142791
8995363627,8995780660,417033,318.860680769231,350.278938461538,138.720921462308
8995813556,8995980433,166877,316.125136363636,368.514272727273,135.030856041818
8996013589,8996247094,233505,645.717526666667,342.568446666667,137.409551373333
8996280564,8996547104,266540,586.751547058824,334.3991,144.156481326471
8996580282,8996913581,333299,502.944552380952,338.902123809524,145.842042142857
8996946959,8997130225,183266,339.488258333333,357.016891666667,145.0058715025
8997163734,8997330224,166490,290.093,400.194,140.498297062727
8997363663,8997531317,167654,395.6744,353.308118181818,147.737075481818
8997646956,8997763546,116590,451.9034125,343.2282875,132.105311045
8997796873,8998163507,366634,449.328239130435,359.243395652174,137.453933082609
8998196869,8998296863,99994,562.3419,349.990457142857,146.46894945
8998446940,8998563605,116665,595.8087375,343.361175,128.81045731125
8998596849,8999013464,416615,640.757546153846,345.90825,127.936660839615
8999046995,8999180143,133148,698.987833333333,339.448911111111,123.416245695556
8999213464,8999580457,366993,861.368760869565,352.978808695652,121.770208362174
