"start","end","dur","x","y","pupil"
346090912431,346091012015,99584,627.896828571429,335.837585714286,190.186178954286
346091045506,346091264419,218913,635.437978571429,160.663257142857,185.951524632857
346091295267,346091478631,183364,511.047033333333,52.460725,180.167562278333
346091511846,346092011833,499987,396.354041935484,109.527441935484,184.847463546452
346092045200,346092228409,183209,380.606883333333,143.364975,192.325112345833
346092395387,346092664348,268961,464.754182352941,138.906235294118,195.794874531765
346092695099,346093028704,333605,524.254519047619,106.439038095238,187.061764703333
346093062147,346093178468,116321,586.5357875,108.4843625,183.32206136875
346093211829,346093465501,253672,580.94059375,80.31965,180.015961269375
346093645060,346093961836,316776,594.900435,123.17393,181.9407345955
346093995342,346094128404,133062,678.395433333333,101.2425,174.204586715556
346094164114,346094265487,101373,712.507428571429,87.9670142857143,172.66920684
346094295365,346094445071,149706,531.77246,98.48532,170.436823828
346094478724,346094678368,199644,422.636753846154,-2.03942307692308,174.425655858462
346094711695,346094878343,166648,563.866645454546,1.98115454545455,173.371133223636
346095128272,346095278376,150104,399.81741,17.17297,172.002762035
346095328265,346095494995,166730,715.646545454545,-68.0381727272727,177.077233272727
346095761798,346095945127,183329,702.753541666667,-32.9218583333333,179.282244334167
346096128254,346096328288,200034,877.739907692308,-53.6634769230769,173.327862976154
346096444940,346096678373,233433,386.335213333333,9.61468666666667,184.092132093333
346096728299,346096828128,99829,462.092442857143,37.5822285714286,191.188777188571
346096864733,346097028144,163411,450.117845454545,59.2338454545455,189.277520781818
346097065145,346097278251,213106,389.263721428571,118.972578571429,190.410529778571
346097311534,346097578235,266701,487.298323529412,114.911405882353,194.64270846
346097711611,346097928172,216561,535.543285714286,127.00385,193.090943505
346097961699,346098064577,102878,603.331314285714,112.444157142857,189.761009958571
346098094999,346098395003,300004,670.144778947368,83.0964842105263,184.858520002105
346098428178,346098628163,199985,757.591830769231,71.5224538461539,177.557340310769
346098763687,346098861764,98077,729.649985714286,105.073371428571,181.736666905714
346098895010,346099144813,249803,567.1352875,101.02580625,182.424615040625
346099178269,346099494922,316653,477.36702,100.49672,181.8263945165
346099528037,346100194721,666684,773.722758536585,83.3663195121951,180.694549176341
346100344685,346100611457,266772,711.061476470588,56.1314235294118,190.142325276471
346100811392,346101065040,253648,798.4410625,47.3591,185.119016524375
346101111305,346101311308,200003,828.316007692308,47.8370769230769,175.309636836154
346101464653,346102094866,630213,866.66167948718,60.0603512820513,174.467803101538
346102211322,346102395026,183704,928.489191666667,60.8929833333333,176.683942085
346102444666,346102566480,121814,351.5616125,93.7775625,180.5042308025
346102594636,346102763653,169017,368.298509090909,115.977763636364,184.642932818182
346102794676,346103027932,233256,459.774993333333,90.3397,194.190851639333
346103061399,346103494753,433354,383.301922222222,117.414322222222,177.168528310741
346103744553,346103927941,183388,436.398283333333,156.277458333333,190.67874768
346103961312,346104477878,516566,553.454278125,114.7702375,181.06986583625
346104511211,346104665908,154697,612.18907,69.13409,178.714844236
346104694631,346104811178,116547,425.529175,99.65015,179.8606607925
346104844565,346105027794,183229,431.733133333333,151.049916666667,184.9813943225
346105166901,346105494479,327578,475.962876190476,125.0135,194.515476597619
346105627758,346105794735,166977,517.688390909091,100.016781818182,184.124594856364
346105827754,346106044441,216687,541.649235714286,113.696285714286,183.18572408
346106161321,346106577861,416540,615.894757692308,139.446973076923,183.570155942308
346106611086,346106711075,99989,685.204742857143,108.136042857143,180.854440377143
346106744437,346106894680,150243,775.38201,78.66073,170.74115724
346106977773,346107111055,133282,747.063988888889,113.488433333333,178.715659023333
346107177719,346107427639,249920,837.9619125,94.05625625,170.1589712925
346107464080,346107861191,397111,900.069944,72.426032,177.250013666
346107977741,346108167162,189421,323.12645,167.010375,182.384032545
346108377761,346108544304,166543,902.383290909091,52.1477545454545,174.81642187
346108610928,346108827639,216711,876.44655,72.4989428571429,172.406931664286
346108910944,346109010916,99972,827.456342857143,62.7466,180.197574975714
346109127632,346109294372,166740,525.043363636364,80.8391636363636,190.355187836364
346109327515,346109510889,183374,439.728533333333,118.087608333333,191.8234176725
346109544303,346109864767,320464,388.41975,131.129045,182.7863188175
346109910904,346110027553,116649,730.420325,83.3237875,189.84753180125
346110065114,346110277601,212487,448.746085714286,133.46465,192.138570937143
346110310931,346110677638,366707,430.510669565217,147.940769565217,189.306108461304
346110827515,346110927521,100006,659.462257142857,168.745757142857,193.03519136
346111010815,346111111152,100337,659.358214285714,53.3760285714286,194.496101172857
346111160885,346111311165,150280,670.49729,86.37909,193.598938555
346111427517,346111594250,166733,774.8653,92.6510636363636,186.286845929091
346111627520,346111727522,100002,818.899214285714,73.0402,179.79333457
346111927420,346112294460,367040,906.757726086956,101.964534782609,173.169015166087
346112344175,346112594241,250066,384.8269,146.344725,170.81315723875
346112627413,346112794134,166721,352.598372727273,149.646681818182,166.786342006364
346112827400,346112994138,166738,434.396427272727,143.448736363636,175.144473198182
346113110816,346113327407,216591,497.716114285714,175.414607142857,177.021813534286
346113362515,346113727401,364886,492.724904347826,174.502760869565,178.502963111739
346113764636,346113994323,229687,599.835233333333,158.05142,175.274329037333
346114168170,346114310721,142551,640.80874,137.81729,176.241472889
346114344064,346114710696,366632,612.277947826087,114.948204347826,178.53799152087
346114744061,346115093996,349935,724.825272727273,94.1470727272727,181.26159499
346115127270,346115365542,238272,793.773693333333,85.6314733333333,177.45451291
346115393995,346115710706,316711,882.822785,68.67977,176.394888277
346115943940,346116227277,283337,372.481016666667,154.404477777778,182.223040242778
346116343942,346116510606,166664,386.582909090909,181.203163636364,188.976128633636
346116543945,346116864652,320707,488.695365,169.655465,189.492781279
346116894041,346117364547,470506,576.438024137931,172.257448275862,181.666105543103
346117677210,346118077151,399941,714.378254166667,124.517116666667,184.453270646667
346118094097,346118194096,99999,769.2015,132.540285714286,168.335822482857
346118227152,346118677172,450020,831.291389285714,151.965582142857,162.8454329275
346118710443,346118960559,250116,878.13683125,119.5524125,166.69146164125
346118993891,346119277115,283224,929.226216666667,39.7765833333333,173.842296295
346119377119,346119610439,233320,313.952806666667,141.533,175.370629572
346119643807,346119877106,233299,457.59964,155.56056,184.233780407333
346119910485,346120110437,199952,454.982730769231,112.263153846154,171.433398132308
346120143698,346120310399,166701,510.623636363636,117.736663636364,184.243036418182
346120343686,346120593753,250067,501.167,158.72245,183.83917547
346120627025,346120943690,316665,555.746645,160.402215,180.663140699
346120977242,346121193958,216716,619.094321428571,165.603621428571,183.727770937143
346121227024,346121443688,216664,723.399521428571,148.568142857143,180.692938983571
346121477038,346121777387,300349,835.899231578947,152.236031578947,165.316367017895
346121810335,346121926958,116623,841.4850875,168.790025,162.37739126625
346122610321,346122765709,155388,939.55235,126.77824,174.119971809
346122810323,346122993794,183471,399.581575,214.655958333333,172.255963765
346123026896,346123260396,233500,346.972586666667,241.370873333333,165.786497912
346123293653,346123777013,483360,447.834256666667,202.39355,179.606604972667
346123810204,346124010207,200003,514.772492307692,198.126815384615,185.247436716923
346124365441,346124726789,361348,693.285452173913,189.859826086957,184.659779663043
346124763683,346125126764,363081,582.289730434783,170.3832,175.421112663043
346125160393,346125264313,103920,557.560314285714,208.291557142857,181.719379874286
346125510191,346125626772,116581,707.3922625,195.70605,181.44010704
346126126760,346126576845,450085,830.892007142857,185.411285714286,168.143901343929
346126610069,346126810060,199991,878.347507692308,171.876792307692,151.265452696154
346126876727,346127143462,266735,797.462523529412,183.290817647059,164.818884882353
346127177444,346127343444,166000,794.654045454545,179.153954545455,167.563497055455
346127376766,346127776744,399978,850.076,163.066888,165.0998637188
346127810093,346128643315,833222,861.603423529412,165.669511764706,162.908806313529
346128676737,346128963834,287097,911.736688888889,154.8318,162.040628501667
346129026658,346129143312,116654,445.048275,249.9492375,175.48652283375
346129176721,346129509948,333227,374.226476190476,239.401628571429,167.738509128571
346129543315,346129776645,233330,350.66636,228.596413333333,175.54814767
346129809937,346130093380,283443,405.908144444444,249.8159,185.630606228889
346130143297,346130276592,133295,434.9349,208.213522222222,191.355394156667
346130309958,346130576586,266628,512.164029411765,167.431252941176,198.563770148235
346130609959,346131009818,399859,567.530928,204.704452,190.7591970092
346131093474,346131465668,372194,684.167304347826,212.635408695652,187.019501918696
346131493256,346131709990,216734,779.605914285714,185.696214285714,182.995455042857
346131743194,346131843197,100003,763.687342857143,214.574542857143,181.400973675714
346131965813,346132265392,299579,775.929978947368,216.3252,184.0145414
346132293376,346132543196,249820,677.97718125,230.5491,192.36081294
346132576494,346132743052,166558,566.047054545455,211.120590909091,191.1190341
346132776697,346132876466,99769,469.543928571429,205.195728571429,183.265809565714
346132909860,346133076489,166629,362.347890909091,226.006745454545,178.045997660909
346133126387,346133493133,366746,921.939704347826,140.132213043478,189.25822753087
346133526423,346133693129,166706,795.215072727273,206.2494,194.164501007273
346133726435,346134065393,338958,860.7268,166.658738095238,196.095863643333
346134093366,346134209728,116362,931.96255,167.1439,199.416127005
346134243073,346134476370,233297,748.416873333333,243.453626666667,201.664856296
346134509701,346134926283,416582,666.968585,274.463665,199.193054842
346134959883,346135209701,249818,739.57764375,282.29911875,184.596627313125
346135443147,346135892998,449851,830.923675,291.479525,169.829094204643
346135926297,346136493227,566930,890.159317142857,271.980122857143,157.537095494571
346136576250,346136726280,150030,384.27271,319.15292,160.933568181
346136765152,346136942927,177775,333.152183333333,324.386383333333,164.490167629167
346137209605,346137342942,133337,334.797311111111,329.717388888889,168.217876417778
346137376240,346137676219,299979,384.124178947368,316.459905263158,165.121649523684
346137709606,346137862528,152922,416.45986,320.99506,166.636757847
346137893021,346138276243,383222,378.679358333333,335.025345833333,168.263176368333
346138542815,346138664048,121233,481.4340875,292.5415375,173.27882728875
346138692977,346138909454,216477,477.544964285714,287.034585714286,176.849738717143
346138992901,346139159526,166625,592.781909090909,271.388263636364,180.098629051818
346139362277,346139493111,130834,651.2436,270.991922222222,179.280137073333
346139526047,346139742816,216769,731.232564285714,262.116128571429,179.424496203571
346139864126,346140093111,228985,804.88146,269.19388,172.388984941333
346140426041,346140609447,183406,884.984375,252.67045,166.8900148675
346140926043,346141063883,137840,909.4482,236.323655555556,155.614609751111
346141092763,346141276118,183355,706.021591666667,288.246633333333,168.195749694167
346141309299,346141476436,167137,778.250381818182,262.134727272727,169.788379004545
346141509316,346141677567,168251,823.042854545455,252.076918181818,168.959599878182
346141709363,346141963840,254477,883.77814375,261.674275,169.00501092875
346141992870,346142175997,183127,930.8177,248.3997,170.867445743333
346142209363,346142477324,267961,684.669535294118,288.767982352941,179.380268755882
346142525909,346142725919,200010,405.091284615385,302.100107692308,176.79145499
346142759416,346142865123,105707,367.418971428571,336.030028571429,172.479389711429
346143109327,346143225943,116616,437.0979875,358.1112875,169.6694041375
346143392757,346143842575,449818,574.397025,306.936507142857,171.532958110357
346143964205,346144059487,95282,701.693885714286,329.498114285714,173.336915577143
346144092704,346144242574,149870,704.0257,300.15964,171.606642725
346144275870,346144692984,417114,766.505803846154,301.815915384615,167.26922485
346144725765,346144825773,100008,839.655057142857,274.016657142857,162.067818342857
346145025797,346145275855,250058,837.09095625,260.8153375,164.418944858125
346145409194,346145525776,116582,844.471125,278.7175125,170.148712245
346145575859,346146092514,516655,921.49588125,270.034996875,173.4284993475
346146142444,346146442450,300006,364.380168421053,318.040215789474,178.298240211053
346146676075,346146825769,149694,459.48053,331.21631,177.010728787
346146942448,346147265401,322953,823.39183,273.211555,185.011293332
346147292526,346147675727,383201,720.580416666667,261.418225,186.982171805417
346147709413,346148125654,416241,784.368334615385,269.804234615385,180.328187693077
346148425644,346148659455,233811,388.5304,334.28656,182.436996686
346148692375,346148792380,100005,555.873128571429,322.704428571429,181.34010776
346148925658,346149075744,150086,557.74271,312.82032,177.411540063
346149308920,346149692356,383436,732.191091666667,288.670845833333,170.206004620417
346149725581,346150008985,283404,802.244983333333,281.213066666667,168.016639767778
346150042342,346150465822,423480,883.214811538462,269.424,166.958513969231
346150508961,346150808931,299970,358.5632,353.653057894737,177.633422162632
346150908943,346151064872,155929,514.3816,335.82471,179.253922385
346151425544,346151875554,450010,509.057528571429,338.571207142857,179.940284685357
346151908825,346152167808,258983,649.1698875,321.28894375,183.2475062975
346152265855,346152425392,159537,950.355209090909,330.246590909091,174.938127457273
346152465366,346152567119,101753,924.507385714286,343.616657142857,176.782200718571
346152608813,346152965076,356263,453.546027272727,328.530209090909,175.518031235909
346152992116,346153092284,100168,508.870771428571,324.947028571429,171.683225797143
346153208831,346153508839,300008,551.577568421053,335.291478947368,171.143910662105
346153542076,346153759067,216991,426.632257142857,314.371878571429,166.820082749286
346153792111,346153892299,100188,729.763671428571,311.361142857143,168.51621859
346153925427,346154075550,150123,724.91855,329.00703,171.228086784
346154108759,346154458825,350066,824.401104545455,283.427340909091,170.552972175909
346154492100,346154808713,316613,751.321885,272.93516,173.205975275
346154925308,346155025301,99993,876.933471428571,282.054128571429,174.60358468
346155064962,346155308687,243725,874.13475625,303.14038125,176.413613735
346155341950,346155641940,299990,817.367194736842,296.474921052632,173.306024500526
346155675488,346155808699,133211,889.204633333333,271.8215,172.641552083333
346156008690,346156525281,516591,362.5746375,344.3492875,177.466254845313
346156564778,346156741938,177160,416.384858333333,341.335408333333,177.831516401667
346156775368,346157225529,450161,516.999853571429,326.893464285714,178.105431361071
346157265148,346157463782,198634,588.713692307692,359.841892307692,184.425774726154
346157508599,346157658729,150130,703.66104,321.08094,185.741874862
346157692008,346157892153,200145,688.628392307692,327.546123076923,183.321572823077
346157925157,346158025140,99983,754.189014285714,300.7526,172.818900711429
346158064713,346158165056,100343,855.167194444444,326.628466666667,174.774808742857
