"start","end","dur","x","y","pupil"
8603983458,8604283476,300018,600.959622222222,163.185677777778,161.221662637778
8604316498,8604466703,150205,432.57068,141.10938,160.863137152
8604499767,8604783239,283472,341.407,121.759861111111,159.988005227778
8604833173,8604999784,166611,345.307563636364,107.890927272727,154.905867148182
8605033192,8605433170,399978,441.226864,103.951664,158.3229057864
8605466696,8605666488,199792,550.194623076923,91.4551384615385,168.16262337
8605699807,8606103333,403526,461.7486125,117.848958333333,161.03083297125
8606133033,8606283131,150098,568.54822,109.29692,160.840329478
8606399675,8607266469,866794,696.323428301887,85.5773528301887,150.238312269245
8607299656,8607551609,251953,408.21674375,76.70005625,147.73768489875
8607583118,8608666333,1083215,365.277640909091,86.8681424242424,157.861661075303
8608699673,8609332945,633272,478.301717948718,98.7257974358974,165.67558859359
8609366433,8609999536,633103,592.035264102564,93.8262487179487,157.406198842564
8610032935,8610350991,318056,618.713635,73.804475,153.906600554
8610382958,8610899514,516556,706.4845375,72.753878125,148.262103752187
8610932776,8611399528,466752,855.567648275862,49.0142379310345,144.243408728621
8611449556,8611899422,449866,350.308821428571,106.341764285714,149.538964720714
8611932798,8612116139,183341,429.19785,108.215,142.340496403333
8612249639,8612899412,649773,356.671965,166.081,147.46766178125
8612932804,8613299434,366630,423.942586956522,175.078086956522,143.615633918696
8613332676,8613783852,451176,472.747282142857,171.655257142857,144.833756457857
8613815987,8614382720,566733,365.965008571429,171.481925714286,154.462131811143
8614416019,8615316017,899998,467.298636363636,177.816314545455,160.021085909818
8615353701,8615932556,578855,526.068522222222,176.135069444444,158.216961523056
8615966074,8616915889,949815,391.240212068966,184.290825862069,159.158137327586
8616949283,8617482608,533325,510.042118181818,182.578821212121,159.406202914545
8617515772,8618065841,550069,587.659638235294,173.104979411765,154.119801507941
8618099202,8618465983,366781,674.687117391304,163.87367826087,149.639944315652
8618599144,8618982472,383328,765.366604166667,148.043633333333,147.437111027083
8619015820,8619315755,299935,393.277868421053,170.009536842105,145.562609884211
8619415805,8619915689,499884,453.179267741935,171.717232258065,144.17527331871
8619949179,8620582348,633169,396.498079487179,175.222030769231,149.548649511795
8620615682,8621132294,516612,481.30675625,178.358203125,157.3060259825
8621165716,8621765716,6e+05,578.411802702703,169.436991891892,162.077247369189
8621798950,8622515525,716575,685.461604545455,157.169002272727,159.382910579091
8622549026,8622882376,333350,704.458723809524,163.751033333333,157.175139612857
8622915562,8623382237,466675,785.488110344828,150.858093103448,150.517145504138
8623415539,8623965582,550043,882.742523529412,136.427020588235,143.983172355588
8624015532,8624632195,616663,346.177628947368,193.523484210526,149.356296680526
8624665680,8625032187,366507,680.329856521739,163.048343478261,144.116229568261
8625148930,8625282237,133307,481.167322222222,166.085422222222,151.346180227778
8625315403,8626098814,783411,386.550022916667,176.369089583333,154.536909713125
8626132046,8627148825,1016779,458.517006451613,174.734416129032,154.670180006935
8627182111,8628015279,833168,542.597645098039,163.023315686275,150.024041628235
8628048801,8628365543,316742,584.35415,163.146355,151.101709591
8628398633,8628815298,416665,624.367011538461,157.969730769231,152.436357048846
8628848736,8629698577,849841,711.184096153846,147.970640384615,154.631788824423
8629731918,8629915149,183231,804.770541666667,147.816483333333,157.345363096667
8629948684,8630148804,200120,893.9159,138.150146153846,155.001740099231
8630215222,8630965201,749979,365.358943478261,192.908323913043,160.437579464783
8630998555,8631315155,316600,388.92928,192.75584,153.2924581195
8631365202,8631548524,183322,823.889841666667,146.943233333333,154.0989748125
8631581868,8631715154,133286,876.741144444444,135.079644444444,156.461352697778
8631781914,8632798432,1016518,400.863216129032,188.873608064516,169.497423563548
8632831809,8633265247,433438,430.05312962963,188.082848148148,165.855038757778
8633431673,8633981974,550301,477.660123529412,194.393814705882,165.739199895294
8634015026,8634431682,416656,588.748488461538,186.340123076923,159.830664549615
8634465214,8634914915,449701,682.568257142857,182.244932142857,155.168988455
8634948399,8635298302,349903,783.009868181818,168.034559090909,147.881546269545
8635331681,8635831543,499862,862.406,164.906180645161,144.958939595161
8635898302,8636048388,150086,889.86791,129.86135,141.609839152
8636114888,8636848269,733381,350.255306666667,207.144102222222,142.323637533333
8636881590,8637381621,500031,466.485293548387,202.864735483871,140.388400187419
8637414796,8637964843,550047,571.166791176471,202.927864705882,146.856257089118
8637998180,8638598167,599987,654.770640540541,195.228286486486,150.140773270541
8638631417,8638864835,233418,766.50878,181.6549,147.056435673333
8638898053,8639081460,183407,814.0191,170.995241666667,143.825560426667
8639114777,8639431435,316658,893.501355,168.000575,139.683784538
8639498051,8639681708,183657,404.007975,213.798425,148.234633636667
8639714788,8640298068,583280,334.221552777778,224.870761111111,139.556246351667
8640365438,8640748247,382809,876.7425625,165.617966666667,131.928255433333
8640815039,8641481391,666352,347.251407317073,230.5553,142.548568065854
8641514657,8641898000,383343,430.1889875,218.628045833333,140.819161564583
8641931659,8642331308,399649,532.70328,221.3939,145.0058653352
8642414535,8642797942,383407,643.838079166667,210.299820833333,149.09630036
8642831303,8642948095,116792,712.1823875,194.5912375,150.201438335
8642981389,8643531173,549784,782.328864705882,206.215720588235,147.274560181176
8643564626,8643781499,216873,868.139628571429,191.775392857143,142.565265471429
8643848084,8644581233,733149,346.609551111111,237.952657777778,147.158652304222
8644631140,8645047850,416710,869.710046153846,198.01535,141.258433021538
8645114422,8645597816,483394,373.318926666667,244.681103333333,150.534197097333
8645747887,8646297812,549925,385.449435294118,234.519673529412,140.300074938824
8646331048,8646864478,533430,447.290696969697,238.26686969697,133.063927797273
8646897695,8647564338,666643,540.750090243902,236.883609756098,138.104729371463
8647597683,8648047789,450106,615.544539285714,230.362557142857,146.605682766071
8648081379,8648614276,532897,708.112975757576,230.826693939394,149.129925420909
8648647849,8649280981,633132,799.084497435897,219.940325641026,145.587198083333
8649314270,8650031085,716815,859.773011363636,216.135931818182,145.78676015
8650064241,8650164605,100364,753.922014285714,221.251342857143,151.133226272857
8650214161,8650447639,233478,401.6298,253.361773333333,153.244528166
8650547702,8650747689,199987,370.723438461538,230.824661538462,149.95713766
8650780863,8650930804,149941,446.47354,235.88527,140.472602096
8651114155,8651230798,116643,843.0363,210.6096875,138.94448575625
8651264218,8651480847,216629,857.266592857143,204.95275,139.903678584286
8651581046,8652080867,499821,458.490564516129,240.673161290323,140.857009959677
8652114151,8652447713,333562,447.158280952381,240.454676190476,141.030338938571
8652480860,8653014032,533172,568.373627272727,234.123972727273,142.019302539697
8653047559,8653414040,366481,703.026891304348,225.315104347826,146.181215703913
8653447560,8654164093,716533,722.477547727273,228.706713636364,150.192274552273
8654197333,8654430681,233348,817.99392,204.81526,148.134171941333
8654464086,8654847458,383372,694.129325,207.3248125,153.88951892375
8654880746,8655297306,416560,681.239657692308,223.770907692308,152.720202068462
8655330672,8655597334,266662,740.722194117647,214.280635294118,148.297497774118
8655630732,8655863970,233238,837.111493333333,211.017946666667,145.811665494667
8655913902,8656047454,133552,388.382177777778,181.977322222222,153.310191325556
8656080889,8656230552,149663,349.00028,169.84701,147.760158009
8656263976,8656447452,183476,524.9122,170.092391666667,143.993796839167
8656480613,8656647829,167216,586.253054545455,169.040663636364,141.633633295455
8656680606,8657247284,566678,739.96988,149.964622857143,139.316476946571
8657280627,8657480613,199986,833.173807692308,149.313892307692,139.860751297692
8657513783,8658113783,6e+05,863.112616216216,234.761872972973,143.451770058378
8658180703,8658997178,816475,352.4962,262.070198,147.5093099376
8659030542,8659513787,483245,447.29323,264.631683333333,141.909348479333
8659547205,8659830425,283220,543.47965,262.698983333333,142.294203280556
8659863719,8660513648,649929,635.150235,256.793,143.528340461
8660547181,8660730307,183126,722.802466666667,250.805441666667,140.587398025833
8660763724,8661313693,549969,677.480588235294,241.900370588235,144.496020367353
8661347154,8661547055,199901,729.117807692308,238.257369230769,146.938995067692
8661580648,8662296951,716303,809.271477272727,229.903911363636,144.795678213636
8662330303,8662780381,450078,826.963435714286,238.862885714286,142.535203418929
8662830307,8662930301,99994,362.364242857143,264.502771428571,148.096931938571
8662963584,8663847308,883724,353.873996296296,272.803261111111,136.207414576111
8663880370,8664330186,449816,443.811871428571,291.150475,131.428260942857
8664363774,8665396811,1033037,528.240031746032,284.019019047619,148.043989632381
8665430182,8666163463,733281,614.466353333333,271.480333333333,163.491288683556
8666196825,8666463610,266785,706.725958823529,261.111511764706,159.141278772941
8666496799,8667446767,949968,768.656918965517,259.142329310345,166.003140944655
8667480112,8668080250,600138,841.050416216216,257.359040540541,172.511876441892
8668130062,8668263346,133284,578.276488888889,309.098977777778,176.120182891111
8668313268,8668946915,633647,336.574928205128,303.238658974359,165.898932141538
8668979981,8669529938,549957,427.357235294118,301.070682352941,154.012362702353
8669563331,8670330166,766835,512.671314893617,297.331370212766,161.101557192979
8670363212,8670796565,433353,611.974118518518,297.799088888889,170.984493961481
8670829907,8671629813,799906,724.416620408163,286.050830612245,161.563924339184
8671663226,8672513049,849823,846.304488461538,275.181980769231,156.762533959808
8672546542,8672713054,166512,621.308972727273,301.327054545455,159.687751185455
8672746521,8672996432,249911,347.8478875,316.24658125,157.56604194
8673379741,8673530058,150317,719.43361,198.74712,155.432139559
8673563080,8673946537,383457,668.469383333333,291.850408333333,160.24730015875
8674029683,8674446440,416757,713.287503846154,226.649161538462,147.098517946538
8674479753,8674629676,149923,614.40552,183.24411,149.52813766
8674663086,8674929677,266591,386.542682352941,172.327129411765,151.228475043529
8674962962,8675162957,199995,489.8562,228.142146153846,157.097732228462
8675196306,8675512916,316610,580.054595,236.12892,163.611865073
8675546429,8675962902,416473,697.198957692308,231.549853846154,162.346058153462
8675996338,8676396318,399980,837.831008,214.475748,161.218404732
8676429563,8676863071,433508,569.627566666667,208.574007407407,168.939931007037
8676912901,8677029552,116651,661.9704625,174.064275,170.14369334375
8677062973,8677362964,299991,795.631905263158,158.385042105263,170.840134998421
8677396187,8678012791,616604,617.91525,198.229044736842,179.550799085
8678046253,8678279543,233290,719.150733333333,199.250733333333,174.842631886
8678312812,8678596185,283373,813.874144444444,193.937794444444,174.580602296667
8678646320,8678879476,233156,351.00172,232.610913333333,181.839025999333
8678912776,8679062852,150076,525.08483,246.99029,172.409787942
8679096070,8679612770,516700,688.87395,232.485509375,165.486049687813
8679646172,8679962731,316559,797.167295,223.872905,161.2835847875
8679996087,8680129433,133346,856.315622222222,225.120233333333,155.96442532
8680179501,8680729305,549804,362.489035294118,272.816744117647,161.177885648824
8680762762,8681246204,483442,513.36805,276.466836666667,152.896170395667
8681279383,8681695937,416554,631.475726923077,250.396042307692,153.379731861154
8681729307,8682146056,416749,815.179730769231,230.368161538462,151.102925306154
8682179371,8682329321,149950,741.53215,224.85236,151.074489698
8682362622,8683012541,649919,859.4474675,219.60302,153.1743910795
8683095955,8683746113,650158,723.6398175,233.4456175,159.3805546515
8683779302,8684129185,349883,844.997068181818,214.771518181818,150.638870771818
8684195839,8684612529,416690,361.018553846154,271.232442307692,155.598074443462
8684645948,8685045969,400021,459.231952,264.5949,144.4368290872
8685095812,8685312400,216588,813.060021428571,232.652721428571,139.236870219286
8685345994,8685829053,483059,585.80399,247.291486666667,147.410163711667
8685862481,8686262479,399998,707.791184,245.273584,145.5635036936
8686295832,8686812396,516564,825.6402375,223.7366875,146.845052870312
8686845787,8687329054,483267,870.057266666667,218.996136666667,149.364674837
8687362458,8687829054,466596,737.55354137931,232.022610344828,156.458011937931
8687945869,8688812285,866416,795.752990566038,221.524364150943,156.71498054283
8688862353,8689045833,183480,461.019783333333,172.458658333333,160.9470222525
8689079004,8689379012,300008,376.565421052632,171.688273684211,156.979624988421
8689412312,8689712660,300348,511.164852631579,175.348452631579,154.090871355263
8689746314,8690112156,365842,578.494930434783,169.933934782609,150.518190043913
8690145699,8690645741,500042,664.995912903226,160.579664516129,147.806685167097
8690679004,8691012148,333144,767.284533333333,153.63750952381,143.515369909524
8691078879,8692012380,933501,819.165078947368,262.498552631579,140.563361724211
8692045509,8692162301,116792,863.10185,255.8378625,139.51721838125
8692195433,8692848612,653179,744.407985,270.3893675,152.34118045925
8692878851,8693028812,149961,595.69232,273.75298,164.711336121
8693062103,8693445609,383506,494.459225,285.282654166667,165.091169935833
8693478756,8693728712,249956,809.44534375,263.10778125,157.78923963125
8693762090,8694428876,666786,680.860512195122,256.740431707317,156.683869373171
8694462248,8694595322,133074,774.6023,239.914344444444,150.109731025556
8694728688,8695095324,366636,842.238743478261,225.280939130435,150.16601805087
8695145465,8695795330,649865,355.6817275,282.3922725,146.12033039325
8695828550,8696211904,383354,450.397725,258.8376125,138.402782042917
8696245875,8696678612,432737,586.440159259259,256.609714814815,142.924061715556
8696711893,8696978619,266726,667.283076470588,248.757094117647,145.390005377059
8697011901,8697695182,683281,773.642538095238,239.361642857143,143.26538179119
8697728558,8697878614,150056,853.55428,231.78321,141.813443252
8697945364,8698795195,849831,358.293005769231,288.556280769231,146.239189674038
8698846551,8698995195,148644,746.32526,260.34689,141.420687895
8699047065,8699545168,498103,455.447751612903,282.470893548387,148.653747689032
8699578769,8699695079,116310,508.9890625,293.2988,148.643730485
8699828493,8700711661,883168,591.957643396226,270.57461509434,144.499465433585
8700746515,8701228318,481803,684.705913333333,264.025476666667,138.049396902
8701261716,8701845020,583304,780.738047222222,260.965211111111,140.651711163889
8701878351,8702078622,200271,863.223615384615,252.160776923077,143.633138183077
8702145053,8703161594,1016541,352.698812903226,303.139882258065,145.99073070629
8703194937,8703728182,533245,445.93036969697,301.369357575758,144.951816419394
8703761590,8704145719,384129,722.944983333333,266.3146625,149.824362731667
8704194839,8704478237,283398,490.012205555556,276.325011111111,158.623249195
8704511537,8704978241,466704,522.411686206897,298.34134137931,158.438005432759
8705011421,8705411414,399993,621.613184,295.043024,149.2854549948
8705445521,8705894884,449363,724.671353571429,275.909807142857,143.1474293425
8705928059,8707028058,1099999,845.391946268657,269.800358208955,140.919247742687
8707094712,8707861365,766653,353.146180851064,326.888874468085,146.937623850638
8707894726,8708245680,350954,445.761372727273,324.463440909091,137.365580217727
8708278000,8709047593,769593,520.328912765957,320.835593617021,134.555062574255
8709178007,8709927958,749951,645.164026086956,307.816691304348,133.492677178043
8709961219,8710661322,700103,737.537737209302,292.460934883721,131.895224062791
8710694513,8711061215,366702,675.035660869565,307.533747826087,143.47673272913
8711094557,8711761222,666665,795.497802439024,296.068085365854,147.229186007561
8711927810,8712744580,816770,349.685,345.652272,150.2536777594
8712777888,8713327704,549816,442.353555882353,336.829491176471,136.013071068824
8713361102,8714227691,866589,515.243371698113,335.07228490566,136.707801410755
8714261092,8714761171,500079,621.260438709677,320.576287096774,138.579940038065
8714794326,8715045875,251549,678.79695,319.1707375,136.412442320625
8715077750,8715294330,216580,476.957064285714,332.421857142857,141.732731597143
8715327694,8716210913,883219,713.656388888889,328.003137037037,144.711319875741
8716245361,8716394335,148974,763.18052,310.74522,143.748552544
8716427569,8717094210,666641,637.359990243902,313.159687804878,144.848639696341
8717127556,8718077636,950080,743.778182758621,294.496143103448,141.366697849828
8718110773,8718377528,266755,844.360611764706,290.265117647059,139.057170614118
8718444296,8719060855,616559,360.891878947368,336.942415789474,139.916400318421
8719094208,8719727446,633238,445.008997435897,335.008302564103,132.581652883077
8719760858,8719927463,166605,517.579909090909,321.8998,139.211633885455
8720060734,8720810685,749951,549.37777173913,326.758317391304,144.530996331087
8720844208,8721427325,583117,645.433980555556,324.977233333333,143.513730873056
8721461005,8721860640,399635,752.7284875,320.647041666667,142.553152335
8721893960,8722344002,450042,832.215846428571,308.295653571429,139.0883844575
8722460676,8723293940,833264,336.189619607843,363.203811764706,142.253110496863
8723327203,8723627190,299987,403.252094736842,366.940852631579,136.913970587368
8723660612,8723945910,285298,492.95685,351.160394444444,134.55654733
8723977546,8724610539,632993,587.235792307692,338.990738461538,134.579129784103
8724646080,8725193794,547714,661.583232352941,342.396961764706,142.722511631471
8725227179,8726093852,866673,756.25140754717,342.916788679245,147.400494345283
8726127066,8727060584,933518,662.655171929825,352.9769,149.144434882632
8727093706,8727510269,416563,741.840234615385,344.851553846154,147.627388189615
8727543986,8728045292,501306,840.14564516129,336.717696774194,148.138734852903
8728110296,8729426939,1316643,333.00493625,382.33913375,143.128143440125
8729460366,8729843700,383334,413.234595833333,375.194654166667,135.778712665417
8729877174,8730343657,466483,520.297186206897,375.306110344828,137.327778718966
8730377217,8730643658,266441,589.219788235294,374.561805882353,135.363596187059
8730677169,8731076872,399703,697.288428,368.77738,128.7625356692
8731110158,8731543664,433506,731.522125925926,359.303285185185,126.954662087037
8731577012,8731677849,100837,852.062997916667,361.054135416667,129.137007742857
