"start","end","dur","x","y","pupil"
1334829794,1334945345,115551,615.272425,224.977875,110.789439825
1334986648,1335085777,99129,519.208228571429,531.157028571429,114.69414721
1335128650,1335262005,133355,495.879155555556,271.287111111111,112.675414288889
1335295449,1335495440,199991,367.296684615385,210.821823076923,107.371542323846
1335598619,1335780078,181459,349.925075,53.8286333333333,103.663792586667
1335812282,1335995404,183122,400.038058333333,130.396808333333,100.656682388333
1336028643,1336296952,268309,478.421052941176,156.009505882353,101.197002705294
1336328625,1336428618,99993,538.020328571429,167.968242857143,102.721417184286
1336761892,1336961871,199979,572.654007692308,173.136246153846,107.146202857692
1336995297,1337112143,116846,679.5889,128.2443375,103.62854232875
1337395485,1337645250,249765,766.5846875,54.84464375,104.4564242925
1337828495,1337961880,133385,864.402444444444,63.1484444444444,105.129966587778
1337995344,1338112152,116808,785.2644375,62.7330625,111.08073696375
1338661884,1338778640,116756,409.8336375,20.353625,117.68928939625
1338811921,1339028568,216647,516.789671428571,47.2380714285714,113.46361981
1339245081,1339345088,100007,-2,-90.9962285714286,90.6586429214286
1339395191,1339661761,266570,629.790217647059,127.220435294118,109.816441861765
1339695163,1339961755,266592,383.616994117647,161.806576470588,112.773675228235
1340086357,1340485843,399486,361.734492,154.132096,110.6888233312
1340511970,1341028624,516654,434.28431875,196.666628125,109.4774886725
1341061752,1341778698,716946,505.018415909091,224.863790909091,110.139544601136
1341811792,1342228378,416586,589.121523076923,216.356696153846,112.085174714615
1342261620,1342385291,123671,664.1748125,205.5193375,117.3548408525
1342411691,1342511889,100198,351.646014285714,209.669471428571,116.428836158571
1342611957,1342797171,185214,367.442183333333,181.081408333333,125.0044285025
1342844972,1343228270,383298,434.343016666667,198.823420833333,127.792476255833
1343261631,1343995032,733401,524.130495555556,210.998468888889,119.207095976222
1344028306,1344778270,749964,606.899367391304,210.922502173913,118.562455643478
1344811544,1345361506,549962,652.460214705882,187.317188235294,121.103493665
1345394949,1345644723,249774,727.435625,161.36155,118.297133531875
1345685338,1346144721,459383,814.189627586207,161.61095862069,118.348432927586
1346183053,1347511441,1328388,916.301130864197,152.473514814815,117.505772504815
1347561385,1347811670,250285,349.12985,170.98675625,122.0525266225
1347844725,1348278119,433394,443.866907407407,216.574544444444,119.050483932593
1348311626,1349344579,1032953,532.21786984127,225.187493650794,116.767835539683
1349386870,1349711484,324614,609.908338095238,224.925657142857,113.432691731429
1349744604,1350311504,566900,705.883342857143,181.005228571429,114.328453186857
1350394730,1350511450,116720,814.8061375,48.6362625,111.3262969
1350544616,1350795018,250402,841.9575,88.12419375,110.938803486875
1350827935,1351144484,316549,893.710515,126.325985,109.598581671
1351294753,1351585261,290508,368.34545,191.279555555556,109.959078046667
1351861085,1352111379,250294,491.2421875,257.177175,99.585706385625
1352144461,1352327772,183311,556.193733333333,260.277083333333,97.3063139266667
1352361098,1352844678,483580,656.071583333333,236.88551,90.864385567
1352885438,1353461126,575688,717.731605555556,200.874,86.7324295813889
1353494536,1353827750,333214,783.147423809524,176.99679047619,88.5219467852381
1353861184,1354086334,225150,832.970628571429,184.401471428571,98.7530829535714
1354111278,1354479966,368688,930.479908695652,152.770395652174,102.642728667826
1354527816,1354827680,299864,384.906421052632,178.217368421053,111.011794691053
1354961009,1355144342,183333,460.826408333333,253.428825,110.157700158333
1355244328,1355361012,116684,501.525825,264.6416125,115.9072484925
1355486328,1355827649,341321,541.669922727273,279.393822727273,113.274953788182
1355861000,1356394318,533318,579.288578787879,282.761187878788,114.286902092727
1356427624,1356794338,366714,672.3187,257.044439130435,116.394168813043
1356927679,1357096435,168756,802.601872727273,121.535081818182,115.621912711818
1357127663,1357386204,258541,852.74631875,134.17695625,116.776921576875
1357410993,1357694339,283346,927.159127777778,183.448011111111,115.802963065556
1357811142,1358111097,299955,380.464784210526,221.753242105263,122.455628588421
1358144115,1358683795,539680,462.309496969697,283.32966969697,119.337966058788
1358711126,1359144137,433011,527.081848148148,301.538181481482,118.543094937778
1359183239,1359595095,411856,604.648457692308,293.781023076923,117.893706985385
1359627504,1359994382,366878,698.602760869565,272.464756521739,119.75213546913
1360027429,1360144112,116683,761.7754625,230.4721625,119.6787864275
1360177466,1360544205,366739,785.29597826087,194.5044,114.736623533478
1360585647,1361094133,508486,897.029653125,186.9912125,114.280344939375
1361185297,1361360634,175337,406.119816666667,249.892033333333,113.760250804167
1361395591,1361594614,199023,371.300584615385,269.2036,113.572351432308
1361627435,1361743975,116540,401.8356875,292.5417625,110.3657252625
1361843976,1362027440,183464,452.193166666667,306.763041666667,106.901307645
1362060632,1362860616,799984,365.288993877551,288.224657142857,112.245325806327
1362896049,1363310875,414826,449.374896153846,307.368273076923,115.167144198462
1363343832,1363643837,300005,537.684952631579,327.837978947368,119.24130063
1363683298,1364043861,360563,609.989308695652,293.453243478261,117.621896057826
1364085848,1364278230,192382,684.958423076923,275.407907692308,116.75831399
1364311095,1364577581,266486,804.839229411765,245.1345,114.72306067
1364610790,1364760509,149719,856.35047,217.27643,113.51622207
1364793969,1365043876,249907,932.9757375,214.3660375,111.44438260875
1365085651,1365343830,258179,393.156394117647,262.832358823529,116.777416184706
1365386475,1366010674,624199,378.24931025641,305.452884615385,115.344460424615
1366043701,1366686229,642528,476.029692307692,320.871774358974,113.910618779487
1366710575,1367027410,316835,558.636335,324.38569,114.24911552
1367060369,1367360361,299992,619.557463157895,321.873821052632,113.86537992
1367395137,1367610582,215445,699.428735714286,284.435707142857,115.522904795
1367643710,1367993792,350082,787.572281818182,258.049286363636,114.99348555
1368243994,1368377061,133067,914.9404,205.396355555556,114.392918506667
1368410574,1368527054,116480,926.4637125,166.3320625,114.216809705
1368610594,1368843616,233022,407.859193333333,243.38306,115.416918490667
1368885577,1369210476,324899,386.446814285714,314.470157142857,114.802075651429
1369243576,1369683074,439498,469.924848148148,336.527644444444,114.436300344444
1369710550,1370010466,299916,570.919789473684,328.6876,113.548737634737
1370043597,1370277907,234310,634.462513333333,305.118706666667,113.163324189333
1370310419,1371195734,885315,685.627040740741,270.425461111111,115.496081829074
1371226928,1371385610,158682,734.043,264.29687,118.650833806
1371410288,1371726924,316636,549.82524,271.71365,120.503961376
1371760132,1371926905,166773,656.663236363636,267.794263636364,118.33398194
1371960144,1372296981,336837,730.303835,275.824355,116.6706630335
1372426771,1372643792,217021,719.534135714286,266.416542857143,124.262335676429
1372743529,1372876800,133271,714.766111111111,269.907144444444,117.048981825556
1372910185,1373226811,316626,790.454315,253.980245,114.3471252735
1373285934,1373526784,240850,858.0476625,227.0700375,110.251212593125
1373560132,1373810325,250193,935.90348125,226.60518125,108.685361358125
1373843347,1373994994,151647,380.70124,276.40994,115.348721321
1374026787,1374193831,167044,390.408218181818,321.590745454545,113.484653043636
1374226776,1374595236,368460,428.996539130435,357.772373913043,113.557092043478
1374760013,1374860002,99989,883.755085714286,338.815285714286,114.525576744286
1374893514,1375110120,216606,932.95275,274.777192857143,114.052487569286
1375160019,1375410029,250010,401.37931875,334.29243125,116.650127135625
1375443243,1376343237,899994,466.217330909091,359.212872727273,115.018916657273
1376426650,1376559901,133251,437.628911111111,343.249944444444,114.616765347778
1376776810,1376876902,100092,423.053957142857,324.557871428571,124.560830542857
1377110007,1377210006,99999,462.894871428571,323.734028571429,129.88234574
1377326569,1377426597,100028,378.995071428571,425.198057142857,126.414813954286
1377459898,1377597387,137489,488.915355555556,337.080877777778,122.378917194444
1377693335,1378010099,316764,545.55409,342.59931,112.278536243
1378143101,1378593572,450471,626.205157142857,338.876314285714,111.425099040357
1378626596,1378843107,216511,678.673028571429,355.11905,113.753558819286
1378885178,1379326584,441406,700.795182142857,327.841671428571,116.008226998214
1379359763,1379609997,250234,778.011425,315.9804875,111.484869018125
1379643132,1379809861,166729,828.351727272727,288.030218181818,109.999364461818
1379843109,1380094888,251779,923.13438125,262.2754125,110.3067764125
1380143078,1380459746,316668,335.82371,316.72254,115.8238784555
1380493932,1381209900,715968,419.477454545455,362.805352272727,120.114439025909
1381242951,1381359639,116688,464.9974625,350.1174375,118.4789271125
1381686377,1381859643,173266,522.509483333333,341.0692,120.697466743333
1381895091,1382042961,147870,568.95104,347.19736,117.626946862
1382076520,1382209826,133306,607.050688888889,353.837544444444,116.15478578
1382242950,1382395064,152114,624.59576,345.865,114.485425453
1382426269,1382559631,133362,659.618011111111,356.568633333333,112.916536297778
1382826299,1383359671,533372,745.10143030303,321.745803030303,112.646092965152
1383392948,1383509838,116890,793.1368625,313.3271375,109.97697213375
1383585240,1383692960,107720,833.289275,296.35815,111.63417700375
1383726278,1383976497,250219,874.59490625,276.2377,109.57014481
1384009745,1384109763,100018,919.771228571429,249.845428571429,110.362964467143
1384159522,1384394532,235010,368.495353333333,335.22624,114.580299867333
1384426278,1384826187,399909,476.817088,380.315364,112.3596104088
1384859477,1385226182,366705,590.478926086957,383.560982608696,110.642731996087
1385259516,1385492834,233318,616.77656,379.514893333333,108.694791370667
1385526166,1385842736,316570,694.01974,372.021595,106.6271280885
1385885389,1386042716,157327,759.799554545454,364.149836363636,104.729935694545
1386085620,1386376223,290603,865.670542105263,314.766878947368,107.903026204737
1386409517,1386809535,400018,786.547172,322.590976,108.451823172
1386842757,1387309557,466800,748.660831034483,335.913231034483,112.438048456552
1387385072,1387609541,224469,735.8355,332.067546666667,107.954098378
1387642719,1387942596,299877,788.244152631579,324.854784210526,111.000802095789
1387976228,1388342623,366395,882.169243478261,317.098860869565,110.309811883913
1388385600,1388559386,173786,886.710416666667,279.336416666667,110.854957765833
1388595953,1388976247,380294,851.6068875,308.436983333333,110.387391668333
1389009507,1389292726,283219,901.669994444444,278.027477777778,111.573518306667
1389326033,1389625946,299913,863.727152631579,305.088652631579,110.203059040526
1389659266,1389942588,283322,937.8135,291.851694444444,109.709221112222
1389993428,1390142585,149157,394.31158,395.65607,115.120712237
1390183099,1390659267,476168,373.318433333333,396.892103333333,109.660397214333
1390694267,1390925941,231674,460.2674,433.0724,108.294272608667
1390959316,1391625905,666589,526.230197560976,422.419802439024,105.320845871707
1391659100,1392076130,417030,612.039903846154,418.648576923077,103.11672953
1392109423,1392359097,249674,673.919375,401.9928625,103.87360285625
1392409224,1392559120,149896,721.18237,386.63275,106.574066247
1392692591,1392842525,149934,781.99698,345.62962,112.110164356
1392876247,1393009252,133005,825.298577777778,329.225933333333,109.669293241111
1393042374,1393286515,244141,477.469946666667,380.505326666667,110.230659398667
1393342466,1393492477,150011,556.58857,379.14029,105.557344131
1393525790,1393709245,183455,639.88135,370.188466666667,101.252571916667
1393742357,1393985353,242996,747.70094,340.366813333333,105.072742152
1394109171,1394242329,133158,814.332333333333,328.080311111111,108.865192944444
1394442331,1394842387,400056,706.918956,303.196156,109.162109904
1394886589,1394975841,89252,809.812442857143,303.891071428571,112.349711927143
1395075733,1395294580,218847,795.136014285714,295.261335714286,109.920143245
1395325920,1396059028,733108,891.403457777778,297.316786666667,111.824348857778
1396092495,1396209196,116701,931.2184125,309.5442875,110.564499415
1396242214,1396575876,333662,366.42460952381,376.47180952381,113.57123464381
1396609095,1397086100,477005,456.542931034483,390.858872413793,115.698180052414
1397108918,1397509104,400186,582.62952,400.021204,113.0073533068
1397558872,1397875733,316861,478.82025,365.623275,118.2105146985
1398025532,1398183809,158277,893.04047,361.65496,114.359610234
