"start","end","dur","x","y","pupil"
344837018378,344837190979,172601,1067.66745833333,-126.374866666667,190.7100891525
344837240895,344837391170,150275,620.51143,109.04634,196.971823531
344837479394,344837690918,211524,480.364264285714,72.9572071428571,203.787609152857
344838065501,344838207571,142070,543.24035,52.91778,180.6587973
344838240874,344838474209,233335,453.678526666667,36.1688133333333,178.332959692667
344838724143,344838874165,150022,540.30485,43.93485,183.557668711
344838924117,344839093294,169177,600.497745454545,7.58752727272727,183.904147405455
344839124142,344839324106,199964,460.664884615385,46.0245307692308,190.969282931538
344839357716,344839490945,133229,428.137655555556,70.3762111111111,195.437738073333
344839574197,344839824104,249907,413.4605375,32.0152375,201.456446261875
344839875707,344839990730,115023,606.60525,-6.3752125,198.48647024
344840090932,344840207436,116504,608.3689125,-3.3098125,213.6098002175
344840490932,344840607421,116489,425.76465,190.822775,211.823690705
344840640783,344840774091,133308,395.130122222222,99.0221555555556,214.035587186667
344840807445,344840907415,99970,378.8044,126.779585714286,203.27129427
344840940640,344841140655,200015,462.392530769231,139.468076923077,191.94780385
344841274068,344841590746,316678,503.639965,173.244115,185.025855175
344841623979,344841923997,300018,452.485289473684,154.040773684211,179.186953383684
344841964924,344842090795,125871,562.482588888889,140.884977777778,187.646348917778
344842124004,344842365707,241703,631.98754,133.619966666667,195.207809787333
344842390805,344842507304,116499,741.606625,125.2738875,193.65963245375
344842623860,344842723914,100054,704.175057142857,101.705257142857,191.580906682857
344842764201,344843107312,343111,807.475659090909,96.3509590909091,191.777438218182
344843159867,344843376387,216520,861.790807142857,82.3497928571429,183.407954395714
344843407290,344843823798,416508,915.182526923077,95.3981846153846,182.598949555769
344843890560,344844390664,500104,371.58655483871,180.803161290323,189.177829928065
344844423854,344844523847,99993,427.561085714286,162.809428571429,186.667334072857
344844764411,344844990649,226238,489.470393333333,163.106273333333,191.909136968667
344845023914,344845540551,516637,575.817478125,125.039215625,195.217155410313
344845573833,344845964766,390933,631.994475,140.30885,198.673464370417
344846290478,344846523749,233271,629.083346666667,120.420013333333,198.131539092667
344846565326,344846764330,199004,541.304630769231,114.926130769231,192.721118304615
344846790503,344846965216,174713,482.142509090909,117.203827272727,187.818457730909
344846990474,344847173910,183436,414.6956,149.667308333333,185.469675386667
344847207086,344847523625,316539,362.16489,183.5177,184.5275762505
344847574426,344847673859,99433,428.572928571429,204.398257142857,189.325670802857
344847790544,344847973707,183163,847.804616666667,97.2417666666667,187.943334636667
344848007310,344848173697,166387,918.474,74.7948454545455,186.616287296364
344848257307,344848540246,282939,886.181466666667,84.7251555555556,182.612064311111
344848665628,344848907049,241421,939.1717125,113.40025625,172.78405963125
344848940286,344849173728,233442,521.533086666667,122.875053333333,175.597656706667
344849207016,344849490352,283336,624.941205555556,124.277516666667,177.885574005556
344849673738,344849823608,149870,675.65996,119.79119,177.016213766
344849865611,344850040286,174675,725.191358333333,99.7948833333333,177.460958440833
344850390489,344850523549,133060,817.948244444444,83.6445111111111,173.009993346667
344850564931,344850806916,241985,730.16616875,78.0195,178.094935075625
344850840151,344851023490,183339,712.631508333333,103.680858333333,178.962409176667
344851065239,344851240136,174897,756.332825,78.9046416666667,177.072326255
344851390392,344851923490,533098,837.072181818182,96.0796121212121,178.408050631818
344851965050,344852223538,258488,898.634023529412,80.4123470588235,172.65655679
344852265444,344852590400,324956,897.7756,117.489404761905,179.01687535381
344852623345,344853023350,400005,777.716448,105.222424,188.3240617724
344853140158,344853490228,350070,745.628931818182,108.373381818182,193.261351885
344853606796,344853965165,358369,666.9088,75.1756681818182,183.772684079545
344854006818,344854390171,383353,497.257683333333,106.322820833333,184.591656085417
344854423356,344854690319,266963,653.447535294118,91.7057882352941,188.399519380588
344854773629,344854990315,216686,874.914035714286,131.535528571429,188.493306545714
344855306671,344855740099,433428,845.091918518518,116.954896296296,179.982088268889
344855773679,344856573771,800092,904.425881632653,100.180202040816,183.925394067551
344856623245,344856723236,99991,339.2512,189.839714285714,212.120289744286
344856766021,344856964825,198804,358.1681,192.511423076923,213.795356893846
344856990014,344857390199,400185,453.707,178.477672,201.2827747172
344857423237,344857675197,251960,535.67895625,192.1503875,194.86326741
344857706546,344858273193,566647,542.754482857143,157.717834285714,193.789582428286
344858323108,344858464570,141462,645.245011111111,154.580777777778,192.788968023333
344858606553,344858706541,99988,626.220342857143,128.487157142857,206.534440635714
344858739781,344859039779,299998,635.656773684211,137.941563157895,198.462260506842
344859073595,344859323114,249519,651.51660625,130.80274375,188.627431605625
344859362992,344859539769,176777,694.822666666667,112.245266666667,190.562373458333
344859573187,344859906425,333238,762.685180952381,139.758357142857,194.72423170619
344859939779,344860206454,266675,818.921952941176,126.152088235294,195.717185516471
344860239778,344860422982,183204,733.299783333333,93.7868583333333,200.353794863333
344860506457,344860606449,99992,650.879842857143,160.661571428571,197.657068781429
344860639782,344860965244,325462,623.026975,133.83583,201.062039021
344860989719,344861139668,149949,640.90117,90.32208,203.889143826
344861174146,344861439649,265503,751.347347058824,105.387311764706,199.58047995
344861573151,344861856338,283187,807.349294444444,158.449016666667,196.501579445
344861889703,344862256482,366779,751.515582608696,139.946695652174,187.121712764348
344862289783,344862973877,684094,886.312871428571,102.163721428571,184.034177666905
344863006292,344863139676,133384,929.106411111111,81.0483888888889,189.311224497778
344863189873,344863573002,383129,395.620516666667,185.242625,201.625465670833
344863606332,344863764079,157747,359.52325,207.77328,194.405700044
344863789648,344864106347,316699,459.974585,206.95911,197.4170382465
344864139538,344864565657,426119,520.294426923077,198.432707692308,193.730382231923
344864589796,344865439533,849737,549.893323076923,159.828942307692,191.446919543269
344865522762,344865639543,116781,609.9651875,189.6824625,195.00859053875
344865789878,344865989683,199805,610.651238461538,200.126076923077,186.740831466154
344866022727,344866374973,352246,668.418822727273,156.713645454545,174.003827631364
344866406175,344866665487,259312,702.242325,149.18034375,172.6649684175
344866789576,344867022740,233164,695.187693333333,167.26138,175.664172853333
344867065173,344867472819,407646,793.277357692308,139.346753846154,173.027429020385
344867506043,344867722718,216675,843.260278571429,102.40555,175.257953185
344867765838,344867889584,123746,808.186188888889,110.362811111111,183.513281152222
344868039382,344868422610,383228,896.053525,135.166529166667,186.641925240833
344868464809,344868872736,407927,917.854484615385,174.009907692308,189.471569335769
344868922611,344869289580,366969,382.883682608696,231.322156521739,194.588545818696
344869589551,344870272586,683035,541.261414285714,214.356347619048,183.921724398571
344870522484,344871074551,552067,607.349505882353,210.957402941176,184.17222972
344871105934,344871372585,266651,623.208576470588,194.005794117647,180.029725110588
344871489367,344872189196,699829,634.750219047619,174.003069047619,187.194539882381
344872305889,344872489382,183493,650.524325,191.761816666667,185.217659065
344872522538,344872622488,99950,718.400071428571,191.8085,190.433199584286
344872660057,344872756441,96384,604.932628571429,184.664542857143,186.350380044286
344872789309,344873139158,349849,803.736227272727,160.803481818182,181.802881440909
344873172533,344873539043,366510,853.748043478261,154.677491304348,175.186228567391
344873572538,344873765202,192664,923.967633333333,111.50665,177.889480399167
344873805833,344874189067,383234,400.345845833333,249.293566666667,186.935303970833
344874222424,344874422374,199950,471.250207692308,245.759284615385,195.71438472
344874489161,344874922401,433240,544.109062962963,229.726918518519,192.512179904815
344874956207,344875122356,166149,588.062845454545,188.900781818182,185.364277677273
344875164860,344875464542,299682,647.498573684211,189.393084210526,187.800637563684
344875489305,344875772370,283065,704.091433333333,186.676655555556,187.265281964444
344875805676,344876105681,300005,768.515331578947,187.931294736842,180.503476704211
344876222225,344876438906,216681,771.988685714286,184.74245,178.693215827143
344876472340,344876764066,291726,842.466977777778,165.144016666667,173.913497572222
344876789142,344877005533,216391,835.396592857143,191.8584,172.003852242143
344877038911,344877175395,136484,811.847833333333,175.495688888889,178.172130771111
344877265059,344877374569,109510,775.160375,222.760975,182.91153258125
344877638910,344878189040,550130,741.121179411765,193.511602941176,184.208778641765
344878222157,344878376293,154136,721.9398125,229.7186125,178.32763063875
344878555522,344878738755,183233,778.642608333333,206.695275,182.964427088333
344878772196,344878922099,149903,839.44383,202.13425,187.430584991
344878965027,344879555599,590572,852.500202702703,186.007332432432,183.682447398649
344879589050,344879772201,183151,878.651666666667,177.059383333333,189.260727081667
344879872225,344879972287,100062,927.392514285714,171.339542857143,185.101576828571
344880005720,344880438784,433064,841.276674074074,170.576144444444,193.63511979
344880472118,344880738772,266654,827.492164705882,196.932482352941,195.998162751765
344880888928,344881221998,333070,924.118580952381,146.715980952381,192.390618938571
344881272355,344881605428,333073,363.597461904762,246.477247619048,195.164071228571
344881705743,344881922007,216264,410.26865,272.688892857143,186.266038027857
344881965184,344882088942,123758,454.781644444444,264.185011111111,185.182844513333
344882265247,344882505301,240054,542.81121875,248.76266875,184.505868843125
344882538671,344882638661,99990,583.085257142857,247.026885714286,178.938883744286
344882672013,344882988845,316832,665.269475,211.631355,175.658043781
344883021873,344883221867,199994,725.242907692308,185.218830769231,173.539421698462
344883255785,344883421871,166086,771.229781818182,192.360590909091,171.698157922727
344883455524,344883621876,166352,820.840054545455,187.254372727273,173.809022614545
344883671958,344883921872,249914,881.78386875,160.5064875,182.25003011
344884438536,344884588734,150198,870.06045,211.18169,189.746331576
344884638547,344884821863,183316,903.356691666667,205.113608333333,185.467830019167
344884865895,344885205195,339300,575.121618181818,212.436590909091,188.812802016818
344885238537,344885421770,183233,531.105783333333,217.962241666667,191.859978984167
344885464266,344885766419,302153,374.546805263158,290.3675,179.368261861579
344885971889,344886188623,216734,417.246892857143,277.097907142857,185.025985148571
344886305212,344886421792,116580,756.7476125,184.3696375,188.550620805
344886455377,344886971838,516461,905.79134375,175.871415625,182.015038228438
344887105047,344887255849,150802,575.98254,246.71253,184.393753394
344887288594,344887438419,149825,479.98802,234.90678,183.60937654
344887471849,344887621625,149776,533.96657,219.85245,187.238003022
344887721686,344887905092,183406,666.358175,234.382291666667,183.10212861
344887938412,344888121622,183210,648.170258333333,238.705433333333,181.823231804167
344888155084,344888421608,266524,524.784335294118,256.452335294118,179.521087071176
344888505226,344888638281,133055,591.177322222222,219.902577777778,177.473655058889
344888674722,344888905055,230333,476.845406666667,109.852506666667,181.196079202
344888938274,344889071832,133558,570.102322222222,84.0575777777778,183.295445194444
344889105054,344889488308,383254,688.263920833333,70.0596333333333,177.43158090875
344889521627,344889804969,283342,825.377816666667,36.6707722222222,174.578035632778
344889838286,344889956460,118174,879.3577375,39.6667625,173.21436356375
344889988455,344890088309,99854,914.664657142857,55.1064,174.637464925714
344890121501,344890388393,266892,680.277241176471,107.517152941176,180.409584421765
344890421530,344890673830,252300,756.71841875,84.23021875,188.62809050625
344890704933,344891321483,616550,649.551184210526,96.2118947368421,189.226648365
344891364937,344891554965,190028,760.369776923077,107.093369230769,188.984144052308
344891588403,344892021525,433122,480.584966666667,256.478359259259,194.679088215185
344892065408,344892221515,156107,548.067554545455,261.323863636364,191.074134767273
344892265115,344892521505,256390,568.4187,264.8844,187.694099123529
344892621485,344892788370,166885,652.588372727273,236.974727272727,185.843025222727
344892821345,344892954971,133626,706.536366666667,215.337011111111,187.773389377778
344893088471,344893188377,99906,742.838957142857,197.923142857143,177.564761662857
344893221390,344893721375,499985,447.209767741935,273.981480645161,184.32503416129
344893764929,344893971494,206565,533.166871428571,251.4903,176.513883182857
344894005024,344894168180,163156,569.78831,255.61536,181.612312047
344894304878,344894538045,233167,531.517973333333,232.54632,176.015070778667
344894573095,344894738025,164930,581.940727272727,254.723263636364,180.255853696364
344894771562,344895088204,316642,640.847125,226.167205,180.149597386
344895338041,344895521252,183211,738.729358333333,224.448166666667,180.4845438125
344895554773,344895788083,233310,809.421126666667,207.48714,176.860794210667
344895821256,344896037918,216662,849.378878571429,177.852821428571,162.779257218571
344896071342,344896204700,133358,905.967855555556,164.6394,162.726215737778
344896237891,344896765039,527148,738.8973375,198.831090625,175.955826228438
344896921233,344897237898,316665,791.713045,218.244385,176.1904222525
344897271229,344897465927,194698,825.699416666667,214.883483333333,168.71942575
344897738222,344897956673,218451,876.940257142857,239.355664285714,165.975768205714
344897988067,344898254744,266677,750.448388235294,233.813894117647,172.967477376471
344898288041,344898437883,149842,708.42664,211.06316,170.030063507
344898471215,344898887982,416767,588.956388461538,236.069115384615,176.248610683077
344898921125,344899171311,250186,498.36595,246.2317875,176.97782340625
344899204571,344899387953,183382,468.591566666667,242.961108333333,185.203919100833
344899421107,344899721182,300075,554.062678947368,223.143573684211,191.706542699474
344899754349,344900021176,266827,517.486658823529,251.254429411765,198.288728774118
344900054407,344900204447,150040,527.75191,280.21885,192.269222998
344900437757,344900704460,266703,636.754623529412,265.097105882353,191.57623012
344900904440,344901371405,466965,687.355496551724,216.572282758621,170.920878576207
344901404436,344901571115,166679,640.769872727273,235.1673,170.241164605455
344901604446,344901804302,199856,726.580553846154,201.190815384615,180.843161793846
344901837668,344902154406,316738,813.440575,201.930675,181.8918232795
344902187885,344902471883,283998,908.945627777778,203.069061111111,183.596861036667
344902537674,344902754271,216597,418.250257142857,278.710828571429,189.038195335714
344902787865,344902887782,99917,389.953971428571,290.256485714286,189.043654481429
344902920962,344903154265,233303,513.196466666667,289.515773333333,190.728029536667
344903237643,344903354299,116656,611.4254,279.71705,189.6276356525
344903504301,344903804339,300038,601.347989473684,257.551873684211,183.425759030526
344903887563,344904020918,133355,660.733722222222,122.852233333333,175.361382044444
344904054277,344904437522,383245,654.402504166667,235.927104166667,177.441979972917
344904472293,344904854135,381842,807.0032875,222.972929166667,183.65073376875
344904887819,344905570861,683042,878.415154761905,234.289497619048,186.087618385952
344905604174,344905920780,316606,807.140605,218.21618,192.780832993
344905987453,344906120779,133326,918.779533333333,220.806811111111,193.595737428889
344906270857,344906554173,283316,387.378094444444,308.045283333333,200.384986411667
344906654175,344906853994,199819,483.556907692308,310.671646153846,191.644972173077
344906887871,344907037453,149582,459.05437,311.79909,190.520622933
344907070827,344907170891,100064,538.864171428571,305.974242857143,184.4660237
344907287546,344907404055,116509,538.898525,312.888025,180.6915606425
344907437415,344907537680,100265,803.8268,234.155785714286,180.690685522857
344907570885,344907687441,116556,816.80225,233.1123625,176.38010247625
344907720680,344908120659,399979,751.418364,252.991124,181.979721832
344908154032,344908337410,183378,700.443441666667,265.556033333333,183.472478235
344908370773,344908470741,99968,459.280614285714,293.2572,189.040057017143
344908520657,344908720646,199989,469.318615384615,302.393430769231,185.919194714615
344908763994,344908870728,106734,542.400225,299.7600875,193.60686493125
344908970774,344909170734,199960,592.649676923077,291.284223076923,186.140646843077
344909204069,344909471940,267871,641.481911764706,299.861582352941,179.504886361765
344909737284,344909853886,116602,758.401075,226.6095,170.47507343625
344909903971,344910070719,166748,819.5834,243.668236363636,173.439702353636
344910204003,344910337270,133267,869.391977777778,289.221844444444,178.080340194444
344910370722,344910553885,183163,895.753675,285.093325,180.13690035
344910603944,344910803929,199985,401.362230769231,336.432476923077,187.002458746154
344910837290,344910987346,150056,383.33664,352.6738,188.357809223
344911020504,344911264155,243651,468.337306666667,295.511106666667,190.639648138667
344911353864,344911637142,283278,547.584422222222,280.456022222222,181.435729683333
344911670635,344911803942,133307,732.968733333333,303.596888888889,186.033610724444
344911837166,344911970758,133592,888.8904,273.517922222222,183.628366833333
344912055012,344912237159,182147,897.729766666667,269.49445,189.755558555833
344912287734,344912637174,349440,380.740436363636,318.092477272727,192.253089526364
344912920375,344913270532,350157,503.148490909091,337.925736363636,193.258763430455
344913303815,344913503810,199995,576.287692307692,328.674776923077,186.082250971538
344913537193,344913853779,316586,650.944645,321.234795,186.3685824425
344913887060,344913987066,100006,600.097514285714,332.774757142857,186.406631112857
344914020433,344914337028,316595,586.326065,329.4902,191.0466641545
344914370434,344914570452,200018,597.821561538462,393.792130769231,194.369099705385
344914603678,344915020392,416714,606.533969230769,325.203157692308,190.619810616923
344915120367,344915270353,149986,700.49137,288.02129,194.445496465
344915303692,344915670442,366750,923.46487826087,325.947786956522,192.839700298261
344915787071,344916020310,233239,522.502246666667,35.8982466666667,177.939069495333
