"start","end","dur","x","y","pupil"
100242594226,100242694373,100147,402.047871428571,216.190085714286,120.152053895714
100242727456,100243347462,620006,376.903658974359,92.154017948718,131.992602197949
100243377362,100243560662,183300,393.670858333333,40.30875,134.978432666667
100243594002,100243960853,366851,552.371156521739,43.4095869565217,134.869098827826
100243994014,100244710855,716841,380.827577272727,95.7081181818182,137.393687751364
100244744063,100245210597,466534,414.742668965517,123.35855862069,132.700941094828
100245247166,100245810570,563404,505.936857142857,146.816457142857,130.240373402286
100245960636,100246677316,716680,606.399688636364,125.2666,119.232150445682
100246710461,100247510475,800014,719.793442,123.915804,114.4224659844
100247544002,100247760518,216516,821.638085714286,96.4256142857143,112.237047902143
100247793895,100248193891,399996,887.558804,78.031868,114.0497753868
100248261186,100248427116,165930,449.787918181818,135.263227272727,121.347257930909
100248461245,100248693750,232505,356.14856,137.792086666667,123.68501594
100248727142,100249360398,633256,392.013058974359,157.396925641026,121.887275195128
100249393739,100249727116,333377,491.948514285714,149.973876190476,121.20888039619
100249760418,100250177214,416796,572.403619230769,148.535211538462,119.035536124231
100250210326,100250377182,166856,643.309636363636,143.945909090909,116.194545463636
100250410336,100250877066,466730,570.932620689655,152.456193103448,115.91656146069
100250910335,100251393620,483285,680.166676666667,135.580333333333,114.628884922
100251427009,100252177278,750269,801.494780434783,121.677710869565,113.322383316739
100252210248,100252546830,336582,772.831285714286,132.8023,115.779264242381
100252576919,100253093661,516742,899.102009375,106.533659375,112.238838599687
100253143577,100253293481,149904,518.43467,160.49159,116.722704705
100253326871,100254177062,850191,369.774377358491,168.903333962264,118.734062406226
100254310091,100254847022,536931,434.137387878788,156.842263636364,114.322173147576
100254876815,100254976818,100003,493.351857142857,143.099342857143,112.364405512857
100255010100,100255310066,299966,566.045389473684,135.734963157895,114.751333395789
100255347040,100255810110,463070,405.791044827586,160.758489655172,115.504436091379
100255893385,100256547044,653659,530.420395,165.031235,115.3239079565
100256660023,100256760495,100472,547.962371428571,286.560971428571,111.55190982
100257060019,100257193370,133351,536.923388888889,171.933177777778,109.094780796667
100257226796,100257709934,483138,585.411476666667,150.61103,109.354234301333
100257743459,100258309958,566499,673.834397142857,160.868614285714,111.843267274
100258346108,100258526623,180515,733.999516666667,163.282591666667,111.910260058333
100258560017,100259126623,566606,831.263645714286,141.03362,112.238501718857
100259159934,100259776833,616899,906.496165789474,134.750984210526,110.365631245263
100259826505,100259926494,99989,549.626385714286,189.282828571429,114.254643857143
100259959949,100260643205,683256,362.639028571429,186.227716666667,117.555872365
100260677200,100261209848,532648,446.96596969697,193.094990909091,118.757485065455
100261247402,100261476549,229147,495.853066666667,198.67752,114.477130640667
100261509718,100261876623,366905,543.931339130435,192.807213043478,114.889043889565
100261909704,100262626358,716654,656.220370454545,182.877293181818,114.455046538182
100262659766,100263392997,733231,798.473404444444,164.922237777778,112.597645035111
100263426366,100263748317,321951,906.163665,144.00117,111.4513452405
100263893008,100264026368,133360,564.887711111111,196.4412,116.921609722222
100264076582,100264526371,449789,373.947028571429,206.433039285714,117.467869408571
100264626371,100265209803,583432,395.947922222222,201.397372222222,116.208749305556
100265247312,100266092858,845546,486.982061538462,214.933,117.441241365769
100266126245,100266776467,650222,595.3652675,203.228105,115.4369746515
100266809458,100267026234,216776,688.029057142857,184.540457142857,110.613044245
100267059574,100268026120,966546,710.587379661017,207.834644067797,112.22744932339
100268059519,100268809464,749945,804.127839130435,185.722734782609,110.742245423261
100268846107,100269443519,597412,867.811178378378,170.304227027027,112.22168955027
100269546428,100269692807,146379,606.35944,219.0723,116.814501455
100269725986,100270525992,800006,403.761885714286,224.479259183673,115.504797072245
100270559318,100271109319,550001,502.895270588235,238.098664705882,114.838832066176
100271144243,100271992616,848373,593.850240384615,223.662296153846,114.016335564423
100272025995,100272575929,549934,647.81615,238.110838235294,113.014720954412
100272609208,100273142919,533711,741.090296969697,245.286857575758,111.937289125758
100273176131,100273525862,349731,719.195472727273,232.797527272727,119.668271724545
100273559289,100274159164,599875,807.238635135135,206.278510810811,130.477321142703
100274192507,100274759608,567101,901.4686,196.727391428571,123.068572506286
100274892502,100275046798,154296,647.04527,250.39565,126.020379965
100275075990,100275209079,133089,442.903855555556,253.090533333333,126.852611283333
100275242614,100275875912,633298,377.235002564103,249.237561538462,126.046124266923
100275909100,100276309061,399961,479.092072,262.8197,123.8323780348
100276342480,100277092372,749892,577.891630434783,264.715602173913,121.153523600217
100277125740,100277475682,349942,650.5019,261.666490909091,114.939461230455
100277508969,100278025620,516651,728.1278125,254.678871875,113.259499462812
100278059034,100278408948,349914,835.978963636364,217.448231818182,111.235223630909
100278444789,100278958923,514134,914.203503125,203.0322,113.984159044375
100279008853,100279125620,116767,553.84575,273.103,119.2211647125
100279158925,100279625501,466576,373.65124137931,268.61445862069,122.608818892069
100279659949,100280192311,532362,444.815163636364,275.831742424242,121.907113002121
100280225506,100280825527,600021,512.308613513513,281.160516216216,119.192071550541
100280858927,100281575838,716911,611.499275,289.551659090909,118.440823234545
100281608710,100283408715,1800005,755.808462385321,268.53336146789,115.61143736055
100283442909,100284143559,700650,835.085153488372,261.369504651163,115.486231309767
100284175407,100285047089,871682,853.812,251.077158490566,115.188964490943
100285075307,100285258685,183378,951.378225,228.01215,112.586640364167
100285308588,100285425244,116656,580.5829375,288.281725,116.970546265
100285458702,100286425247,966545,383.954613559322,286.381049152542,118.489290256441
100286458550,100286825242,366692,457.461234782609,307.265365217391,112.591902450435
100286925246,100288325117,1399871,504.254612941176,303.381112941176,113.609337131882
100288358566,100288775209,416643,611.44765,305.803961538462,113.909573965
100288808340,100289108323,299983,713.210021052632,292.255094736842,114.607783250526
100289143564,100289591766,448202,784.887367857143,277.358792857143,119.025843633929
100289625002,100290075165,450163,885.328339285714,259.660857142857,122.988195027143
100290108350,100290258427,150077,546.88214,311.99333,130.021180589
100290291796,100290624998,333202,382.651719047619,312.36330952381,130.32197279619
100290991606,100291091612,100006,407.064057142857,364.592814285714,134.487740741429
100291125004,100291808213,683209,473.5149,332.259714285714,134.387381203333
100291908208,100292274945,366737,548.159169565217,331.734860869565,132.545641215217
100292308197,100292774944,466747,631.565196551724,331.785713793103,128.894882260345
100292808563,100293391503,582940,692.212947222222,328.726061111111,124.163005285556
100293424881,100293908067,483186,810.230283333333,308.349713333333,124.283199252
100293943661,100294308080,364419,880.012460869565,288.205091304348,119.021754902609
100294375120,100294558221,183101,411.093066666667,320.601283333333,124.073364235833
100294591479,100294824750,233271,364.5927,333.62108,122.786518591333
100294875065,100295142937,267872,432.728858823529,334.533041176471,122.205256975882
100295248362,100295960253,711891,459.681529545455,346.283877272727,118.370726149773
100295991394,100296458038,466644,571.898175862069,345.036148275862,118.059240156207
100296491373,100297207959,716586,629.299240909091,341.921102272727,118.231309230227
100297247764,100297958046,710282,699.061147727273,335.248352272727,121.019646854318
100297991278,100298547305,556027,819.678770588235,326.756,119.685144631765
100298574684,100298857914,283230,902.735738888889,303.022533333333,116.954069923333
100298907839,100299024606,116767,441.2879625,355.491275,122.7834343325
100299057936,100299574686,516750,384.91578125,358.177128125,123.669075886562
100299607828,100300524491,916663,533.4387,367.914298214286,126.58584982625
100300576028,100300791141,215113,882.7234,363.53255,118.098663174286
100300924489,100301207741,283252,490.395088888889,71.1646388888889,119.918181486667
100301246608,100301457802,211194,434.147942857143,57.00125,118.920234737857
100301524493,100301757819,233326,893.24586,308.790586666667,116.649260761333
100301791118,100301891138,100020,927.045083333333,377.951561904762,120.04586273
