"start","end","dur","x","y","pupil"
23907003285,23907336665,333380,512.7586,215.421142105263,234.498962037368
23907369883,23907703272,333389,373.435276190476,147.457747619048,245.644921946667
23907736566,23908469892,733326,414.27726,107.873526666667,250.085791016
23908503137,23908786472,283335,488.956827777778,122.301022222222,254.837958442778
23908826405,23909103276,276871,579.100627777778,136.781233333333,260.072624921667
23909136559,23909803167,666608,657.778831707317,135.080646341463,261.041054808537
23909836440,23910269768,433328,764.738244444444,117.782537037037,244.903462081481
23910303160,23910453290,150130,368.16791,121.06794,237.783723549
23910486314,23910736507,250193,409.9400625,120.75575,235.270958496875
23910770076,23911086327,316251,513.963935,127.371015,228.007622061
23911122690,23911427732,305042,598.99162631579,148.923347368421,226.427182562632
23911453294,23911969633,516339,375.788271875,177.58293125,234.954187151563
23912103012,23912736308,633296,485.386979487179,195.308553846154,227.780906323333
23912769650,23913386199,616549,561.717405263158,201.217723684211,223.488845385789
23913420281,23914269523,849242,632.996775,214.192746153846,234.297165740769
23914302883,23914653064,350181,755.820904545455,202.10255,238.133029042273
23914686206,23915053148,366942,850.560369565217,202.907752173913,220.575881535652
23915102887,23915353207,250320,386.21665,194.82359375,218.13131860625
23915602871,23915802900,200029,476.505084615385,206.909630769231,217.793163113077
23915836183,23916336535,500352,556.702519354839,225.141448387097,215.468538679032
23916369513,23916686072,316559,420.284805,179.180865,214.3987832095
23916727447,23917102761,375314,481.287083333333,183.440995833333,226.75392554625
23917136489,23917319721,183232,409.987591666667,165.5163,229.598003399167
23917352966,23917869399,516433,534.0367625,200.531846875,225.117824030625
23917902755,23918319599,416844,603.193473076923,212.596965384615,226.787595473846
23918352658,23918636100,283442,614.700461111111,186.235844444444,224.567380324444
23918838925,23919102635,263710,531.6085,188.872452941176,236.61606659
23919136743,23919326401,189658,530.399783333333,209.416425,237.17654457
23919352903,23920226923,874020,398.380488679245,188.978322641509,224.894019918302
23920269273,23920585841,316568,519.499415,224.018095,230.232293101
23920623325,23920952579,329254,602.149247619048,225.316766666667,236.842312165714
23920985926,23921469264,483338,696.29356,233.389223333333,230.467080562333
23921502496,23921902486,399990,766.51808,213.480536,221.2595824096
23921935937,23922352530,416593,865.494507692308,213.112507692308,220.765108893077
23922427821,23923019180,591359,401.904816216216,225.962545945946,233.889492244054
23923052538,23923302383,249845,530.70118125,227.65954375,226.543700765
23923338721,23923702365,363644,634.175830434783,242.969,231.79097590913
23923735798,23924419551,683753,718.691464285714,245.252554761905,239.907052442143
23924452569,23924637048,184479,788.3739,247.3521,238.6312450575
23924802415,23925685573,883158,849.716562962963,237.738159259259,228.520162990741
23925802254,23926252253,449999,404.019353571429,242.591239285714,242.252114435
23926285579,23926502260,216681,481.138042857143,258.202335714286,239.73010131
23926535857,23927052441,516584,526.187290625,239.2755875,232.928646730312
23927085572,23927952484,866912,637.280309433962,259.865398113208,235.955160849057
23927985449,23928285465,300016,720.673694736842,254.3966,247.375066407895
23928328538,23928826470,497932,817.342416129032,265.150222580645,235.543991669677
23928852146,23929002132,149986,878.63145,263.79822,226.180724295
23929052260,23929502082,449822,387.332853571429,264.347810714286,237.3864898425
23929652374,23929752380,100006,525.301885714286,240.0797,209.66702906
23929785506,23930285330,499824,553.309751612903,268.98124516129,222.788148738387
23930328268,23930785312,457044,653.951637931034,269.015086206897,214.378986722069
23930826505,23931226901,400396,745.459956,278.450216,217.315830646
23931252203,23931935481,683278,807.378716666667,265.161521428571,227.812288224524
23931968653,23932185324,216671,877.620121428571,267.987007142857,229.402250791429
23932235698,23933026711,791013,393.264977083333,279.037714583333,236.146397519375
23933052245,23933668653,616408,459.869139473684,274.400178947368,222.271076601053
23933701871,23934268525,566654,547.264305714286,283.136882857143,229.294608166857
23934401888,23934652011,250123,630.97724375,279.88603125,225.825096739375
23934685212,23935018691,333479,686.029457142857,293.95590952381,231.033283659524
23935051897,23935435180,383283,765.594520833333,280.623675,217.971068485833
23935468510,23935985075,516565,866.126140625,276.968121875,216.22619905
23936035263,23936627374,592111,397.508736111111,288.497744444444,224.038048853889
23936651878,23936968419,316541,504.28135,300.796385,218.4587206445
23937001725,23937501759,500034,607.83364516129,305.415590322581,213.493314357419
23937535067,23937901726,366659,709.576960869565,322.110086956522,217.607520416957
23937935089,23938327992,392903,797.289425,318.1135125,221.767722684167
23938351665,23938568444,216779,880.868592857143,286.934471428571,215.703633921429
23938628118,23938935086,306968,393.965465,298.411195,227.1388684985
23938968549,23939084954,116405,555.5306625,314.0119875,219.8985935825
23939122816,23939427646,304830,673.62567368421,317.541957894737,209.065948266842
23939551957,23939884855,332898,691.034657142857,321.037771428571,217.857483044286
23939926888,23940335997,409109,775.697338461538,326.635492307692,207.62174987
23940368303,23940934921,566618,818.484417142857,322.956734285714,210.517926450286
23940968308,23941501512,533204,894.094903030303,332.735009090909,220.384644407576
23941551695,23942068146,516451,407.95200625,340.048059375,232.998064181562
23942184834,23942518198,333364,492.780142857143,334.308142857143,228.821811757619
23942551639,23943034853,483214,572.35695,338.157126666667,217.399897598667
23943068142,23943535799,467657,663.0478,351.5905,230.707776375172
23943637006,23943984715,347709,782.559095454545,353.152695454545,230.592656992273
23944017968,23944384717,366749,865.451895652174,330.976273913043,227.76885761
23944435022,23944901388,466366,396.385537931034,347.069731034483,241.524228425517
23945034707,23945325685,290978,509.018805555556,341.485644444444,225.982621606667
23945351525,23945734679,383154,566.216704166667,369.218895833333,219.428793124167
23945768021,23945920078,152057,662.48805,358.11463,217.113484202
23945951370,23946268504,317134,811.960435,357.88342,233.3609843695
23946301248,23946467933,166685,884.705563636364,356.710354545455,236.970498558182
23946518020,23946827549,309529,421.790342105263,372.223689473684,245.403537827368
23946851557,23947301264,449707,548.084067857143,378.633903571429,225.880600883929
23947335651,23947701267,365616,637.367439130435,374.706343478261,221.315550702609
23947851499,23948184447,332948,736.099942857143,368.98939047619,224.615488458571
23948226948,23948667917,440969,802.033189285714,369.767903571429,208.069689586786
23948701122,23949336067,634945,889.58288974359,363.548179487179,215.871602138462
23949384479,23949551320,166841,403.932490909091,370.062990909091,245.267130252727
23949584461,23949784360,199899,379.780361538462,380.238076923077,246.203967887692
23949826402,23950134499,308097,477.147695,381.556395,233.575697294
23950167779,23950636708,468929,566.155327586207,398.789465517241,234.814031044483
23950667794,23951226913,559119,671.956332352941,400.7698,232.982829252647
23951251234,23951601053,349819,766.20145,400.937036363636,228.282209291818
23951784329,23951967649,183320,702.029458333333,266.61505,220.412977309167
23952000999,23952567651,566652,723.269617142857,287.63256,230.820665434286
23952601012,23953051072,450060,822.620078571429,270.283635714286,223.5088111575
23953084221,23953300895,216674,867.332257142857,261.887414285714,237.506278595714
23953337337,23953551066,213729,400.462628571429,264.153507142857,250.025936202143
23953584229,23953851101,266872,389.851570588235,280.096623529412,242.087554397647
23953884195,23954317737,433542,495.332262962963,292.677640740741,227.357746085185
23954350905,23954684196,333291,584.795914285714,288.0626,233.869899532381
23954717799,23955267525,549726,696.209547058824,303.648973529412,236.005513930294
23955300884,23955784090,483206,804.257973333333,305.769603333333,240.848277615667
23955818512,23956134269,315757,884.29588,287.3038,236.9558411675
23956184113,23956767431,583318,389.633505555556,283.036513888889,234.979886843611
23956900750,23957200753,300003,494.083868421053,294.877815789474,233.104236694737
23957236768,23957634078,397310,567.59232,313.945612,225.51414688
23957667407,23958150814,483407,659.90733,315.941596666667,219.568251075
23958183976,23958700623,516647,754.33439375,314.881190625,225.439283075312
23958737234,23959183952,446718,849.037825,318.412675,224.642864741071
23959236016,23959817299,581283,411.650886111111,321.618802777778,226.852720541667
23959850824,23960050735,199911,524.743723076923,323.432992307692,219.561792121538
23960083841,23960350816,266975,668.844676470588,330.572211764706,222.431090058235
23960517769,23960983826,466057,768.117724137931,330.252337931035,230.17248153931
23961017310,23961627963,610653,837.326545945946,328.159210810811,211.143529143243
23961650657,23962183721,533064,889.141033333333,313.480863636364,214.650387908182
23962233895,23962526699,292804,410.551633333333,339.53785,237.679440813889
23962550685,23963050565,499880,429.599759259259,347.374022222222,236.198055341481
23963083717,23963333854,250137,425.18900625,332.2674125,226.896253108125
23963467145,23963867057,399912,513.391404,333.499016,230.1900775064
23963900393,23964800424,900031,553.77384,354.211169090909,215.083712242727
23964835713,23965300388,464675,527.934193103448,343.067996551724,227.148779744138
23965333724,23965834821,501097,644.532767741935,349.323690322581,236.479956755806
23965867019,23966333739,466720,797.643682758621,344.387896551724,240.521324697586
23966367185,23966634084,266899,885.840752941176,348.110058823529,242.578633131176
23966666910,23966766925,100015,902.544575675676,431.948908108108,250.061727241429
