"start","end","dur","x","y","pupil"
342142333793,342142484902,151109,897.72827,520.84651,157.744128157
342142700280,342142836238,135958,663.774811111111,125.617755555556,150.553317326667
342142866997,342143183550,316553,386.77947,101.68458,146.2315126065
342143316937,342143600160,283223,448.641066666667,53.7071777777778,171.033060299444
342143633627,342144316935,683308,563.823283333333,72.7618166666667,171.121894999762
342144350374,342144634171,283797,622.350077777778,70.8067166666667,167.543555877222
342144666873,342144816792,149919,668.66041,61.62807,169.496558136
342144916803,342145135663,218860,706.207664285714,91.7103285714286,174.346399282857
342145166872,342145666892,500020,770.658090322581,73.0902677419355,119.450428267742
342147533590,342147716668,183078,673.99336,127.80101,124.778194903
342150383175,342150483173,99998,478.964814285714,123.8364,105.21679773
342151016558,342151266595,250037,612.687873333333,146.35794,123.943832834667
342151316549,342151683200,366651,673.627454545454,143.371659090909,131.332445852273
342151733346,342152249843,516497,740.186478125,141.330171875,130.752328645
342152283191,342153116430,833239,837.127062745098,171.307607843137,136.852693457843
342153149900,342153283033,133133,908.490144444444,211.193666666667,136.734228646667
342153616386,342153999678,383292,405.250366666667,154.029945833333,125.953487790417
342154033144,342154549831,516687,499.931165625,156.748225,145.782539219062
342154583050,342155249870,666820,591.470358536585,163.469941463415,145.392749928049
342155283034,342155416311,133277,658.486088888889,167.405788888889,143.572114152222
342155533024,342156133038,600014,728.289545945946,177.169232432432,149.264082426216
342156166499,342156534012,367513,818.751169565217,173.147960869565,135.94027267913
342156566352,342156834919,268567,625.823088235294,179.930417647059,152.821024407059
342156866370,342157466244,599874,841.627335135135,187.064178378378,148.727945371622
342157499535,342158099530,599995,901.875367567568,199.853075675676,141.765232761622
342158132917,342158399521,266604,916.969888235294,217.213317647059,141.783754140588
342158449599,342159349551,899952,384.946505454545,177.95178,138.022208371818
342159382786,342159882800,500014,474.23525483871,178.657158064516,133.385773000968
342159916042,342160366113,450071,553.379682142857,183.469482142857,140.729629093571
342160399412,342160566102,166690,604.142027272727,184.640290909091,136.621678660909
342160599410,342161382682,783272,718.020025,183.101408333333,130.572610020833
342161416030,342161549451,133421,776.438911111111,163.076855555556,117.05662831
342161649351,342162366012,716661,838.224715909091,186.342365909091,123.633867102273
342162399269,342162765994,366725,910.652556521739,215.051760869565,128.287916506522
342162815931,342162915921,99990,376.632628571429,204.548742857143,129.917403628571
342162949446,342163749342,799896,397.904259183673,199.739967346939,129.636684104898
342163782571,342164349218,566647,490.928945714286,194.968148571429,135.623783384
342164382568,342164699155,316587,514.35709,185.122005,126.5434965615
342164732680,342165182538,449858,560.132196428571,193.459378571429,132.775998264286
342165215807,342165549322,333515,657.769104761905,208.22800952381,144.939453316667
342165582412,342165815804,233392,731.566766666667,204.479706666667,136.440930512
342165849224,342166299142,449918,799.394685714286,198.156260714286,127.228593325357
342166334887,342166615800,280913,845.786794444444,206.091533333333,123.620437806667
342166649302,342167082419,433117,888.909948148148,218.566725925926,131.618782904444
342167149190,342167882446,733256,374.063828888889,195.566751111111,135.465585324
342167915692,342168465757,550065,464.436094117647,200.588317647059,123.815513023529
342168499029,342169765601,1266572,527.875501298701,208.850733766234,117.267527767143
342169798891,342170265613,466722,569.072627586207,222.681786206897,141.450785694483
342170298908,342170982173,683265,546.916002380952,211.920642857143,140.082608952143
342171015570,342171198916,183346,603.825125,227.4408,149.091303506667
342171232285,342172032292,800007,689.15836122449,228.834153061224,149.243180975714
342172065627,342173182058,1116431,732.024020588235,231.550527941176,147.279692655735
342173215427,342173565469,350042,809.241981818182,231.614209090909,134.050153812727
342173598788,342173898776,299988,911.835605263158,214.629573684211,118.073769114737
342173932523,342174898650,966127,546.354130508475,226.138344067797,137.781219840508
342174932565,342175232182,299617,652.146915789474,232.164531578947,148.945251751053
342175265422,342175865560,600138,741.164554054054,226.345372972973,149.193352635676
342175898644,342176132333,233689,814.573213333333,222.56762,147.915040945333
342176165673,342176365383,199710,937.161623076923,249.695246153846,127.281835356154
342176415298,342176665346,250048,391.215225,216.0771625,140.14957919125
342176832076,342177315174,483098,400.627056666667,214.659123333333,138.320579791667
342177348715,342177848593,499878,473.409477419355,218.083632258065,130.135556134194
342177881986,342178298542,416556,566.340680769231,225.215011538462,122.978273807308
342178332698,342178515205,182507,643.677066666667,237.646483333333,144.2585361675
342178548705,342178881801,333096,699.568285714286,246.303266666667,128.308813970476
342178915197,342179233165,317968,804.2247,266.67693,148.2437700215
342179265226,342179798398,533172,902.038039393939,266.270190909091,137.799913158788
342179848640,342180548588,699948,384.11838372093,236.245586046512,134.041097278837
342180581797,342180898402,316605,422.10352,229.276655,133.567833
342180931834,342181465096,533262,500.919375757576,242.426309090909,121.823009528182
342181498402,342182048370,549968,634.105467647059,248.505208823529,138.26125043
342182081679,342182248335,166656,685.119772727273,255.450890909091,140.326106547273
342182281700,342182948432,666732,775.213395121951,264.095607317073,139.324921031707
342182981689,342183348456,366767,873.908152173913,250.76637826087,123.712443945652
342183381559,342183565010,183451,922.079375,262.0525,120.8853573175
342183614944,342184298142,683198,387.778569047619,251.556319047619,129.441462940952
342184331724,342184781542,449818,471.607975,258.230446428571,125.055858369286
342184914814,342185081567,166753,527.757354545455,276.827627272727,124.902586882727
342185114817,342185564883,450066,610.882032142857,276.915364285714,143.303444369643
342185598162,342186064864,466702,736.124486206897,276.01085862069,141.450341056897
342186098164,342186581423,483259,817.902043333333,268.983876666667,140.437762543667
342186614804,342187764790,1149986,911.2844,276.14076,125.516416461571
342187814685,342188214674,399989,374.151556,261.204556,136.376616688
342188248089,342188814686,566597,456.268705714286,289.345905714286,132.877258439714
342188848210,342189514693,666483,518.859756097561,290.597987804878,120.351951974878
342189547970,342189764787,216817,579.306235714286,280.745642857143,121.605056208571
342189797897,342190414575,616678,712.266439473684,294.202323684211,142.693376995
342190450724,342190714554,263830,785.246741176471,280.750688235294,127.406750767059
342190748071,342191333231,585160,872.784338888889,269.542705555556,107.261136166667
342191364601,342191797764,433163,893.545148148148,286.45692962963,117.877442393333
342191897763,342192731713,833950,913.542280392157,303.28792745098,135.823060508431
342192764485,342194031697,1267212,413.958963636364,300.149019480519,128.651691881818
342194064512,342194432944,368432,450.579847826087,303.817634782609,116.920943373913
342194464525,342194831182,366657,508.923875,297.20578125,113.893494176875
342194864492,342195281036,416544,577.008342307692,300.679788461538,141.826067398846
342195314302,342195447836,133534,635.979722222222,322.424377777778,146.734356281111
342195581046,342195948012,366966,718.442465217391,307.098330434783,137.674268914783
342196031286,342196414300,383014,793.041433333333,303.15445,132.381285422917
342196447859,342197314314,866455,863.811143396226,300.982054716981,129.807433631321
342197347703,342197697530,349827,909.941831818182,332.54315,133.673015619545
342197831881,342198197529,365648,382.677246666667,325.18822,111.836771899333
342198948642,342200347467,1398825,550.334978571429,341.402071428571,124.271233824286
342200431392,342200830936,399544,627.66225,345.04485,130.5542927875
342200880804,342201147573,266769,680.168235714286,343.134092857143,120.523648826429
342201280706,342201680697,399991,749.799056,351.217576,132.951059146
342202014074,342202114064,99990,935.300798148148,370.178237037037,133.08409585
