"start","end","dur","x","y","pupil"
100964307567,100964707473,399906,454.842076,186.316996,142.6472128072
100964746564,100964890852,144288,422.19028,100.57703,143.266430118
100964924082,100965424088,500006,382.408309677419,-2.06722580645161,140.082337483871
100965459374,100965690702,231328,411.904446666667,-7.73518,138.595957232
100965724084,100965857423,133339,461.673277777778,28.2589777777778,135.533358742222
100965890722,100965990689,99967,495.746671428571,66.2857571428571,131.770116284286
100966024071,100966407576,383505,626.199933333333,58.5740625,132.0490252125
100966497655,100967007327,509672,716.6568875,11.279171875,137.350573866875
100967047556,100967290717,243161,751.07059375,-11.9288875,143.508405671875
100967347346,100967474232,126886,854.219077777778,-96.4252555555556,148.735181725556
100967907294,100968157841,250547,375.644825,-4.95318125,152.893488795
100968223952,100968523968,300016,382.152694736842,173.488868421053,149.403666506842
100968557528,100968907166,349638,358.271813636364,2.11223181818182,146.757830827273
100968950438,100969090603,140165,367.38984,181.07238,147.109240556
100969157292,100969474008,316716,374.342905,139.848845,147.913157858
100969507178,100970347220,840042,479.396366666667,153.821335294118,144.329723602549
100970373901,100970623835,249934,550.7413875,137.80609375,142.759667953125
100970657287,100971107031,449744,452.384367857143,126.892692857143,146.119039829643
100971143311,100971643315,500004,544.20185483871,147.138264516129,144.104199379677
100971674096,100972144370,470274,653.918893103448,129.933596551724,142.869275782069
100972174071,100972907025,732954,736.025797777778,123.093711111111,138.67882766
100972948421,100973307082,358661,894.249473913044,89.845852173913,133.964744646522
100973373945,100973547536,173591,414.121127272727,115.700663636364,139.623851765455
100973690374,100973890336,199962,359.704638461538,148.942046153846,138.533892884615
100974024085,100974406943,382858,418.647979166667,159.439191666667,134.733604808333
100974490357,100975057014,566657,502.0196,156.236337142857,135.702333025429
100975090367,100975406912,316545,616.192475,150.611745,132.5930117525
100975443462,100975823580,380118,716.792658333333,138.74635,131.36400457625
100975857015,100976407070,550055,833.000567647059,125.466432352941,130.91799748
100976447954,100976590234,142280,944.97668,66.00438,128.530530387
100976690223,100976847149,156926,418.55777,173.09433,137.087738559
100976906778,100977690199,783421,384.274435416667,182.3693875,139.939865902917
100977723447,100978190144,466697,487.451006896552,192.621210344828,141.894005387586
100978223478,100978406793,183315,558.208516666667,203.985683333333,148.711298451667
100978448130,100978747628,299498,607.120957894737,191.357994736842,146.688443854737
100978773614,100979543718,770104,684.249576595745,186.791182978723,146.976215341277
100979573508,100980173531,600023,755.491278378378,162.792032432432,148.854796192973
100980206672,100980706672,5e+05,753.498783870968,165.425867741935,149.315716073548
100980740086,100981323327,583241,837.599819444444,169.735430555556,152.162206008333
100981356673,100981673652,316979,927.48053,144.26177,154.0081248725
100981706558,100981873422,166864,642.405618181818,219.694254545455,161.000160463636
100982189973,100982589998,400025,377.467392,184.121716,154.9128137324
100982623211,100982889864,266653,497.577005882353,233.148770588235,151.875514484706
100982923209,100983089864,166655,556.219645454545,221.566518181818,152.797178381818
100983123213,100983323205,199992,657.908723076923,203.555030769231,147.848190133077
100983356643,100983523169,166526,725.949909090909,195.838981818182,144.958910914545
100983557180,100983747938,190758,826.920191666667,178.7869,142.069533176667
100983773398,100983973323,199925,969.310930769231,63.6347615384615,135.909087026154
100984156554,100984839980,683426,365.062507142857,190.422892857143,137.930283147619
100984873233,100985189853,316620,423.50416,203.51136,133.3265889035
100985223083,100985506471,283388,484.647638888889,315.747783333333,131.281241895556
100985547741,100985947410,399669,551.00976,206.404132,131.5713738016
100985973350,100986389826,416476,687.956307692308,192.446742307692,129.110661730769
100986423093,100986756427,333334,719.907014285714,193.14009047619,128.370062302857
100986789801,100987289719,499918,823.719290322581,181.171822580645,127.01322078871
100987322960,100987522933,199973,736.0566,200.023523076923,128.346620478462
100987556405,100987889595,333190,845.279152380952,176.36919047619,127.988413686667
100987922947,100988073084,150137,909.45118,154.46128,125.384183732
100988122997,100988256413,133416,453.775011111111,204.905088888889,131.744475492222
100988289629,100988748011,458382,365.134078571429,225.123014285714,134.47107864
100988789621,100989106203,316582,479.45851,176.32743,135.6858922475
100989147484,100989822834,675350,470.428376190476,237.325333333333,143.01534536
100989973114,100990106164,133050,458.034833333333,259.153244444444,146.366652295556
100990147745,100990956188,808443,511.846026,234.733208,145.4740807
100990989488,100991349156,359668,610.205459090909,221.097836363636,141.943903959091
100991473027,100992172998,699971,749.022979069767,197.102076744186,137.595050233256
100992206042,100992689352,483310,827.086366666667,199.650823333333,133.166802342667
100992722707,100993272881,550174,745.057352941177,218.335914705882,134.415162080294
100993306080,100993847384,541304,839.919321212121,197.176833333333,131.21363705
100993872776,100994189350,316574,913.129745,185.96475,128.489827104
100994248271,100994372647,124376,567.182588888889,249.873166666667,133.356210103333
100994422590,100995172837,750247,388.29915,243.506765217391,134.550111427609
100995205950,100995772782,566832,499.418531428571,243.655062857143,133.855170694286
100995805929,100996105783,299854,569.927594736842,233.1047,130.668649202105
100996146944,100996789217,642273,695.6438175,236.5868075,131.1990501435
100996822453,100997347313,524860,762.942465625,224.02040625,128.4232090525
100997372746,100997872758,500012,841.758658064516,210.971735483871,128.306755643548
100997905785,100998056489,150704,908.33158,200.58667,127.066498468
100998105782,100998222461,116679,624.5445125,273.3284,134.87003455875
100998256916,100998922452,665536,387.25263902439,264.74227804878,133.79140734439
100998960702,100999622340,661638,447.296026829268,281.546131707317,133.715531493415
100999656498,101000247797,591299,531.581972222222,272.555747222222,131.329745013611
101000272344,101002205561,1933217,633.046865811966,271.020830769231,127.687028000684
101002239246,101002888883,649637,700.766695,255.7875275,126.16269383475
101002922220,101003657779,735559,798.08338,240.640475555556,124.181869533111
101003688842,101005005484,1316642,868.40664,245.33879875,125.38280555075
101005047689,101005405407,357718,644.213643478261,272.990095652174,128.22824831
101005440741,101006147758,707017,869.264153488372,260.230025581395,121.069217513256
101006172334,101006522090,349756,894.390709090909,246.669463636364,117.611827681364
101006555413,101007172249,616836,875.163812121212,236.060993939394,119.896893752424
101007205323,101007650332,445009,928.003159259259,212.645840740741,119.965319913333
101007672221,101007772149,99928,608.886,264.008928571429,127.975863327143
101007805309,101008588752,783443,387.2836375,270.20643125,133.254247391667
101008621968,101009521794,899826,485.358992727273,287.050767272727,138.288368109636
101009555321,101010105162,549841,582.037526470588,274.434429411765,137.057005965294
101010143328,101010658906,515578,685.1655125,274.963759375,135.528971049375
101010688495,101011021805,333310,686.468861904762,289.242476190476,135.035790371905
101011055130,101011721714,666584,780.047726829268,282.50892195122,129.71490338561
101011755534,101012971816,1216282,900.941725675676,249.642772972973,133.359334885135
101013021687,101013121719,100032,561.163042857143,312.663357142857,141.841922684286
101013157604,101014488399,1330795,407.935093421053,313.935097368421,140.488087818684
101014521560,101015021556,499996,476.035622580645,321.219480645161,146.120803552903
101015056376,101016121595,1065219,583.527335384615,302.297366153846,150.677115336769
101016154927,101017204807,1049880,677.9324984375,304.90119375,144.702943567188
101017346528,101018047770,701242,664.890939534884,289.368141860465,140.313131417674
101018072864,101018804764,731900,734.065506666667,302.885284444444,134.545901870222
101018846836,101019704668,857832,785.290894339623,292.44838490566,138.479131791887
101019748365,101020547149,798784,759.323340816327,298.975297959184,137.014292528776
101020571382,101021871446,1300064,864.820944303797,281.354225316456,135.007386255316
101021904544,101022047374,142830,925.862022222222,274.498577777778,135.352266241111
101022087983,101022221194,133211,585.685066666667,321.866222222222,142.931434601111
101022259154,101023154689,895535,380.808207272727,328.737509090909,143.123150424364
101023187861,101023921255,733394,413.957771111111,341.929802222222,139.866008672
101023954519,101024748192,793673,509.38619375,327.16928125,140.941460155208
101024838100,101026387732,1549632,555.723762765957,335.018707446808,134.828001299362
101026421088,101027720985,1299897,626.157212658228,338.221573417722,134.530925436076
101027754440,101028820972,1066532,718.781718461539,321.03154,133.602617658769
101028854301,101029455568,601267,803.706708108108,304.76662972973,132.037072314054
101029487606,101029920845,433239,883.487259259259,286.120240740741,131.963950893704
101029954952,101030143994,189042,649.695458333333,324.749575,135.358183335833
101030171032,101030620840,449808,548.515167857143,315.978882142857,140.825094076429
101030654234,101030920847,266613,580.265476470588,314.992117647059,139.686903507059
101030956987,101031057151,100164,826.409085714286,304.950542857143,138.436409728571
101031087517,101031287484,199967,913.016369230769,284.738230769231,135.123300600769
101031355099,101031487478,132379,423.478955555556,330.0443,142.654877407778
101031520840,101032170875,650035,380.69199,343.3037,143.670687733
101032204047,101032637572,433525,471.262796296296,350.365696296296,145.026772814444
101032670754,101032887556,216802,543.679392857143,353.093307142857,145.155768930714
101032920708,101033556522,635814,631.902456410256,355.460861538462,141.376767039744
101033587361,101033987364,400003,750.36832,337.25554,141.9631328028
101034057059,101034847027,789968,821.652833333333,320.187089583333,144.936886841458
101034870836,101035454045,583209,904.864663888889,316.601091666667,140.358665814444
101035520610,101035654021,133411,395.461666666667,350.938611111111,141.194359352222
101035687229,101036487236,800007,404.778006122449,370.818879591837,142.229116191224
101036520457,101036887237,366780,525.256682608696,377.617017391304,146.290390978696
101036920469,101037320464,399995,631.681376,377.995668,143.2226980516
101037354411,101037670662,316251,745.14463,367.93029,140.760419664
101037703805,101038455566,751761,808.335876086957,359.009130434783,140.755161623261
101038487155,101038587128,99973,924.840035483871,392.315532258065,139.785768692857
