"start","end","dur","x","y","pupil"
1963137257,1963320245,182988,667.183127272727,284.700754545455,121.172765964545
1963337239,1963553784,216545,684.0121,223.278392857143,120.050257758571
1963587353,1963720676,133323,439.850811111111,180.473588888889,125.234137707778
1963953810,1964153817,200007,351.139738461538,58.1768692307692,126.192227785385
1964203848,1964337224,133376,401.323555555556,72.5313666666667,116.056214752222
1964370461,1964503862,133401,465.452355555556,51.7656777777778,107.732039147778
1964537221,1964670455,133234,482.519866666667,59.3335888888889,105.410176052222
1964737221,1965053795,316574,522.00645,-26.81959,110.685804587
1965087325,1965253954,166629,506.751154545455,-20.2886,115.739959429091
1965287213,1965437027,149814,573.37257,37.5611,115.590047931
1965470436,1965603989,133553,625.7993,45.1239111111111,114.606986345556
1965803964,1965937088,133124,819.668688888889,31.7919,110.743379196667
1965970448,1966070449,100001,789.2833,34.4928285714286,113.705241915714
1966103876,1966203729,99853,321.031328571429,21.2248428571429,115.88068449
1966387769,1966537077,149308,442.30155,31.3927,115.236518757
1966570453,1966703734,133281,384.7268,70.0744444444444,119.453001573333
1966837110,1966937099,99989,527.410942857143,102.779714285714,118.324190167143
1966970712,1967187155,216443,763.599921428571,51.9123714285714,113.404082475
1967220394,1967753673,533279,678.176615151515,53.5487636363636,114.261397647273
1967870342,1968003892,133550,401.731466666667,124.226844444444,116.378692158889
1968036969,1968336985,300016,360.963494736842,118.590942105263,116.631727821579
1968370324,1968470244,99920,367.771628571429,67.7249142857143,115.434678537143
1968503614,1968803630,300016,481.776947368421,114.931936842105,114.152459165789
1968836985,1969220389,383404,519.788617391304,77.3773217391304,130.017651762174
1969253607,1969453610,200003,581.563728571429,81.2643142857143,140.321211135714
1969487100,1969687190,200090,649.263407692308,156.990776923077,128.621473672308
1969720277,1969887070,166793,709.081563636364,198.914409090909,119.214784382727
1969987041,1970203523,216482,757.806978571429,159.2573,113.858688607143
1970236829,1970620334,383505,858.81655,133.98705,113.75479067875
1970870197,1971236835,366638,366.691369565217,153.35952173913,122.752195236957
1971370213,1971686906,316693,429.677785,164.421815,117.412424425
1971720267,1972103583,383316,542.194058333333,167.862979166667,115.263331527917
1972270070,1972436824,166754,673.961154545455,69.0776454545455,115.10647667
1972470095,1973003503,533408,675.447503030303,135.664878787879,113.945474612727
1973036724,1973488869,452145,694.892696428571,174.530585714286,109.75644371
1973520151,1973886789,366638,796.453747826087,143.8482,108.15078859087
1973920148,1974220231,300083,858.136173684211,130.309078947368,110.643820112105
1974253310,1974669961,416651,761.737392307692,147.577111538462,114.362474363077
1974703372,1975069944,366572,724.657104347826,159.319608695652,115.313212073043
1975103497,1975569951,466454,790.337620689655,153.009431034483,115.129567448621
1975603548,1975936570,333022,882.760195238095,136.109928571429,114.904720095714
1975969967,1976103443,133476,903.742844444444,172.286944444444,114.773613241111
1976153219,1976586909,433690,366.770337037037,186.893811111111,116.105947705556
1976703243,1977319892,616649,441.804060526316,188.847568421053,118.591932085
1977419882,1977603380,183498,581.573608333333,169.995658333333,115.050775830833
1977703471,1977936451,232980,563.822466666667,175.31842,118.470796486667
1977969840,1978236480,266640,643.295882352941,190.482870588235,117.685935204118
1978269837,1978403375,133538,548.422744444444,181.296844444444,111.615180585556
1978553050,1979203349,650299,709.52872,147.54508,112.65261987625
1979236466,1979436444,199978,719.6855,176.742215384615,109.20336789
1979669702,1980086581,416879,894.663934615385,150.340757692308,114.693660511538
1980119766,1980303129,183363,397.341533333333,158.828341666667,124.510712765
1980336495,1980553072,216577,365.900185714286,173.352371428571,123.284013748571
1980586438,1980886414,299976,477.854531578947,165.063815789474,121.618493616316
1980919776,1981103099,183323,491.556216666667,190.950783333333,121.1966458625
1981136347,1981686646,550299,580.204245714286,178.984588571429,118.090965883714
1981719764,1982152954,433190,617.504981481481,190.851855555556,115.331817042963
1982186470,1982402983,216513,673.503807142857,181.624607142857,113.48241373
1982687160,1982902979,215819,811.609521428571,190.044642857143,115.306456752857
1982936229,1983203138,266909,866.454711764706,187.738970588235,112.753461171176
1983236214,1983636204,399990,917.553,191.503004,112.567354196
1983703027,1983819620,116593,374.9341875,198.7331875,119.13315112
1983852813,1984286330,433517,399.94077037037,205.439603703704,121.384041827778
1984319752,1984686295,366543,474.897,238.185891304348,120.749493642174
1984719656,1985152824,433168,567.075637037037,230.512196296296,120.819533715185
1985186290,1985802889,616599,463.727226315789,237.908497368421,119.741013495526
1985836090,1986002756,166666,520.279936363636,240.962654545455,119.681647749091
1986036109,1986369427,333318,686.666604761905,228.043742857143,159.656719499524
1986402763,1986569458,166695,675.693545454545,278.588127272727,113.493497158182
1986602763,1987002753,399990,786.978244,233.183772,117.994522296
1987036105,1987302753,266648,841.821905882353,227.206605882353,114.315249285294
1987336088,1987752687,416599,781.289469230769,178.381253846154,114.913752341154
1987786071,1988002919,216848,715.345678571429,226.046142857143,117.548572201429
1988035984,1988169361,133377,626.718533333333,248.669733333333,118.343244444444
1988202734,1988535961,333227,911.437352380952,225.866076190476,116.575472855238
1988586597,1988852564,265967,337.736317647059,216.750617647059,116.332016889412
1988886077,1989035973,149896,390.87282,238.24625,117.916112067
1989202750,1989302789,100039,412.891385714286,217.616885714286,118.752855457143
1989419265,1989535973,116708,461.089375,251.294025,118.3327017375
1989569216,1989669224,100008,514.648928571429,263.942028571429,120.225805272857
1989969205,1990119318,150113,605.87682,207.59301,112.152342973
1990152586,1990352536,199950,586.399161538461,229.803784615385,116.890886272308
1990652606,1990769202,116596,657.24075,140.9226625,112.82927771875
1990835854,1991135865,300011,768.937178947368,212.673452631579,112.254897038421
1991169208,1991285974,116766,827.6515375,210.5372,112.366613095
1991402925,1991519277,116352,854.8404125,208.454525,114.38302066375
1991552435,1991685958,133523,862.085533333333,167.879588888889,110.614839203333
1991786269,1992185949,399680,388.241768,266.829584,115.5505583936
1992219316,1992335873,116557,369.7110375,213.1582375,120.44753685
1992369077,1992769085,400008,350.053624,167.64944,116.2830396396
1992802479,1992902483,100004,361.3766,200.140314285714,119.356789401429
1992952412,1993069088,116676,346.3565125,254.43705,120.39522469875
1993152421,1993535778,383357,490.980070833333,257.7659125,118.296557824583
1993669079,1993769080,100001,589.482614285714,240.637271428571,121.415320512857
1993802604,1993986009,183405,593.023583333333,264.386208333333,117.1205296925
1994135717,1994319124,183407,654.794016666667,163.797458333333,112.794380818333
1994352330,1994502371,150041,630.84176,248.11283,114.626583409
1994535728,1994802353,266625,698.207429411765,259.280017647059,110.953515408824
1994852315,1995335581,483266,379.145206666667,227.43651,114.032739566333
1995369277,1995535598,166321,467.360281818182,253.314518181818,116.670137730909
1995635586,1995735597,100011,370.804957142857,250.030614285714,115.916187338571
1996402243,1996735607,333364,545.782814285714,251.79960952381,113.046162712857
1996885703,1997285692,399989,607.480972,245.869248,115.353012258
1997318894,1997435579,116685,688.009675,264.204775,115.49824593375
1997585944,1997768826,182882,694.125866666667,232.061483333333,112.6375757
1997802395,1998318907,516512,789.680346875,232.60610625,114.73217198625
1998352174,1998752449,400275,873.805476,252.676308,114.5690292864
1998785569,1999002145,216576,920.914785714286,269.940107142857,114.548011728571
1999035543,1999485792,450249,404.774246428571,288.658025,121.619865862143
1999518782,1999868709,349927,438.505527272727,306.400659090909,121.914454059091
1999902192,2000135341,233149,376.864933333333,291.038846666667,117.937023750667
2000168714,2000302138,133424,522.971355555556,300.166833333333,119.658495955556
2000635341,2001151926,516585,592.728809375,283.488840625,116.661191311563
2001185993,2001585995,400002,676.150708,297.08308,111.8732555624
2001618756,2002102158,483402,756.233063333333,288.073353333333,112.554630135667
2002135343,2002335373,200030,788.622023076923,259.747153846154,114.897328415385
2002368573,2002935216,566643,734.939471428571,308.56692,121.696675160286
2003018797,2003668585,649788,905.99505,294.1248225,120.443659778
2003701966,2004218523,516557,385.4497625,316.13905625,123.97690051375
2004351794,2004451788,99994,-2,-91,98.5644833642857
2004701880,2005301814,599934,388.546994594595,322.494372972973,120.27773353027
2005335088,2005518557,183469,516.175466666667,318.580008333333,115.021992798333
2005551808,2006086072,534264,619.1952,309.573390909091,113.897541514242
2006218567,2006335144,116577,722.362575,289.627075,116.82040362875
2006368457,2006701736,333279,740.257519047619,320.091052380952,119.133116362381
2006735104,2007035113,300009,805.715778947368,321.268931578947,118.76793661
2007068329,2007268323,199994,845.630784615385,319.440192307692,117.063271254615
2007301826,2007518396,216570,922.735907142857,315.001135714286,118.603516705
2007551707,2007868335,316628,382.95703,350.694945,122.591006979
2007901837,2008334976,433139,479.229259259259,344.16827037037,120.465262537037
2008368342,2008785074,416732,595.259319230769,321.084338461538,125.434435054231
2008818511,2009318302,499791,488.561819354839,325.264238709677,132.806434131935
2009434951,2009785082,350131,630.503142857143,305.759961904762,154.70831096619
2009818255,2010018269,200014,735.615815384615,327.915938461538,145.600808773846
2010051569,2010401618,350049,694.268354545454,356.33815,137.073802383636
2010434883,2010918539,483656,801.268423333333,319.875593333333,148.311510615
2010951427,2011118286,166859,777.226681818182,356.213436363636,142.12537721
2011151429,2011368203,216774,731.284857142857,382.244614285714,130.978814995
2011401498,2011934814,533316,822.369844117647,376.143573529412,122.790727516471
2011968067,2012251436,283369,904.854711111111,340.352794444444,136.480945216667
2012334860,2012718198,383338,375.436016666667,390.351670833333,126.343044665833
2012751416,2013068092,316676,449.86804,389.23313,111.9545936465
2013284842,2013485215,200373,421.656146153846,327.130746153846,109.737264374615
2013586067,2013785540,199473,594.648092307692,327.719838461538,109.066464323846
2014101424,2014234731,133307,625.570366666667,340.780688888889,107.593701774444
2014684834,2014967994,283160,809.118477777778,332.759922222222,106.763739051667
2015167952,2015267960,100008,871.489714285714,374.410842857143,104.82022833
2015434580,2015834574,399994,367.298804,358.883276,110.9157737336
2015867968,2016234604,366636,423.020908695652,358.301739130435,113.5431922
2016268079,2016551172,283093,512.606061111111,363.196277777778,116.352654383333
2016667846,2016851174,183328,639.423441666667,360.82275,115.015331548333
2016886560,2017084736,198176,694.171,362.255530769231,117.037172516154
2017167867,2017451186,283319,811.982994444444,356.804055555556,114.081845212222
2017484688,2017651194,166506,706.561463636364,364.738936363636,113.842101273636
2017685139,2018117891,432752,920.093781481482,389.326640740741,115.127747537037
