"start","end","dur","x","y","pupil"
101060086244,101060619323,533079,369.946315151515,90.7733121212121,128.013497861818
101060652671,101061086025,433354,345.241077777778,1.11207407407407,130.207800653704
101061153719,101061457361,303642,393.160910526316,5.75696842105263,131.941789188947
101061486002,101061719190,233188,450.006086666667,-1.63852,139.310893614
101061786041,101061886041,1e+05,490.749414285714,0.820228571428572,140.683813562857
101061919227,101062086355,167128,523.9774,27.2483727272727,138.801743030909
101062835809,101062969432,133623,437.865911111111,17.6374555555556,141.106940376667
101063002610,101063153394,150784,377.2979,35.40584,139.931712312
101063719232,101063969235,250003,379.69839375,17.17365,143.706200058125
101064019070,101064369129,350059,487.052227272727,62.7210045454545,132.157427454091
101064502498,101064719094,216596,386.212657142857,-22.5392928571429,139.270334092857
101064802429,101064935710,133281,376.026455555556,48.3111111111111,133.544029494444
101064969117,101065169260,200143,482.282115384615,74.4122692307692,135.949879818462
101065202460,101065435710,233250,527.693073333333,58.3384733333333,134.749530832667
101065469118,101065802308,333190,650.641657142857,37.4189761904762,133.023138430952
101065885741,101066102309,216568,788.743428571429,-7.07676428571429,129.531476462857
101066319115,101066435712,116597,373.748825,68.2698875,134.04001105
101066518932,101066835690,316758,515.25071,78.093435,137.816733477
101066868989,101067235563,366574,384.334717391304,121.499960869565,141.36892242087
101067269176,101068302187,1033011,378.557819047619,145.43753015873,137.143911813492
101068335564,101068985669,650105,454.1149375,165.418755,131.49325951875
101069018816,101069452291,433475,564.478318518519,154.130133333333,126.761655925185
101069485660,101069702218,216558,606.045892857143,132.581471428571,124.882782605714
101069902175,101070918852,1016677,659.978782258064,130.097979032258,123.714064405645
101070953829,101071935461,981632,751.474813333333,119.958225,127.137070027167
101071968843,101072602054,633211,823.483730769231,113.350051282051,128.306206853333
101072635343,101073018702,383359,883.851870833333,123.348208333333,126.388812965
101073052539,101073435338,382799,850.965654166667,131.412495833333,124.116640614167
101073468964,101073735697,266733,926.370452941176,106.930611764706,125.839372084118
101074018562,101074152066,133504,919.347666666667,103.6085,129.273437401111
101074185381,101074285403,100022,974.419257142857,54.6312857142857,125.221871108571
101074335340,101074435355,100015,490.097214285714,169.161957142857,130.587881232857
101074468634,101074652175,183541,377.182908333333,165.705766666667,131.459888081667
101074801972,101075301957,499985,381.485367741935,186.98385483871,131.836026169355
101075335225,101076851901,1516676,475.33319673913,174.870511956522,127.47019911337
101076885280,101077218442,333162,559.257052380952,176.053661904762,124.243931752857
101077268712,101077685126,416414,612.870238461539,163.530034615385,125.567248788846
101077718455,101078253407,534952,685.274618181818,160.467560606061,129.756884252424
101078285139,101078468638,183499,775.28635,143.658525,127.8705393575
101078501687,101079368594,866907,840.008516981132,142.929522641509,130.403411063774
101079501730,101079634985,133255,435.522166666667,147.803011111111,134.469944233333
101079668505,101079834963,166458,446.356809090909,162.433245454545,136.294600193636
101079868616,101080801766,933150,495.619357894737,159.564964912281,134.625117412105
101080834963,101081301598,466635,581.470579310345,159.239510344828,136.101070479655
101081334962,101081868529,533567,662.70463030303,157.54406969697,134.439767611212
101081901589,101082318199,416610,786.966030769231,149.931161538462,130.352687800769
101082351670,101082451724,100054,882.356085714286,170.372557142857,128.637904652857
101082484865,101082601596,116731,892.792425,148.1789,127.9375494625
101082634858,101082901495,266637,924.449252941176,113.315829411765,126.098109027647
101083118196,101083601493,483297,362.975713333333,179.560823333333,131.410585827
101083634890,101083951587,316697,410.65776,199.440653333333,120.083867895333
101083984910,101084868124,883214,457.649342592593,183.662244444444,131.4869525
101084901468,101085518090,616622,540.981342105263,183.113365789474,133.037253727368
101085551465,101087034620,1483155,614.61076,204.892904444444,122.27225923
101087068027,101087368205,300178,703.439568421053,189.904589473684,118.689290041053
101087401325,101087834571,433246,789.820096296296,154.697022222222,122.290604988519
101087868237,101088334603,466366,862.112668965517,143.292627586207,124.409350844483
101088501223,101088684645,183422,593.299458333333,209.154108333333,133.2504622775
101088717829,101089517829,8e+05,400.957497959184,219.632548979592,127.77885753551
101089551194,101089968049,416855,493.983938461538,209.513242307692,129.297487677308
101090001182,101090484761,483579,535.155136666667,209.476066666667,130.829371953333
101090551168,101090751214,200046,582.013907692308,197.389092307692,127.898397706923
101090784548,101091567907,783359,661.853416666667,218.178404166667,127.908325357292
101091601046,101092601113,1000067,739.460219672131,209.362418032787,123.297792924754
101092634366,101092951103,316737,821.940895,199.870315,118.59571647
101092984654,101093434342,449688,904.892160714286,183.733382142857,118.749140991429
101093467879,101093567845,99966,602.479428571429,225.759114285714,124.169771855714
101093600974,101094134339,533365,390.288112121212,231.546293939394,126.294986104848
101094167747,101094551084,383337,451.366079166667,255.6935125,123.330753087917
101094584310,101095069151,484841,534.420173333333,246.80326,121.682897627667
101095100965,101096100839,999874,580.072560655738,223.942004918033,122.725443699016
101096134218,101096667502,533284,694.837881818182,236.423078787879,117.655294019091
101096700851,101097734093,1033242,676.051604761905,214.999020634921,123.190131432698
101097767511,101098134113,366602,748.005556521739,220.539017391304,134.590792953478
101098167649,101098584149,416500,842.117888461538,219.379942307692,129.510464911538
101098617312,101098884152,266840,897.763023529412,216.175276470588,124.564482929412
101098917315,101099067503,150188,561.48285,261.50407,129.261824339
101099100714,101100200706,1099992,387.006473134328,258.059408955224,130.285013978209
101100233974,101100550675,316701,411.429915,38.88725,126.4259984055
101100584315,101100933975,349660,531.098259090909,44.6584045454545,129.168856640455
101100967385,101101184035,216650,711.482271428571,27.07605,128.286265577857
101101300605,101101750726,450121,381.992853571429,227.988360714286,135.980982999643
101101784021,101102067268,283247,421.373472222222,252.209405555556,133.601110993333
101102100593,101102617187,516594,528.44109375,258.068246875,128.026562625312
101102650664,101103467250,816586,586.680012,251.847696,126.8428422802
101103500467,101104167293,666826,678.575529268293,258.605707317073,122.971172467073
101104200481,101104717075,516594,771.520221875,251.06525625,121.996017413125
101104750549,101105700352,949803,853.889481034483,216.722570689655,122.457586673621
101105733714,101106350437,616723,911.502968421053,215.264326315789,124.218420612105
101106400362,101106568015,167653,559.223409090909,264.001381818182,130.399671004545
101106600437,101107400342,799905,409.921369387755,269.867436734694,134.742302494694
101107550448,101107983629,433181,476.797188888889,272.525651851852,134.052539225185
101108016953,101109767041,1750088,568.684233962264,259.786966981132,128.597544304245
101109800206,101110600115,799909,627.544951020408,270.926910204082,128.151613960612
101110633502,101111166924,533422,708.669845454545,253.939590909091,125.602061329697
101111200096,101111633489,433393,791.218240740741,246.724522222222,126.497399280741
101111733467,101113216760,1483293,856.683423076923,241.919959340659,127.05125818989
101113266748,101113883416,616668,911.458252631579,229.766360526316,126.335280785
101113933389,101114066783,133394,547.007233333333,286.800133333333,132.499839853333
101114099966,101114316592,216626,392.531492857143,289.793785714286,132.813980109286
101114350048,101114550133,200085,382.285861538462,281.892084615385,132.679727613846
101114583417,101115683280,1099863,482.087132835821,289.965474626866,130.116295032687
101115716582,101116083272,366690,542.365404347826,299.527052173913,128.080396549565
101116116451,101116649961,533510,418.565045454545,183.0549,126.184664289697
101116683408,101117016455,333047,521.722123809524,166.109452380952,126.426410348095
101117049977,101117433089,383112,689.979466666667,274.488929166667,129.779472031667
101117466501,101117749845,283344,820.743138888889,200.370233333333,123.723171661667
101117899721,101118666491,766770,530.963642553191,311.443127659574,129.525988005532
101118749808,101119266463,516655,535.795265625,295.557221875,124.801248572188
101119299729,101119699724,399995,600.926804,293.03144,121.8492819668
101119732997,101120399609,666612,736.103831707317,283.592490243902,120.881834273902
101120483193,101122182880,1699687,751.881306796117,290.2958,126.992013918544
101122216200,101122682925,466725,865.316172413793,263.0431,129.219719326207
101122716189,101122983034,266845,914.736682352941,254.342776470588,131.75826323
101123016204,101123132863,116659,539.6587125,312.8220625,140.65236948125
101123166455,101123716059,549604,380.798805882353,311.250232352941,140.720498575588
101123749596,101124349567,599971,460.298767567568,327.559945945946,138.523067200541
101124382786,101125599346,1216560,573.857624324324,326.561016216216,130.845069704595
101125632760,101125999350,366590,667.390130434783,314.61747826087,129.711514949565
101126032718,101126666008,633290,726.482638461538,335.833892307692,128.803566882821
101126699375,101127532597,833222,819.466007843137,297.811774509804,124.646989604314
101127566171,101127882647,316476,920.486025,275.865555,123.2640514715
101127915954,101128049328,133374,635.957811111111,333.835488888889,128.405378791111
101128082685,101128449357,366672,404.302630434783,333.209586956522,130.368568382174
101128549337,101128799234,249897,414.0177125,344.725875,128.71520018
101128832613,101129399226,566613,507.87216,341.709011428571,131.481883694571
101129432469,101129665949,233480,584.607086666667,333.351106666667,131.236815435333
101129699236,101130815804,1116568,738.320577941176,331.556008823529,124.220576485735
101130849195,101131399085,549890,741.235261764706,330.999479411765,120.074668609706
101131432473,101131932341,499868,556.900241935484,343.759970967742,122.841560002258
101131965855,101132482684,516829,734.555440625,335.7864,117.117117929063
101132615722,101133132355,516633,864.525003125,294.2301125,116.446086959375
101133165788,101133398988,233200,930.49152,281.84032,115.741510612667
101133449104,101133582398,133294,470.592255555556,338.149833333333,120.496681864444
101133615575,101134182287,566712,368.753242857143,356.874911428571,119.313475327143
101134215591,101134382284,166693,447.712481818182,386.279436363636,116.010888571818
101134482287,101134732226,249939,447.8399125,360.20586875,126.022106864375
101134765730,101135432225,666495,458.768597560976,332.687278048781,138.544599962683
101135465637,101135748922,283285,519.876133333333,364.600711111111,142.681037277778
101135782297,101136182277,399980,608.87232,374.469492,142.459414172
101136215457,101136615427,399970,730.477152,353.018168,140.7652006132
101136649006,101137532100,883094,860.834368518519,346.513083333333,133.657383798148
101137565539,101137698731,133192,912.171077777778,332.324355555556,133.058584502222
101137749118,101137865603,116485,376.827025,375.0990875,142.03534332
101137898722,101138082160,183438,353.798025,395.732191666667,141.935338840833
101138165610,101138348812,183202,385.647983333333,390.1577,145.1312560725
101138382356,101138798736,416380,439.23125,391.802738461538,144.132096842692
101138832099,101139465394,633295,536.639769230769,394.753143589744,142.539130754872
101139498734,101139882018,383284,625.518129166667,387.303970833333,143.316676315833
101139915324,101140383942,468618,701.925472413793,369.07575862069,143.538703998966
101140565382,101140782059,216677,823.815621428571,343.845871428571,148.036205457143
101140931970,101141531977,600007,593.84372972973,387.233859459459,154.469301678649
101141565270,101141731858,166588,545.975545454545,212.465854545455,137.628287816364
101141766007,101141898578,132571,397.016388888889,181.657311111111,138.094092721111
101141931852,101142882118,950266,391.085548275862,197.692934482759,131.971193960517
101142948989,101143265455,316466,409.729642857143,139.997228571429,132.554866631429
101143315085,101143465321,150236,375.84378,131.64043,137.333045697
101143498503,101144048571,550068,450.312238235294,149.160535294118,138.042025569706
101144081907,101144831733,749826,531.809936956522,155.590054347826,134.145290149783
101144865249,101145165136,299887,617.158152631579,124.484831578947,130.738660271053
101145198355,101146014947,816592,718.141596,121.420532,131.6618664604
101146048484,101146298361,249877,806.45589375,88.7743,128.87389046125
101146331748,101146848435,516687,878.12003125,89.16303125,127.253621064688
101146898371,101147031600,133229,430.294011111111,148.789611111111,130.678979608889
101147065006,101147265096,200090,387.934615384615,166.671469230769,128.809926447692
101147298319,101147765124,466805,489.668824137931,180.539634482759,128.681101145862
101147798188,101148731558,933370,584.296324561403,157.942129824561,126.439219023509
101148764884,101149164957,400073,688.037016,147.720116,123.4316538448
101149198239,101149631499,433260,817.825659259259,128.024548148148,120.725063086296
101149665058,101149831485,166427,927.048972727273,96.2750909090909,120.246950596364
101149898244,101150098103,199859,398.114238461538,167.197769230769,125.046970631538
101150131511,101150931488,799977,393.061665909091,186.056588636364,125.533298440682
101150964753,101151398125,433372,466.513848148148,194.976022222222,122.380573738519
101151431469,101151831349,399880,589.728664,176.297504,123.9464690292
101151864971,101152298082,433111,683.716085185185,168.819685185185,123.010212285926
101152331347,101152514699,183352,787.368166666667,157.144641666667,123.221146656667
101152548120,101153031349,483229,867.828866666667,136.61527,122.108816966333
101153081497,101153197992,116495,445.866725,157.5861375,124.2259069575
101153231354,101153648268,416914,373.732911538462,190.897965384615,125.123080792692
101153681415,101153997978,316563,466.90268,209.19251,129.611227432
101154031219,101154797970,766751,535.366004255319,223.216508510638,127.245513739362
101154831231,101155464737,633506,596.213923076923,249.755807692308,115.091984278974
101155597841,101155697864,100023,851.895585714286,101.929514285714,114.378885814286
101155731230,101155931234,200004,684.934015384615,217.187992307692,115.614105366923
101155964548,101156164504,199956,720.549053846154,164.288223076923,120.555687266923
101156197863,101156647975,450112,797.330360714286,143.794114285714,124.497412058929
101156681178,101157097860,416682,908.957580769231,149.885803846154,123.312602053077
101157181176,101157331106,149930,532.16155,218.75315,126.405478894
101157364511,101157864627,500116,399.458441935484,243.512803225806,128.327508869032
101157897721,101158097717,199996,483.348261538462,244.653323076923,124.39969022
101158164669,101158464402,299733,524.453642105263,223.920573684211,124.833420617895
101158497771,101159048173,550402,611.661,241.482217647059,121.627806848235
101159081085,101159330990,249905,722.5366125,243.81351875,116.549291118125
101159364392,101159547868,183476,824.288375,156.494108333333,129.191494106667
101159581014,101160130993,549979,893.382173529412,166.674282352941,134.165642623824
101160214328,101160364376,150048,609.30501,276.60698,134.273294281
101160397615,101160897614,499999,395.090377419355,269.522996774194,130.83916326129
101160930971,101161780917,849946,415.172296078431,276.887490196078,119.844541355098
101161814193,101163430855,1616662,401.768753061225,243.437031632653,121.554740299592
101163464228,101163764265,300037,461.473773684211,262.270205263158,115.533859675789
101163797454,101164297491,500037,554.872916129032,263.857332258065,116.162401416774
101164330738,101164897362,566624,680.330442857143,259.657065714286,113.068936015429
101164930730,101165248459,317729,799.480505,220.301075,110.408180093
101165280785,101165597367,316582,875.481995,204.839095,109.518211974
101165630775,101165730723,99948,918.4645,395.974995833333,109.826787765714
