"start","end","duration","startx","starty","endx","endy"
362036219814,362036253173,33359,652.184,209.649794117647,591.554445454545,109.436027272727
362036419824,362036453240,33416,591.554445454545,109.436027272727,409.838607692308,99.3356769230769
362036653235,362036703271,50036,409.838607692308,99.3356769230769,376.958764,129.197616
362037103223,362037136406,33183,376.958764,129.197616,405.393914285714,21.8967214285714
362037353194,362037386886,33692,405.393914285714,21.8967214285714,451.874822222222,77.6194666666667
362037519869,362037553082,33213,451.874822222222,77.6194666666667,390.633438461538,58.2462
362037970326,362038007536,37210,390.633438461538,58.2462,491.088068292683,60.8540317073171
362038669770,362038703180,33410,491.088068292683,60.8540317073171,496.3863625,72.074775
362038819700,362038853071,33371,496.3863625,72.074775,654.335411764706,88.5486647058824
362039119698,362039286361,166663,654.335411764706,88.5486647058824,357.6817375,101.320975
362039536328,362039569791,33463,357.6817375,101.320975,401.229323076923,157.541753846154
362039771956,362039803146,31190,401.229323076923,157.541753846154,488.187353125,156.5115625
362040319710,362040352957,33247,488.187353125,156.5115625,514.073871111111,131.65254
362041086483,362041119580,33097,514.073871111111,131.65254,590.298034042553,134.78509787234
362041886354,362041919585,33231,590.298034042553,134.78509787234,674.802765,133.23168
362042569712,362042602886,33174,674.802765,133.23168,708.25562,194.40806
362042752832,362042786346,33514,708.25562,194.40806,774.998378787879,137.926824242424
362043319576,362043352836,33260,774.998378787879,137.926824242424,779.022503846154,127.661146153846
362043769737,362043803113,33376,779.022503846154,127.661146153846,872.602722222222,114.782725925926
362044236063,362044286311,50248,872.602722222222,114.782725925926,371.386405263158,117.188384210526
362044586133,362044619466,33333,371.386405263158,117.188384210526,487.945727272727,146.234239393939
362045152701,362045186102,33401,487.945727272727,146.234239393939,595.127541666667,155.415941666667
362045569531,362045602666,33135,595.127541666667,155.415941666667,674.366379310345,156.085572413793
362046069390,362046102719,33329,674.366379310345,156.085572413793,756.771375,142.7154125
362046486065,362046519422,33357,756.771375,142.7154125,852.970389189189,142.242135135135
362047119310,362047169301,49991,852.970389189189,142.242135135135,412.27734,155.746197142857
362047735967,362047769308,33341,412.27734,155.746197142857,539.75623,187.637775
362048085980,362048119340,33360,539.75623,187.637775,588.36620952381,162.880785714286
362048452591,362048485994,33403,588.36620952381,162.880785714286,706.598888461538,152.196984615385
362048902609,362048935926,33317,706.598888461538,152.196984615385,804.350902702703,155.244545945946
362049535796,362049569289,33493,804.350902702703,155.244545945946,904.513672,149.798768
362049969985,362050019209,49224,904.513672,149.798768,389.242534482759,163.341765517241
362050485973,362050519212,33239,389.242534482759,163.341765517241,486.01780625,165.8635375
362050769283,362050802511,33228,486.01780625,165.8635375,591.491448888889,178.2377
362051535783,362051569190,33407,591.491448888889,178.2377,652.644857142857,179.880414285714
362052602398,362052635679,33281,652.644857142857,179.880414285714,731.805814285714,186.400271428571
362052852331,362052985893,133562,731.805814285714,186.400271428571,701.555472222222,187.703022222222
362053269191,362053302435,33244,701.555472222222,187.703022222222,704.662296153846,196.108973076923
362053718950,362053752322,33372,704.662296153846,196.108973076923,831.815230434783,184.129447826087
362054502646,362054535535,32889,831.815230434783,184.129447826087,899.816611111111,177.843522222222
362054669054,362054718978,49924,899.816611111111,177.843522222222,422.787918181818,187.9835
362054885804,362054918954,33150,422.787918181818,187.9835,403.249718181818,182.763302272727
362055635556,362055668985,33429,403.249718181818,182.763302272727,498.863069230769,196.592634615385
362056085607,362056118836,33229,498.863069230769,196.592634615385,540.445442857143,194.024985714286
362056219233,362056252196,32963,540.445442857143,194.024985714286,602.496216,198.418084
362056652197,362056685493,33296,602.496216,198.418084,669.947914285714,196.995992857143
362056902247,362056935421,33174,669.947914285714,196.995992857143,685.664918181818,189.331627272727
362057102272,362057168932,66660,685.664918181818,189.331627272727,744.535852380952,188.25935952381
362057852067,362057885502,33435,744.535852380952,188.25935952381,785.518263636364,193.482422727273
362058602384,362058635408,33024,785.518263636364,193.482422727273,849.538278571429,182.227967857143
362059085587,362059118716,33129,849.538278571429,182.227967857143,919.424554545454,193.914509090909
362059285537,362059335316,49779,919.424554545454,193.914509090909,479.510454545455,245.055545454545
362059502144,362059535302,33158,479.510454545455,245.055545454545,333.640805882353,172.112582352941
362059802174,362059835308,33134,333.640805882353,172.112582352941,428.563194736842,190.870455263158
362060451951,362060485500,33549,428.563194736842,190.870455263158,499.55335,214.00405
362060668820,362060702008,33188,499.55335,214.00405,596.887967391304,216.388265217391
362061451960,362061485400,33440,596.887967391304,216.388265217391,674.983923333333,222.237926666667
362061970608,362062002032,31424,674.983923333333,222.237926666667,739.449126923077,212.838946153846
362062418599,362062468714,50115,739.449126923077,212.838946153846,771.56106,189.7212
362062618582,362062651821,33239,771.56106,189.7212,827.452521428571,198.8496
362062868741,362062901879,33138,827.452521428571,198.8496,880.61442,200.35922
362063218585,362063251819,33234,880.61442,200.35922,903.09895,225.8435375
362063369384,362063401868,32484,903.09895,225.8435375,435.845763636364,214.459763636364
362063568582,362063635162,66580,435.845763636364,214.459763636364,367.2618875,221.6931
362063751836,362063785248,33412,367.2618875,221.6931,422.669327777778,253.025816666667
362064070787,362064201915,131128,422.669327777778,253.025816666667,481.903515789474,245.370405263158
362064502132,362064535041,32909,481.903515789474,245.370405263158,572.870889473684,263.330426315789
362064835060,362064868794,33734,572.870889473684,263.330426315789,656.267446153846,248.453855769231
362065718465,362065751720,33255,656.267446153846,248.453855769231,740.109257407407,239.262424074074
362066635052,362066668431,33379,740.109257407407,239.262424074074,717.283067857143,213.273607142857
362067118333,362067151701,33368,717.283067857143,213.273607142857,786.375557142857,216.933592857143
362067601625,362067634934,33309,786.375557142857,216.933592857143,864.2932,221.692378787879
362068168434,362068201661,33227,864.2932,221.692378787879,871.794708163265,225.815057142857
362069001624,362069068284,66660,871.794708163265,225.815057142857,395.446775,225.72938125
362069318199,362069351591,33392,395.446775,225.72938125,381.551936363636,219.325463636364
362069518206,362069551575,33369,381.551936363636,219.325463636364,460.34006,215.006025
362069868368,362069901651,33283,460.34006,215.006025,513.103073333333,217.45356
362070134804,362070168320,33516,513.103073333333,217.45356,596.768442857143,250.118191428571
362070734808,362070769831,35023,596.768442857143,250.118191428571,655.95992631579,234.004584210526
362071069439,362071101520,32081,655.95992631579,234.004584210526,731.802866666667,222.089633333333
362071385137,362071418078,32941,731.802866666667,222.089633333333,868.335235714286,223.071260714286
362071868205,362071901495,33290,868.335235714286,223.071260714286,906.303309090909,201.775463636364
362072068248,362072118096,49848,906.303309090909,201.775463636364,418.247029411765,257.113829411765
362072384750,362072418054,33304,418.247029411765,257.113829411765,405.795290909091,275.208154545455
362072951375,362072984925,33550,405.795290909091,275.208154545455,470.527778947368,280.076989473684
362073284743,362073318091,33348,470.527778947368,280.076989473684,574.44621627907,267.995790697674
362074017968,362074051329,33361,574.44621627907,267.995790697674,638.0753,244.797094444444
362074334551,362074368098,33547,638.0753,244.797094444444,735.9183125,244.462465
362075017980,362075051193,33213,735.9183125,244.462465,819.922975757576,237.876151515152
362075584803,362075701272,116469,819.922975757576,237.876151515152,767.6761,218.756428571429
362075801283,362075834664,33381,767.6761,218.756428571429,910.2322875,234.1024625
362076084838,362076134546,49708,910.2322875,234.1024625,398.058745454545,235.991336363636
362076301278,362076334562,33284,398.058745454545,235.991336363636,385.025647619048,257.313433333333
362077017824,362077051212,33388,385.025647619048,257.313433333333,465.829720588235,277.945438235294
362077601147,362077634432,33285,465.829720588235,277.945438235294,557.368841176471,282.779205882353
362077901139,362077934429,33290,557.368841176471,282.779205882353,615.664433333333,288.996880952381
362078268272,362078301160,32888,615.664433333333,288.996880952381,659.980975,264.2844375
362078418108,362078601199,183091,659.980975,264.2844375,718.98682,270.340073333333
362078834422,362078867891,33469,718.98682,270.340073333333,704.76016875,269.90534375
362079117696,362079151074,33378,704.76016875,269.90534375,779.99481,275.9605
362079301367,362079334296,32929,779.99481,275.9605,836.75445,349.71895
362079484530,362079517718,33188,836.75445,349.71895,811.801419047619,268.137966666667
362079851071,362079884377,33306,811.801419047619,268.137966666667,914.3761375,259.55384375
362080134289,362080167866,33577,914.3761375,259.55384375,396.238192307692,281.599484615385
362080368329,362080401020,32691,396.238192307692,281.599484615385,379.2546,303.566346153846
362080601030,362080634306,33276,379.2546,303.566346153846,474.602985714286,307.834811904762
362081317591,362081350958,33367,474.602985714286,307.834811904762,813.509441176471,291.092664705882
362081617580,362081650953,33373,813.509441176471,291.092664705882,920.15208,286.618626666667
362081884351,362081934189,49838,920.15208,286.618626666667,426.390607142857,308.771235714286
362082150965,362082184241,33276,426.390607142857,308.771235714286,531.420980952381,315.014480952381
362082867708,362082900892,33184,531.420980952381,315.014480952381,688.11769375,306.165278125
362083417470,362083450833,33363,688.11769375,306.165278125,809.840034210526,309.160868421053
362084067779,362084101068,33289,809.840034210526,309.160868421053,845.972111111111,326.870425925926
362084534034,362084568223,34189,845.972111111111,326.870425925926,906.23707,310.82427
362084717467,362084767584,50117,906.23707,310.82427,407.837277777778,331.756207407407
362085200752,362085234074,33322,407.837277777778,331.756207407407,919.469208571429,299.898205714286
362085800764,362085850702,49938,919.469208571429,299.898205714286,390.642717857143,315.820714285714
362086301031,362086334065,33034,390.642717857143,315.820714285714,420.759878947368,342.671268421053
362086634057,362086667477,33420,420.759878947368,342.671268421053,480.626878571429,350.276885714286
362086884118,362086917335,33217,480.626878571429,350.276885714286,553.907542105263,317.984247368421
362087217341,362087250712,33371,553.907542105263,317.984247368421,629.638693333333,320.560946666667
362087484005,362087584088,100083,629.638693333333,320.560946666667,720.617991666667,311.444395833333
362087967408,362088000871,33463,720.617991666667,311.444395833333,815.327354166667,303.522579166667
362088383982,362088417231,33249,815.327354166667,303.522579166667,901.451516666667,322.285816666667
362088600884,362088633946,33062,901.451516666667,322.285816666667,924.613735294118,324.990166666667
