"start","end","duration","startx","starty","endx","endy"
364564558232,364564782756,224524,644.793185714286,456.730457142857,584.477475,166.638808333333
364564957914,364564991322,33408,584.477475,166.638808333333,388.311741666667,153.59172
364565979826,364566124551,144725,388.311741666667,153.59172,425.623675757576,166.830733333333
364566674599,364566708083,33484,425.623675757576,166.830733333333,512.652041463415,170.829095121951
364567382550,364567582705,200155,512.652041463415,170.829095121951,626.541962790698,149.589806976744
364568276318,364568457754,181436,626.541962790698,149.589806976744,718.079292857143,146.841171428571
364568908070,364568941032,32962,718.079292857143,146.841171428571,772.980018181818,155.854972727273
364569107952,364569191091,83139,772.980018181818,155.854972727273,781.038845454545,147.402090909091
364569357776,364569392798,35022,781.038845454545,147.402090909091,841.300496153846,161.820330769231
364569807951,364569957668,149717,841.300496153846,161.820330769231,364.22858,170.703686666667
364570191086,364570307736,116650,364.22858,170.703686666667,378.279972,159.119
364570707702,364570741055,33353,378.279972,159.119,434.301368,177.98072
364571140903,364571183392,42489,434.301368,177.98072,536.414123255814,180.923293023256
364571882761,364571974752,91991,536.414123255814,180.923293023256,371.520828571429,146.127785714286
364572424305,364572457541,33236,371.520828571429,146.127785714286,399.437156410256,154.444384615385
364573091683,364573224157,132474,399.437156410256,154.444384615385,507.460837931034,161.382024137931
364573690856,364573724178,33322,507.460837931034,161.382024137931,561.88704893617,159.820317021277
364574490821,364574524233,33412,561.88704893617,159.820317021277,621.006282142857,161.423332142857
364575440724,364575540735,100011,621.006282142857,161.423332142857,698.520052941176,166.985597058824
364576090838,364576124047,33209,698.520052941176,166.985597058824,803.159434615385,172.793473076923
364576540686,364576574188,33502,803.159434615385,172.793473076923,877.477466666667,165.353344444444
364576707473,364576757414,49941,877.477466666667,165.353344444444,368.842195238095,158.767314285714
364577090711,364577190692,99981,368.842195238095,158.767314285714,402.193485714286,154.862742857143
364577290764,364577324059,33295,402.193485714286,154.862742857143,390.592922222222,175.306922222222
364577757314,364577882569,125255,390.592922222222,175.306922222222,414.835933333333,159.618413333333
364578107570,364578140683,33113,414.835933333333,159.618413333333,477.051173333333,175.004686666667
364578382542,364578407567,25025,477.051173333333,175.004686666667,597.878808333333,172.6233375
364578793069,364578824086,31017,597.878808333333,172.6233375,681.51235862069,184.196534482759
364579291817,364579323999,32182,681.51235862069,184.196534482759,721.491973913043,198.594126086957
364579690611,364579790586,99975,721.491973913043,198.594126086957,722.043895348837,199.779918604651
364580490613,364580523856,33243,722.043895348837,199.779918604651,815.765673529412,193.780447058824
364581083291,364581107186,23895,815.765673529412,193.780447058824,869.176657142857,186.127828571429
364581207274,364581257159,49885,869.176657142857,186.127828571429,401.212476744186,188.783076744186
364581956997,364581990534,33537,401.212476744186,188.783076744186,495.975933333333,201.723008333333
364582182250,364582383320,201070,495.975933333333,201.723008333333,597.729857142857,201.152346428571
364582823911,364582940352,116441,597.729857142857,201.152346428571,655.675468292683,226.606075609756
364583607242,364583640364,33122,655.675468292683,226.606075609756,741.969721428571,224.564942857143
364583857023,364583890862,33839,741.969721428571,224.564942857143,767.704589473684,189.6662
364584191931,364584223664,31733,767.704589473684,189.6662,732.051280952381,193.252061904762
364584557276,364584656956,99680,732.051280952381,193.252061904762,790.806550666667,206.502037333333
364585891104,364586007022,115918,790.806550666667,206.502037333333,860.126504545455,200.937068181818
364586356912,364586407000,50088,860.126504545455,200.937068181818,366.533710526316,192.360063157895
364586706945,364586823613,116668,366.533710526316,192.360063157895,401.619084210526,186.595936842105
364587123606,364587156735,33129,401.619084210526,186.595936842105,477.328336842105,207.948647368421
364588406935,364588440128,33193,477.328336842105,207.948647368421,534.3486,212.682433333333
364588682605,364588773641,91036,534.3486,212.682433333333,594.783766666667,210.225694117647
364589606907,364589640010,33103,594.783766666667,210.225694117647,676.575338095238,217.386228571429
364590323410,364590423306,99896,676.575338095238,217.386228571429,663.422485714286,215.8929
364590523409,364590556655,33246,663.422485714286,215.8929,762.583903571429,222.595682142857
364591006857,364591039989,33132,762.583903571429,222.595682142857,850.492611111111,216.187068253968
364592073524,364592123339,49815,850.492611111111,216.187068253968,400.1438171875,222.9539828125
364593182454,364593373410,190956,400.1438171875,222.9539828125,485.622257894737,218.454036842105
364593673412,364593792073,118661,485.622257894737,218.454036842105,521.208332432432,215.236481081081
364594394595,364594493540,98945,521.208332432432,215.236481081081,598.988553846154,236.504125641026
364595123380,364595156416,33036,598.988553846154,236.504125641026,517.1502875,223.4057875
364595806676,364595895291,88615,517.1502875,223.4057875,453.83825,189.3507875
364596006680,364596040031,33351,453.83825,189.3507875,517.997413333333,234.43328
364596282657,364596306604,23947,517.997413333333,234.43328,737.961866666667,218.848541666667
364596690434,364596723084,32650,737.961866666667,218.848541666667,876.181247222222,211.412936111111
364597306557,364597356279,49722,876.181247222222,211.412936111111,383.035538095238,205.656852380952
364597692563,364597783106,90543,383.035538095238,205.656852380952,388.9096,218.799713333333
364598256287,364598289808,33521,388.9096,218.799713333333,676.939618181818,235.405145454545
364598639646,364598783673,144027,676.939618181818,235.405145454545,708.315659375,231.43569375
364599289612,364599322938,33326,708.315659375,231.43569375,783.176266666667,232.192045454545
364599856167,364599993972,137805,783.176266666667,232.192045454545,794.661757142857,214.494057142857
364600089609,364600122931,33322,794.661757142857,214.494057142857,878.116695833333,226.332125
364600506184,364600539506,33322,878.116695833333,226.332125,682.550443333333,238.133671666667
364601522804,364601673005,150201,682.550443333333,238.133671666667,879.346657142857,223.639371428571
364601889471,364601939362,49891,879.346657142857,223.639371428571,417.752707843137,237.302462745098
364602777042,364603006135,229093,417.752707843137,237.302462745098,477.341195,232.1646
364603339376,364603389455,50079,477.341195,232.1646,575.489024242424,261.525251515152
364603939397,364604006299,66902,575.489024242424,261.525251515152,667.466704347826,254.890986956522
364604372605,364604406103,33498,667.466704347826,254.890986956522,783.606843478261,251.621841304348
364605155893,364605189375,33482,783.606843478261,251.621841304348,839.754788235294,255.783035294118
364605455919,364605606077,150158,839.754788235294,255.783035294118,884.696135,265.275715
364605922557,364605980022,57465,884.696135,265.275715,382.512790909091,252.511657575758
364606506274,364606605987,99713,382.512790909091,252.511657575758,433.7732,239.666058823529
364606872854,364606905942,33088,433.7732,239.666058823529,486.06925,260.364623529412
364607455789,364607489223,33434,486.06925,260.364623529412,551.6562375,269.125775
364607605832,364607739205,133373,551.6562375,269.125775,600.891978378378,272.752808108108
364608339125,364608382972,43847,600.891978378378,272.752808108108,652.46455,273.9361875
364608489287,364608605841,116554,652.46455,273.9361875,719.016196666667,271.065916666667
364609089708,364609122423,32715,719.016196666667,271.065916666667,829.479417241379,273.600489655172
364609589066,364609622420,33354,829.479417241379,273.600489655172,881.1218375,266.7875875
364609872938,364609922582,49644,881.1218375,266.7875875,382.350958823529,268.657123529412
364610189092,364610283406,94314,382.350958823529,268.657123529412,387.800075,252.90385
364610392201,364610422319,30118,387.800075,252.90385,445.928488235294,279.454697058824
364610972233,364611005696,33463,445.928488235294,279.454697058824,499.542988888889,285.914666666667
364611139042,364611238928,99886,499.542988888889,285.914666666667,525.402993939394,282.000501010101
364612882706,364613088951,206245,525.402993939394,282.000501010101,551.936250684931,288.705165753425
364614288826,364614322198,33372,551.936250684931,288.705165753425,567.020103571429,291.876467857143
364614772177,364614882214,110037,567.020103571429,291.876467857143,519.964225,278.21388
364615189354,364615222174,32820,519.964225,278.21388,522.29635,292.51187
364615372743,364615488802,116059,522.29635,292.51187,571.101434285714,284.839151428571
364616055424,364616088967,33543,571.101434285714,284.839151428571,676.986558333333,281.962486111111
364616672020,364616705689,33669,676.986558333333,281.962486111111,765.397420512821,290.051125641026
364617338630,364617455281,116651,765.397420512821,290.051125641026,748.78564,273.31235
364617605505,364617638654,33149,748.78564,273.31235,866.953974193548,294.019493548387
364618138685,364618191287,52602,866.953974193548,294.019493548387,389.083576666667,287.47799
364618671875,364618771868,99993,389.083576666667,287.47799,464.045377777778,260.898488888889
364618905319,364618938553,33234,464.045377777778,260.898488888889,494.6610875,289.35086875
364619188618,364619222216,33598,494.6610875,289.35086875,616.584246666667,302.700426666667
364619955160,364620088723,133563,616.584246666667,302.700426666667,685.5515375,303.3265625
364620338493,364620371768,33275,685.5515375,303.3265625,866.019232,288.675676
364620771745,364620822089,50344,866.019232,288.675676,397.029724444444,288.949648888889
364621555122,364621755172,200050,397.029724444444,288.949648888889,551.947164516129,297.994358064516
364622255039,364622388472,133433,551.947164516129,297.994358064516,634.347525,306.1652875
364622771757,364622805062,33305,634.347525,306.1652875,701.33681,304.79061
364622955044,364622988525,33481,701.33681,304.79061,872.1438,283.532657142857
364623321690,364623371661,49971,872.1438,283.532657142857,386.56243902439,289.838770731707
364624038227,364624171645,133418,386.56243902439,289.838770731707,414.984781818182,278.903227272727
364624338288,364624371658,33370,414.984781818182,278.903227272727,460.457091666667,302.210316666667
364624554902,364624588394,33492,460.457091666667,302.210316666667,742.569288679245,312.846211320755
364625454885,364625571526,116641,742.569288679245,312.846211320755,742.45134,302.77335
364625888446,364625921586,33140,742.45134,302.77335,829.767471428571,315.748177142857
364626488231,364626521592,33361,829.767471428571,315.748177142857,895.7219,317.48026
364626754907,364626804959,50052,895.7219,317.48026,390.02132962963,317.310585185185
364627238199,364627338151,99952,390.02132962963,317.310585185185,409.581727272727,292.756936363636
364627504816,364627538161,33345,409.581727272727,292.756936363636,438.945782758621,321.514489655172
364628488194,364628521494,33300,438.945782758621,321.514489655172,536.017712121212,319.388103030303
364629054764,364629204833,150069,536.017712121212,319.388103030303,606.513155555555,318.7124
364629338007,364629371383,33376,606.513155555555,318.7124,475.013262295082,323.305627868852
364630371234,364630488111,116877,475.013262295082,323.305627868852,416.193735,308.334305
364630804689,364630838077,33388,416.193735,308.334305,461.86466031746,319.34116984127
364631871274,364631904710,33436,461.86466031746,319.34116984127,535.807075757576,318.678645454545
364632437872,364632588008,150136,535.807075757576,318.678645454545,635.0076775,327.9101625
364633237931,364633271209,33278,635.0076775,327.9101625,642.760345238095,332.733616666667
364633954500,364634071185,116685,642.760345238095,332.733616666667,692.144027586207,323.651824137931
364634537783,364634671113,133330,692.144027586207,323.651824137931,760.976896774194,325.159180645161
364635171141,364635204549,33408,760.976896774194,325.159180645161,805.62518,328.381575555556
364635937732,364636071011,133279,805.62518,328.381575555556,825.84405106383,320.636282978723
364636837671,364636971024,133353,825.84405106383,320.636282978723,810.956833333333,318.595542857143
364637304309,364637337930,33621,810.956833333333,318.595542857143,631.055172727273,330.146427272727
364638421018,364638454268,33250,631.055172727273,330.146427272727,759.0123875,334.50765
364638570923,364638687612,116689,759.0123875,334.50765,752.3527,308.790964705882
364638954253,364638987592,33339,752.3527,308.790964705882,768.8695,335.409504761905
364639321021,364639354258,33237,768.8695,335.409504761905,845.402787272727,330.122272727273
364640254145,364640370761,116616,845.402787272727,330.122272727273,887.13175,298.8575
364640487632,364640537563,49931,887.13175,298.8575,390.771191071429,325.855503571429
364641454144,364641504317,50173,390.771191071429,325.855503571429,868.372541666667,325.472825
364641888197,364641937387,49190,868.372541666667,325.472825,440.417498305085,332.303845762712
364642904144,364643071027,166883,440.417498305085,332.303845762712,542.371395833333,327.655770833333
364643454046,364643487526,33480,542.371395833333,327.655770833333,625.195855,342.675695
364643804258,364643837338,33080,625.195855,342.675695,705.922033333333,346.427366666667
364644070654,364644104180,33526,705.922033333333,346.427366666667,817.103391111111,337.515242222222
364644837276,364644870647,33371,817.103391111111,337.515242222222,891.280123255814,332.062204651163
364645570884,364645620591,49707,891.280123255814,332.062204651163,402.8751375,346.07398125
364645870496,364645970541,100045,402.8751375,346.07398125,398.5774,320.111855555556
364646104011,364646137163,33152,398.5774,320.111855555556,436.336340909091,347.727631818182
364646487650,364646520592,32942,436.336340909091,347.727631818182,533.069638461538,360.1524
364647153776,364647187229,33453,533.069638461538,360.1524,610.943721428571,358.615275
364647637164,364647670544,33380,610.943721428571,358.615275,689.621457142857,361.788214285714
364647770413,364647903987,133574,689.621457142857,361.788214285714,720.3535,356.011569230769
364648103993,364648137566,33573,720.3535,356.011569230769,776.964371428571,370.831689285714
364648587257,364648620618,33361,776.964371428571,370.831689285714,848.554963636364,369.950981818182
364648787110,364648903825,116715,848.554963636364,369.950981818182,519.117930769231,156.492569230769
364649103818,364649137078,33260,519.117930769231,156.492569230769,403.645580487805,154.144175609756
364649803888,364649837041,33153,403.645580487805,154.144175609756,482.47511875,147.55875
364650088976,364650120446,31470,482.47511875,147.55875,482.286960869565,90.8489652173913
364650487134,364650653652,166518,482.286960869565,90.8489652173913,609.878066666667,86.599275
364650837056,364650870455,33399,609.878066666667,86.599275,691.136005,86.859895
364651187246,364651220360,33114,691.136005,86.859895,647.24346875,248.254003125
364651736929,364651836913,99984,647.24346875,248.254003125,719.408827272727,235.107687878788
364652370291,364652503574,133283,719.408827272727,235.107687878788,770.332458333333,216.10835
364652686984,364652720765,33781,770.332458333333,216.10835,836.896719047619,240.8947
364653053502,364653203584,150082,836.896719047619,240.8947,404.861586666667,242.417753333333
364653436939,364653470163,33224,404.861586666667,242.417753333333,392.813023809524,234.192323809524
364653803826,364653836784,32958,392.813023809524,234.192323809524,436.346677777778,231.032988888889
364653970161,364654089323,119162,436.346677777778,231.032988888889,491.013704347826,234.581465217391
364654453411,364654486868,33457,491.013704347826,234.581465217391,563.981935714286,250.897671428571
364654936839,364654970164,33325,563.981935714286,250.897671428571,437.909808333333,250.1326625
364655753391,364655870024,116633,437.909808333333,250.1326625,462.277067857143,251.435189285714
364656320076,364656353392,33316,462.277067857143,251.435189285714,544.087985714286,256.520528571429
364656570045,364656686750,116705,544.087985714286,256.520528571429,614.302644827586,252.916186206897
364657153252,364657186734,33482,614.302644827586,252.916186206897,733.273762962963,262.527151851852
364657620093,364657653269,33176,733.273762962963,262.527151851852,812.436076,265.28522
364658053271,364658203527,150256,812.436076,265.28522,414.58002,262.38501
364658353272,364658469910,116638,414.58002,262.38501,385.033245,252.233565
364658786651,364658819994,33343,385.033245,252.233565,403.98964375,262.56263125
364659069901,364659186649,116748,403.98964375,262.56263125,449.557375,261.304905
364659503227,364659536533,33306,449.557375,261.304905,526.9876,268.309443478261
364659903183,364660036483,133300,526.9876,268.309443478261,592.792747619048,275.917592857143
364660719847,364660753162,33315,592.792747619048,275.917592857143,531.574896969697,269.889854545455
364661286523,364661419884,133361,531.574896969697,269.889854545455,594.686788372093,275.669220930233
364662119870,364662269753,149883,594.686788372093,275.669220930233,647.124568181818,279.669759090909
364662620129,364662653012,32883,647.124568181818,279.669759090909,756.962285714286,277.136771428571
364663103071,364663136433,33362,756.962285714286,277.136771428571,544.706804761905,286.85435
364663819715,364663969655,149940,544.706804761905,286.85435,655.292435294118,294.930729411765
364664236302,364664269669,33367,655.292435294118,294.930729411765,744.614617857143,294.547367857143
364664719731,364664752897,33166,744.614617857143,294.547367857143,854.233853571429,282.908871428571
364665202955,364665236303,33348,854.233853571429,282.908871428571,408.986,290.7216
364665486337,364665519591,33254,408.986,290.7216,379.3668625,295.651375
364665636291,364665669513,33222,379.3668625,295.651375,518.783608333333,302.640966666667
364665852892,364665969535,116643,518.783608333333,302.640966666667,619.19985,316.195417857143
