"start","end","duration","startx","starty","endx","endy"
24243173309,24243373296,199987,899.806663636364,550.9666,410.943771428571,128.923857142857
24243706551,24243739948,33397,410.943771428571,128.923857142857,508.098688235294,127.975429411765
24244006583,24244039945,33362,508.098688235294,127.975429411765,678.226520689655,126.131103448276
24244506550,24244539853,33303,678.226520689655,126.131103448276,798.758208695652,122.32427826087
24244906562,24245023364,116802,798.758208695652,122.32427826087,372.0316,162.214144444444
24245306541,24245339975,33434,372.0316,162.214144444444,381.007055555556,188.748011111111
24245473181,24245506547,33366,381.007055555556,188.748011111111,-2,-91
24247242379,24247275661,33282,-2,-91,666.35216,229.97121
24247592261,24247692255,99994,666.35216,229.97121,588.938214285714,206.330442857143
24248025595,24248058968,33373,588.938214285714,206.330442857143,561.2382625,191.176425
24248175564,24248208945,33381,561.2382625,191.176425,630.716911111111,205.4626
24248343235,24248442353,99118,630.716911111111,205.4626,710.619067741936,200.018593548387
24248942189,24248975575,33386,710.619067741936,200.018593548387,799.04457037037,196.108033333333
24249408913,24249442268,33355,799.04457037037,196.108033333333,866.231883333333,199.977411111111
24249728231,24250042212,313981,866.231883333333,199.977411111111,752.349580434783,198.486865217391
24250792107,24250826128,34021,752.349580434783,198.486865217391,695.231125,212.186275
24250942204,24251042107,99903,695.231125,212.186275,422.8783875,206.11391875
24251292022,24251326858,34836,422.8783875,206.11391875,387.448528571429,195.4808
24251508790,24251542152,33362,387.448528571429,195.4808,394.254706666667,203.11986
24251775418,24251808789,33371,394.254706666667,203.11986,500.964108695652,213.060456521739
24252175434,24252208670,33236,500.964108695652,213.060456521739,601.645596153846,227.812542307692
24252628525,24252658937,30412,601.645596153846,227.812542307692,698.358751851852,231.288633333333
24253091992,24253125358,33366,698.358751851852,231.288633333333,794.897203846154,226.580007692308
24253542142,24253575302,33160,794.897203846154,226.580007692308,862.58454,220.236986666667
24253808674,24253858711,50037,862.58454,220.236986666667,397.1319,223.933113461538
24254708629,24254741961,33332,397.1319,223.933113461538,477.520214285714,233.239195238095
24255075298,24255108552,33254,477.520214285714,233.239195238095,568.861887234043,253.306417021277
24255875178,24255908542,33364,568.861887234043,253.306417021277,658.686078571429,245.173007142857
24256358718,24256391743,33025,658.686078571429,245.173007142857,759.234337931034,239.161131034483
24256858893,24256891780,32887,759.234337931034,239.161131034483,825.627994444444,239.05565
24257175176,24257208434,33258,825.627994444444,239.05565,883.550042857143,242.088271428571
24257308426,24257358492,50066,883.550042857143,242.088271428571,383.47701,254.33685
24257675172,24257791767,116595,383.47701,254.33685,498.404763157895,255.4637
24258408422,24258441832,33410,498.404763157895,255.4637,585.162988888889,257.837388888889
24258728458,24258758712,30254,585.162988888889,257.837388888889,685.748707692308,261.787456410256
24259391634,24259425181,33547,685.748707692308,261.787456410256,773.784041666667,260.3076
24260008320,24260041687,33367,773.784041666667,260.3076,869.706973076923,249.626011538462
24260458579,24260508310,49731,869.706973076923,249.626011538462,386.812573913043,261.844865217391
24260874931,24260908304,33373,386.812573913043,261.844865217391,492.669162857143,268.693337142857
24261474919,24261508313,33394,492.669162857143,268.693337142857,623.439572972973,276.823259459459
24262108162,24262143178,35016,623.439572972973,276.823259459459,751.671417647059,274.478420588235
24262691503,24262729611,38108,751.671417647059,274.478420588235,868.692657894737,268.354247368421
24263341519,24263391535,50016,868.692657894737,268.354247368421,403.44724375,275.554009375
24263908194,24264028993,120799,403.44724375,275.554009375,456.40702,271.22681
24264674775,24264708041,33266,456.40702,271.22681,548.339393333333,281.281606666667
24264941441,24264974763,33322,548.339393333333,281.281606666667,664.053063888889,295.037780555556
24265558132,24265591389,33257,664.053063888889,295.037780555556,727.7757625,301.795034375
24266108061,24266141404,33343,727.7757625,301.795034375,822.380777777778,282.071518518519
24266574690,24266641327,66637,822.380777777778,282.071518518519,392.111155,283.677245
24266958131,24266991239,33108,392.111155,283.677245,402.959233333333,299.590883333333
24267174671,24267341338,166667,402.959233333333,299.590883333333,490.9445,309.218194736842
24267641373,24267674672,33299,490.9445,309.218194736842,566.280795,314.025125
24267991270,24268027735,36465,566.280795,314.025125,661.105674074074,313.133488888889
24268458155,24268491246,33091,661.105674074074,313.133488888889,747.439242857143,311.256585714286
24268941251,24268974594,33343,747.439242857143,311.256585714286,826.424998214286,307.552192857143
24269891185,24269924659,33474,826.424998214286,307.552192857143,887.5843,307.556214285714
24270027293,24270074552,47259,887.5843,307.556214285714,402.829622222222,314.834293333333
24270807805,24270957951,150146,402.829622222222,314.834293333333,488.269976470588,304.254841176471
24271507788,24271541109,33321,488.269976470588,304.254841176471,493.438209302326,318.8917
24272241085,24272407717,166632,493.438209302326,318.8917,577.663786666667,307.75266
24272890990,24272928193,37203,577.663786666667,307.75266,661.7689125,325.2619825
24273574299,24273607665,33366,661.7689125,325.2619825,736.372885714286,326.422395238095
24273940996,24273974313,33317,736.372885714286,326.422395238095,843.301310344828,329.717086206897
24274440959,24274474318,33359,843.301310344828,329.717086206897,399.997153333333,340.571753333333
24274707563,24274740977,33414,399.997153333333,340.571753333333,434.023521428571,355.343721428571
24274957730,24274990865,33135,434.023521428571,355.343721428571,518.853088235294,348.210876470588
24275257625,24275290904,33279,518.853088235294,348.210876470588,598.884488235294,348.356194117647
24275557614,24275690907,133293,598.884488235294,348.356194117647,645.959238461538,339.472546153846
24275890909,24275924240,33331,645.959238461538,339.472546153846,720.860933333333,353.222879166667
24276307579,24276340858,33279,720.860933333333,353.222879166667,816.542823636364,343.623194545455
24277240845,24277274180,33335,816.542823636364,343.623194545455,885.422076470588,325.109052941176
24277540887,24277590771,49884,885.422076470588,325.109052941176,395.122772727273,347.972518181818
24277940848,24278090752,149904,395.122772727273,347.972518181818,440.285825,345.794283333333
24278474113,24278507421,33308,440.285825,345.794283333333,558.554085915493,359.990394366197
24279674036,24279707296,33260,558.554085915493,359.990394366197,677.710777419355,357.903238709677
24280207310,24280240695,33385,677.710777419355,357.903238709677,776.83304137931,356.900289655172
24280707297,24280740698,33401,776.83304137931,356.900289655172,876.153252631579,354.967842105263
24281040594,24281090508,49914,876.153252631579,354.967842105263,424.920606122449,367.566504081633
24281890545,24281924002,33457,424.920606122449,367.566504081633,514.798775862069,371.782168965517
24282390506,24282428724,38218,514.798775862069,371.782168965517,608.0181375,375.0597125
24282540580,24282673816,133236,608.0181375,375.0597125,685.91893,368.220083333333
24283157213,24283190518,33305,685.91893,368.220083333333,767.47382173913,377.905656521739
24283557244,24283590406,33162,767.47382173913,377.905656521739,854.622691666667,370.6598375
24283973777,24284023871,50094,854.622691666667,370.6598375,409.362845,385.86143
24284340488,24284373861,33373,409.362845,385.86143,442.108671428571,376.1803
24284473810,24284507051,33241,442.108671428571,376.1803,514.69294375,380.45225625
24284757231,24284790379,33148,514.69294375,380.45225625,590.676025,396.598478125
24285307056,24285340358,33302,590.676025,396.598478125,698.869855555556,391.683811111111
24285773684,24285807053,33369,698.869855555556,391.683811111111,818.423262857143,397.297031428571
24286373691,24286407053,33362,818.423262857143,397.297031428571,902.249904878049,414.544043902439
