"start","end","duration","startx","starty","endx","endy"
426332018578,426332051741,33163,658.527214285714,366.766814285714,646.0886,283.245623529412
426332334907,426332651482,316575,646.0886,283.245623529412,388.79737,170.18603
426332801561,426332868124,66563,388.79737,170.18603,436.152942857143,195.982271428571
426332968135,426333001801,33666,436.152942857143,195.982271428571,567.60632962963,198.983011111111
426333434788,426334084977,650189,567.60632962963,198.983011111111,774.427255555556,41.7513777777778
426334234731,426334434753,200022,774.427255555556,41.7513777777778,865.547411111111,224.139866666667
426334718219,426335068010,349791,865.547411111111,224.139866666667,419.960461111111,188.526022222222
426335351349,426335401434,50085,419.960461111111,188.526022222222,817.375769565217,163.972330434783
426335768008,426335918291,150283,817.375769565217,163.972330434783,399.90917,168.22953
426336068003,426336101426,33423,399.90917,168.22953,412.631988461538,236.037211538462
426336518061,426336551322,33261,412.631988461538,236.037211538462,408.93923,298.90856
426336704618,426336734631,30013,408.93923,298.90856,477.161775,275.8454
426337193918,426337218349,24431,477.161775,275.8454,545.058065625,273.647165625
426337734653,426337767884,33231,545.058065625,273.647165625,630.963361904762,245.115085714286
426338101395,426338134657,33262,630.963361904762,245.115085714286,683.723341666667,200.582925
426338318212,426338551221,233009,683.723341666667,200.582925,688.284807142857,162.724142857143
426338767868,426339201289,433421,688.284807142857,162.724142857143,701.4946125,129.7475375
426339318065,426339367878,49813,701.4946125,129.7475375,713.453555555556,151.242366666667
426339501175,426340151079,649904,713.453555555556,151.242366666667,825.223294444444,37.0385111111111
426340434527,426340601738,167211,825.223294444444,37.0385111111111,826.023188888889,113.606366666667
426340734518,426340767757,33239,826.023188888889,113.606366666667,833.001555555556,204.299022222222
426340901262,426340934396,33134,833.001555555556,204.299022222222,877.44446,116.65893
426341088829,426341351096,262267,877.44446,116.65893,383.603804545455,206.488504545455
426341702953,426341734442,31489,383.603804545455,206.488504545455,429.570389473684,229.979373684211
426342034344,426342101064,66720,429.570389473684,229.979373684211,850.285144444444,89.7794555555556
426342534388,426342601070,66682,850.285144444444,89.7794555555556,888.2228,38.1592
426342750957,426342791605,40648,888.2228,38.1592,898.095525,11.5142416666667
426342967638,426343001025,33387,898.095525,11.5142416666667,873.547683333333,151.286091666667
426343184551,426343234453,49902,873.547683333333,151.286091666667,885.4078375,115.4654
426343350968,426343384528,33560,885.4078375,115.4654,901.244030769231,66.3862
426343584350,426343817802,233452,901.244030769231,66.3862,379.713228571429,143.347685714286
426343917946,426343967644,49698,379.713228571429,143.347685714286,375.73413,218.70026
426344117824,426344150966,33142,375.73413,218.70026,299.61375,298.350133333333
426344334242,426344385735,51493,299.61375,298.350133333333,383.119371428571,162.850957142857
426344491003,426344517709,26706,383.119371428571,162.850957142857,391.635746153846,224.339484615385
426344717933,426344750852,32919,391.635746153846,224.339484615385,316.303281818182,313.963990909091
426344917833,426344950849,33016,316.303281818182,313.963990909091,338.498481818182,366.053063636364
426345117659,426345150827,33168,338.498481818182,366.053063636364,416.363496428571,253.21685
426345600942,426345634323,33381,416.363496428571,253.21685,435.286371428571,282.952214285714
426345734272,426345886350,152078,435.286371428571,282.952214285714,444.984,277.439252941176
426346150827,426346184253,33426,444.984,277.439252941176,468.920961728395,284.311672839506
426347517572,426347550715,33143,468.920961728395,284.311672839506,512.021828571429,310.620847619048
426347886418,426348017482,131064,512.021828571429,310.620847619048,516.75286,149.03867
426348167379,426348200795,33416,516.75286,149.03867,537.6583875,263.3117
426348317528,426348450708,133180,537.6583875,263.3117,637.576725,235.013925
426348767376,426348801610,34234,637.576725,235.013925,681.012810526316,227.317415789474
426349100861,426349201033,100172,681.012810526316,227.317415789474,754.2794,10.5698714285714
426349300830,426349417624,116794,754.2794,10.5698714285714,715.046335294118,204.572505882353
426349684136,426349717554,33418,715.046335294118,204.572505882353,778.3668625,187.6578375
426349834164,426350192319,358155,778.3668625,187.6578375,802.398057142857,198.188571428571
426350291293,426350317545,26252,802.398057142857,198.188571428571,832.603841176471,117.063494117647
426350592429,426350617551,25122,832.603841176471,117.063494117647,853.086758333333,132.865833333333
426350800930,426350833994,33064,853.086758333333,132.865833333333,880.969166666667,72.2377125
426351217467,426351392909,175442,880.969166666667,72.2377125,394.011576923077,208.164038461538
426351589732,426351650579,60847,394.011576923077,208.164038461538,307.83996,346.46525
426351800671,426351890303,89632,307.83996,346.46525,404.269913636364,206.895190909091
426352233917,426352367256,133339,404.269913636364,206.895190909091,495.534526666667,287.074886666667
426352600546,426352733891,133345,495.534526666667,287.074886666667,452.2502625,214.565025
426352850451,426352886780,36329,452.2502625,214.565025,537.481132432432,271.973491891892
426354100616,426354133769,33153,537.481132432432,271.973491891892,595.525735714286,231.142332142857
426354588785,426354717451,128666,595.525735714286,231.142332142857,631.247807692308,198.164661538462
426354917321,426354951672,34351,631.247807692308,198.164661538462,652.614076923077,210.534697435897
426355589496,426355617160,27664,652.614076923077,210.534697435897,740.871905882353,195.526694117647
426355885717,426355917208,31491,740.871905882353,195.526694117647,777.8975,213.181228571429
426356017320,426356066996,49676,777.8975,213.181228571429,806.124363636364,219.274972727273
426356233649,426356267010,33361,806.124363636364,219.274972727273,868.651257142857,-22.81545
426356491167,426356750319,259152,868.651257142857,-22.81545,886.75408,179.12314
426356900363,426357150213,249850,886.75408,179.12314,375.947561538462,219.638853846154
426357350255,426357385727,35472,375.947561538462,219.638853846154,407.17558125,256.04116875
426357633657,426357667011,33354,407.17558125,256.04116875,493.771512,300.753764
426358066872,426358100527,33655,493.771512,300.753764,413.522712820513,294.116566666667
426358733524,426358766884,33360,413.522712820513,294.116566666667,537.430116666667,298.207788888889
426359050194,426359089515,39321,537.430116666667,298.207788888889,577.616842105263,259.807726315789
426359386346,426359550152,163806,577.616842105263,259.807726315789,666.58116,221.476046666667
426359792280,426359817031,24751,666.58116,221.476046666667,712.67755,253.074159090909
426360166903,426360204720,37817,712.67755,253.074159090909,765.735065,235.281235
426360516845,426360550074,33229,765.735065,235.281235,800.7966,267.042175
426360733533,426360916926,183393,800.7966,267.042175,878.64224,129.44368
426361150100,426361500089,349989,878.64224,129.44368,388.73545,231.352921428571
426361716785,426361816879,100094,388.73545,231.352921428571,357.821514285714,319.079385714286
426361917019,426362016827,99808,357.821514285714,319.079385714286,405.246661111111,303.865144444444
426362300846,426362466771,165925,405.246661111111,303.865144444444,470.962678571429,343.044807142857
426362683524,426363016673,333149,470.962678571429,343.044807142857,440.223957142857,225.0876
426363116830,426363149956,33126,440.223957142857,225.0876,441.127084210526,284.555221052632
426363450096,426363491449,41353,441.127084210526,284.555221052632,526.475253333333,320.7448
426363716658,426363749966,33308,526.475253333333,320.7448,477.45775,250.03523125
426364000140,426364033323,33183,477.45775,250.03523125,484.960388888889,202.632444444444
426364166632,426364233273,66641,484.960388888889,202.632444444444,525.24385625,225.46765625
426364490847,426364749838,258991,525.24385625,225.46765625,589.254513333333,249.577233333333
426364992150,426365016970,24820,589.254513333333,249.577233333333,643.688821052632,275.762436842105
426365316854,426365349842,32988,643.688821052632,275.762436842105,670.050622727273,227.338745454545
426365700793,426365733293,32500,670.050622727273,227.338745454545,758.846885714286,255.992028571429
426366066495,426366099999,33504,758.846885714286,255.992028571429,831.80182,259.93229
426366416782,426366549839,133057,831.80182,259.93229,763.076457894737,269.253626315789
426366849829,426366885912,36083,763.076457894737,269.253626315789,906.42475,64.58475
426367033158,426367233167,200009,906.42475,64.58475,376.433725,248.939516666667
426367416785,426367449725,32940,376.433725,248.939516666667,309.616138461538,343.684461538462
426367649707,426367784121,134414,309.616138461538,343.684461538462,420.121754545455,281.569254545455
426367949721,426367983316,33595,420.121754545455,281.569254545455,320.92247826087,338.539773913043
426368349743,426368399865,50122,320.92247826087,338.539773913043,423.898377419355,307.247719354839
426368899854,426368933057,33203,423.898377419355,307.247719354839,476.499475,338.3426
426369316529,426369349717,33188,476.499475,338.3426,504.9565825,277.63541
426369999676,426370116572,116896,504.9565825,277.63541,590.3962,250.317385714286
426370216633,426370249600,32967,590.3962,250.317385714286,578.106542857143,241.90435
426370466260,426370586019,119759,578.106542857143,241.90435,615.4039,274.352628571429
426370691571,426370716503,24932,615.4039,274.352628571429,728.212042105263,264.438039473684
426371332937,426371366262,33325,728.212042105263,264.438039473684,769.718341666667,263.804366666667
426371549579,426371683732,134153,769.718341666667,263.804366666667,786.37865,262.314246666667
426372166247,426372199547,33300,786.37865,262.314246666667,834.01931,284.3631325
426372849476,426372885794,36318,834.01931,284.3631325,883.054125,217.060316666667
426373066135,426373249469,183334,883.054125,217.060316666667,904.693818181818,181.035354545455
426373416344,426373483015,66671,904.693818181818,181.035354545455,393.145284615385,278.2123
426373683203,426373716235,33032,393.145284615385,278.2123,315.435321428571,364.80185
426373932762,426373966131,33369,315.435321428571,364.80185,412.791026666667,301.37228
426374203805,426374291477,87672,412.791026666667,301.37228,460.132525,284.5301875
426374401194,426374602284,201090,460.132525,284.5301875,471.1974,278.7972
426374699455,426374732775,33320,471.1974,278.7972,520.404025,285.3486625
426374849335,426375116169,266834,520.404025,285.3486625,523.004842857143,232.323971428571
426375216212,426375249323,33111,523.004842857143,232.323971428571,515.831754,282.601004
426376066002,426376099440,33438,515.831754,282.601004,563.04475,282.696561538462
426376516115,426376699390,183275,563.04475,282.696561538462,623.1235625,285.36975
426376816256,426376849325,33069,623.1235625,285.36975,620.74054375,278.77948125
426377099320,426377132653,33333,620.74054375,278.77948125,705.240316666667,272.074161111111
426377416252,426377449227,32975,705.240316666667,272.074161111111,788.94082173913,266.441086956522
426378199290,426378232653,33363,788.94082173913,266.441086956522,843.958757575758,289.956445454545
426378765876,426378799302,33426,843.958757575758,289.956445454545,843.8569,328.568333333333
426379032535,426379065878,33343,843.8569,328.568333333333,875.663974074074,280.612951851852
426379500808,426379649121,148313,875.663974074074,280.612951851852,222.930557142857,361.121714285714
426379749078,426379899207,150129,222.930557142857,361.121714285714,235.644158333333,265.186216666667
426380082575,426380216094,133519,235.644158333333,265.186216666667,422.289815789474,191.098184210526
426380515844,426380549084,33240,422.289815789474,191.098184210526,399.960877777778,254.197133333333
426380683711,426380715968,32257,399.960877777778,254.197133333333,439.788911111111,339.281344444444
426380849091,426380982612,133521,439.788911111111,339.281344444444,434.002090909091,355.945209090909
426381149091,426381232407,83316,434.002090909091,355.945209090909,414.665527272727,289.0929
426381401220,426381432505,31285,414.665527272727,289.0929,451.6293625,306.5671875
426381683131,426381865760,182629,451.6293625,306.5671875,553.695305555556,295.423288888889
426382148956,426382182613,33657,553.695305555556,295.423288888889,601.275044444444,272.938194444444
426382465725,426382499038,33313,601.275044444444,272.938194444444,640.786872222222,234.697344444444
426382791677,426382815982,24305,640.786872222222,234.697344444444,580.9541,250.855607142857
426383265634,426383449015,183381,580.9541,250.855607142857,701.21786875,241.194890625
426383965628,426383999052,33424,701.21786875,241.194890625,721.822852380952,222.562771428571
426384332288,426384365636,33348,721.822852380952,222.562771428571,750.456016,216.942952
426384765628,426384798925,33297,750.456016,216.942952,810.71784137931,249.160462068966
426385265632,426385415832,150200,810.71784137931,249.160462068966,838.689868421053,287.542373684211
426385715619,426385799379,83760,838.689868421053,287.542373684211,865.068045454545,310.363786363636
426386148843,426386332157,183314,865.068045454545,310.363786363636,310.323271428571,399.707414285714
426386432138,426386465505,33367,310.323271428571,399.707414285714,246.898366666667,398.688966666667
426386598943,426386632152,33209,246.898366666667,398.688966666667,253.638654545455,322.998681818182
426386799399,426386885781,86382,253.638654545455,322.998681818182,570.150772727273,234.084654545455
426387048847,426387193587,144740,570.150772727273,234.084654545455,781.54226,264.28196
426387332216,426387392687,60471,781.54226,264.28196,823.171484210526,257.994105263158
426387691391,426387715641,24250,823.171484210526,257.994105263158,909.140241176471,280.321070588235
426387982211,426388015594,33383,909.140241176471,280.321070588235,872.5329125,364.2777875
426388132150,426388215651,83501,872.5329125,364.2777875,899.056981818182,299.220836363636
426388386707,426388515575,128868,899.056981818182,299.220836363636,403.6768,335.716685714286
426388615622,426388648753,33131,403.6768,335.716685714286,295.099054545455,456.802827272727
426388815631,426388848718,33087,295.099054545455,456.802827272727,402.843542857143,301.726985714286
426388948714,426388991692,42978,402.843542857143,301.726985714286,458.671425,426.1881125
426389098928,426389132058,33130,458.671425,426.1881125,371.904318181818,374.307472727273
426389298808,426389332070,33262,371.904318181818,374.307472727273,406.796586666667,403.92176
426389565385,426389598673,33288,406.796586666667,403.92176,441.9145,391.7920125
426389715526,426389948598,233072,441.9145,391.7920125,586.598254166667,344.3768125
426390332020,426390448576,116556,586.598254166667,344.3768125,720.193957894737,184.459586842105
426391065257,426391099242,33985,720.193957894737,184.459586842105,751.13054137931,232.915093103448
426391565271,426391715443,150172,751.13054137931,232.915093103448,784.046794444444,276.124383333333
426391998686,426392031885,33199,784.046794444444,276.124383333333,783.10049,281.3932175
426392691238,426392715456,24218,783.10049,281.3932175,831.74005,245.28794375
426392965139,426392998561,33422,831.74005,245.28794375,885.037726666667,330.54358
426393231909,426393265134,33225,885.037726666667,330.54358,911.977457142857,336.055914285714
426393365139,426393492103,126964,911.977457142857,336.055914285714,355.871628571429,266.291385714286
426393588761,426393615374,26613,355.871628571429,266.291385714286,383.335878571429,316.285378571429
426393831765,426393898623,66858,383.335878571429,316.285378571429,411.717013793103,429.997677586207
426394848328,426395065135,216807,411.717013793103,429.997677586207,383.32095,303.24323
426395215060,426395248363,33303,383.32095,303.24323,390.027666666667,417.219022222222
426395381972,426395415163,33191,390.027666666667,417.219022222222,458.555077777778,438.4806
426395698511,426395731787,33276,458.555077777778,438.4806,422.988294444444,395.064272222222
426396315283,426396348350,33067,422.988294444444,395.064272222222,590.323118181818,391.875063636364
426396515219,426396815255,300036,590.323118181818,391.875063636364,559.03405,311.2158125
426396931648,426397000228,68580,559.03405,311.2158125,586.578805882353,248.2414
426397264996,426397365014,100018,586.578805882353,248.2414,697.91009375,211.02144375
426397615137,426397815040,199903,697.91009375,211.02144375,728.162725,222.573066666667
426397998359,426398031646,33287,728.162725,222.573066666667,735.825515,242.695145
426398348238,426398381845,33607,735.825515,242.695145,773.808566666667,277.238116666667
426398564877,426398748216,183339,773.808566666667,277.238116666667,744.584394117647,272.678632352941
426399298345,426399331582,33237,744.584394117647,272.678632352941,673.685841666667,276.5959
426399514930,426399564883,49953,673.685841666667,276.5959,835.807053846154,286.2924
426399764878,426399798236,33358,835.807053846154,286.2924,822.24265625,336.325375
426400048085,426400131521,83436,822.24265625,336.325375,850.055895,326.724225
426400448118,426400490893,42775,850.055895,326.724225,881.40615,334.69665
426400664757,426400714968,50211,881.40615,334.69665,888.693422222222,316.412733333333
426400848092,426401064767,216675,888.693422222222,316.412733333333,368.134211111111,268.725766666667
426401199310,426401464719,265409,368.134211111111,268.725766666667,408.432042857143,412.747228571429
426401690947,426401714868,23921,408.432042857143,412.747228571429,379.944863636364,317.1719
426401881561,426402099939,218378,379.944863636364,317.1719,499.287715789474,371.140205263158
426402401068,426402515067,113999,499.287715789474,371.140205263158,535.970228571429,315.8903
426402615056,426402647973,32917,535.970228571429,315.8903,582.4862,366.748747619048
426402981563,426403014961,33398,582.4862,366.748747619048,649.9109625,313.31509375
426403264631,426403298067,33436,649.9109625,313.31509375,573.431609375,329.70314375
426403814835,426403847960,33125,573.431609375,329.70314375,687.6131,292.296353846154
426404264630,426404299135,34505,687.6131,292.296353846154,755.84988,286.998066666667
426404531278,426404681206,149928,755.84988,286.998066666667,741.351608333333,280.611308333333
426404864641,426404898030,33389,741.351608333333,280.611308333333,779.662928125,320.87171875
426405414691,426405447920,33229,779.662928125,320.87171875,860.5103,333.753491111111
426406182951,426406314684,131733,860.5103,333.753491111111,898.526169230769,342.051292307692
426406514726,426406547832,33106,898.526169230769,342.051292307692,900.6007,393.19733
426406701939,426406731170,29231,900.6007,393.19733,456.421427272727,433.639536363636
426406897974,426406931163,33189,456.421427272727,433.639536363636,380.331726829268,430.946512195122
426407600453,426407731289,130836,380.331726829268,430.946512195122,875.8893,362.338022222222
426407864515,426407898219,33704,875.8893,362.338022222222,882.880511111111,397.958822222222
426408031152,426408197802,166650,882.880511111111,397.958822222222,875.844720833333,458.506275
426408592031,426408614535,22504,875.844720833333,458.506275,868.226924,482.725972
