"start","end","duration","startx","starty","endx","endy"
90590102804,90591835653,1732849,-1.97714285714286,-89.96,749.152822222222,213.2283
90592019083,90592102387,83304,749.152822222222,213.2283,591.498618181818,250.015790909091
90592468862,90593185612,716750,591.498618181818,250.015790909091,776.787475,181.44280625
90593468858,90593702315,233457,776.787475,181.44280625,757.395909090909,195.969363636364
90593868879,90594968758,1099879,757.395909090909,195.969363636364,388.803871428571,269.085114285714
90595068763,90595718838,650075,388.803871428571,269.085114285714,519.457891666667,189.581913888889
90596302355,90596335475,33120,519.457891666667,189.581913888889,570.410766666667,200.5253
90596468768,90596568770,100002,570.410766666667,200.5253,583.8025375,193.3096
90596685495,90596985632,300137,583.8025375,193.3096,685.979109090909,185.121940909091
90597702049,90597735369,33320,685.979109090909,185.121940909091,739.922511764706,197.712229411765
90598002254,90598035357,33103,739.922511764706,197.712229411765,820.87495,192.27159
90598185362,90598535265,349903,820.87495,192.27159,396.37245,221.43503
90598685579,90599168642,483063,396.37245,221.43503,466.227761538462,212.288007692308
90599368646,90599401950,33304,466.227761538462,212.288007692308,449.489244444444,162.776433333333
90599535284,90599568636,33352,449.489244444444,162.776433333333,587.483666666667,132.130588888889
90599701914,90599735276,33362,587.483666666667,132.130588888889,580.8402,107.725553846154
90599935269,90599968511,33242,580.8402,107.725553846154,685.129843478261,167.190430434783
90600335253,90600368516,33263,685.129843478261,167.190430434783,771.175693333333,129.59496
90600601915,90600635126,33211,771.175693333333,129.59496,815.296655555556,210.755222222222
90600768510,90600851853,83343,815.296655555556,210.755222222222,447.005914285714,219.566671428571
90600951898,90600985208,33310,447.005914285714,219.566671428571,405.295028571429,215.563985714286
90601085212,90601418761,333549,405.295028571429,215.563985714286,539.855678571429,195.160714285714
90601635153,90601668509,33356,539.855678571429,195.160714285714,-2,-91
90601935152,90602168547,233395,-2,-91,-2,-90.6466625
90602287225,90602318429,31204,-2,-90.6466625,584.935327777778,198.854583333333
90602601797,90602635143,33346,584.935327777778,198.854583333333,569.12701875,140.3605875
90602885424,90602918739,33315,569.12701875,140.3605875,-2,-91
90607887297,90608032270,144973,-2,-91,551.358371428571,199.840771428571
90608132244,90608165509,33265,551.358371428571,199.840771428571,580.511422222222,174.862002777778
90608748870,90608782240,33370,580.511422222222,174.862002777778,579.510806666667,203.325193333333
90609015795,90609132164,116369,579.510806666667,203.325193333333,532.57299375,134.33985625
90609382327,90609415857,33530,532.57299375,134.33985625,525.818017391304,120.491430434783
90609782263,90609883641,101378,525.818017391304,120.491430434783,562.199126315789,114.943915789474
90610183459,90610215579,32120,562.199126315789,114.943915789474,532.654343902439,156.076587804878
90610885460,90610915472,30012,532.654343902439,156.076587804878,618.754111764706,142.848535294118
90611183855,90611215667,31812,618.754111764706,142.848535294118,693.72213125,124.2491375
90611465457,90611515686,50229,693.72213125,124.2491375,775.893357142857,148.438785714286
90611615670,90611848622,232952,775.893357142857,148.438785714286,374.476211111111,116.400822222222
90611982120,90612015484,33364,374.476211111111,116.400822222222,354.859036363636,212.190381818182
90612185144,90612448607,263463,354.859036363636,212.190381818182,419.468243478261,181.713669565217
90612815358,90612848596,33238,419.468243478261,181.713669565217,584.155521428571,165.762078571429
90613065264,90613098673,33409,584.155521428571,165.762078571429,632.936161538462,148.557246153846
90613298669,90613332042,33373,632.936161538462,148.557246153846,675.591341666667,187.550016666667
90613515589,90613548602,33013,675.591341666667,187.550016666667,762.573113333333,222.654086666667
90613784026,90613815318,31292,762.573113333333,222.654086666667,-2,-91
90613931879,90614048602,116723,-2,-91,-2,-91
90614183048,90614215316,32268,-2,-91,-2,-91
90621484447,90621697057,212610,-2,-91,656.909135294118,166.204758823529
90621963755,90621997061,33306,656.909135294118,166.204758823529,714.24036,189.7872
90622230403,90622263643,33240,714.24036,189.7872,803.898318918919,175.49522972973
90622863644,90622963609,99965,803.898318918919,175.49522972973,-2,-91
90647010477,90647043485,33008,-2,-91,464.0907375,161.291675
90647160143,90647583961,423818,464.0907375,161.291675,567.054375,195.115625
90647694571,90647826914,132343,567.054375,195.115625,678.696146153846,236.348676923077
90648026796,90648060150,33354,678.696146153846,236.348676923077,594.57213,283.71044
90648210474,90648243469,32995,594.57213,283.71044,647.27434,259.28904
90648393747,90648426744,32997,647.27434,259.28904,671.212769230769,234.457384615385
90648626777,90648660150,33373,671.212769230769,234.457384615385,738.799214285714,219.262971428571
90648760152,90648895128,134976,738.799214285714,219.262971428571,794.420413636364,215.264677272727
90649243347,90649276936,33589,794.420413636364,215.264677272727,808.4526,242.997316129032
90649776917,90649810264,33347,808.4526,242.997316129032,866.0229625,232.3747125
90649926762,90650093582,166820,866.0229625,232.3747125,377.5116875,332.1059375
90650210263,90650243363,33100,377.5116875,332.1059375,384.327225,380.11135
90650426762,90650460028,33266,384.327225,380.11135,454.417369230769,346.754023076923
90650660016,90650693446,33430,454.417369230769,346.754023076923,559.410733333333,313.522644444444
90650984139,90651010088,25949,559.410733333333,313.522644444444,587.8567,265.3241375
90651126632,90651159999,33367,587.8567,265.3241375,677.322528571429,247.959339285714
90651610082,90651643239,33157,677.322528571429,247.959339285714,681.519119047619,299.802395238095
90651979794,90652193332,213538,681.519119047619,299.802395238095,544.662175,360.9361875
90652309977,90652343278,33301,544.662175,360.9361875,555.074575,347.649025
90652459900,90652493382,33482,555.074575,347.649025,599.6297875,329.6103375
90652610221,90652659884,49663,599.6297875,329.6103375,407.196225,245.9274875
90652777016,90652894651,117635,407.196225,245.9274875,501.585728571429,349.35065
90653109981,90653143232,33251,501.585728571429,349.35065,555.291266666667,339.269333333333
90653283907,90653359892,75985,555.291266666667,339.269333333333,589.48182,294.41428
90653510070,90653559894,49824,589.48182,294.41428,523.057955555556,317.402466666667
90653693312,90653810066,116754,523.057955555556,317.402466666667,-2,-91
90653909997,90654010174,100177,-2,-91,512.230522222222,351.961
90654143138,90654193244,50106,512.230522222222,351.961,649.072877777778,349.594122222222
90654326542,90654359899,33357,649.072877777778,349.594122222222,644.52955,257.3995
90654583711,90654683034,99323,644.52955,257.3995,745.924675,317.639358333333
90654859780,90654895741,35961,745.924675,317.639358333333,840.1694125,321.836525
90655009805,90655143157,133352,840.1694125,321.836525,420.54407,388.7682
90655293193,90655559762,266569,420.54407,388.7682,503.630417647059,402.475017647059
90655826435,90656083858,257423,503.630417647059,402.475017647059,411.52639,268.90821
90656226411,90656397015,170604,411.52639,268.90821,377.169566666667,288.727566666667
90656526419,90656609876,83457,377.169566666667,288.727566666667,719.391318181818,239.227581818182
90656784089,90656809990,25901,719.391318181818,239.227581818182,813.229227272727,221.247313636364
90657159655,90657684390,524735,813.229227272727,221.247313636364,935.696490909091,215.289409090909
90657843003,90658109718,266715,935.696490909091,215.289409090909,881.869910526316,239.498668421053
90658409710,90658693071,283361,881.869910526316,239.498668421053,422.2315625,204.1990625
90658809723,90658842856,33133,422.2315625,204.1990625,361.9733375,194.6592125
90658959661,90659326360,366699,361.9733375,194.6592125,401.644222222222,146.462044444444
90659459643,90659526308,66665,401.644222222222,146.462044444444,-2,-91
90661291214,90661324543,33329,-2,-91,574.61962,278.867466666667
90661557779,90661591180,33401,574.61962,278.867466666667,615.541672727273,253.928240909091
90661941097,90661974644,33547,615.541672727273,253.928240909091,752.583617647059,240.692052941176
90662241104,90662283843,42739,752.583617647059,240.692052941176,885.043955555555,237.241583333333
90662557785,90662607965,50180,885.043955555555,237.241583333333,415.519046666667,297.160666666667
90662840981,90662883612,42631,415.519046666667,297.160666666667,490.790845454545,307.348254545455
90663041017,90663083627,42610,490.790845454545,307.348254545455,630.677378571429,291.569707142857
90663291070,90663324449,33379,630.677378571429,291.569707142857,697.110211111111,271.00675
90663607676,90663641004,33328,697.110211111111,271.00675,824.463620833333,256.786991666667
90664024421,90664224422,200001,824.463620833333,256.786991666667,401.401295,313.200225
90664540995,90664583464,42469,401.401295,313.200225,524.2425875,316.5531875
90664824346,90664857650,33304,524.2425875,316.5531875,608.32771875,293.91195
90665107676,90665140906,33230,608.32771875,293.91195,665.498641666667,263.33395
90665324341,90665357660,33319,665.498641666667,263.33395,775.566993333333,277.309373333333
90665593596,90665624315,30719,775.566993333333,277.309373333333,871.678676470588,263.776876470588
90665892512,90665993977,101465,871.678676470588,263.776876470588,426.9483,304.971636842105
90666291729,90666324284,32555,426.9483,304.971636842105,390.254675,376.8347125
90666440863,90666479154,38291,390.254675,376.8347125,504.178835483871,302.529319354839
90666974371,90667007551,33180,504.178835483871,302.529319354839,615.998211764706,293.868205882353
90667274391,90667307555,33164,615.998211764706,293.868205882353,691.123385714286,278.587671428571
90667524194,90667557525,33331,691.123385714286,278.587671428571,861.534647619048,247.597742857143
90667892574,90667940756,48182,861.534647619048,247.597742857143,384.338480645161,302.096658064516
90668440720,90668483415,42695,384.338480645161,302.096658064516,750.299781818182,312.225245454545
90668640742,90668683622,42880,750.299781818182,312.225245454545,911.79167,289.87239
90668824209,90668940808,116599,911.79167,289.87239,386.845877272727,334.148818181818
90669293852,90669324095,30243,386.845877272727,334.148818181818,462.661318181818,330.438463636364
90669683375,90669707647,24272,462.661318181818,330.438463636364,585.932704,326.894452
90670107560,90670140609,33049,585.932704,326.894452,661.552485714286,324.108680952381
90670482963,90670507644,24681,661.552485714286,324.108680952381,770.806456666667,317.526636666667
90670993922,90671090721,96799,770.806456666667,317.526636666667,752.587381481482,322.792092592593
90671524033,90671557283,33250,752.587381481482,322.792092592593,786.108315686275,329.525825490196
90672390987,90672423925,32938,786.108315686275,329.525825490196,612.671329411765,300.766188235294
90672690579,90672723875,33296,612.671329411765,300.766188235294,694.319025,264.65850625
90672975361,90673007231,31870,694.319025,264.65850625,844.74665,256.474388888889
90673290590,90673323961,33371,844.74665,256.474388888889,689.756546153846,274.213892307692
90673524007,90673557159,33152,689.756546153846,274.213892307692,585.459512121212,268.616263636364
90674090572,90674123961,33389,585.459512121212,268.616263636364,668.831684615385,265.879207692308
90674323803,90674357120,33317,668.831684615385,265.879207692308,758.048615384615,251.937769230769
90674557155,90674590655,33500,758.048615384615,251.937769230769,838.634135714286,242.811878571429
90674807448,90674840500,33052,838.634135714286,242.811878571429,893.046,251.118214285714
90674940553,90674994941,54388,893.046,251.118214285714,401.264164705882,294.394305882353
90675257166,90675357145,99979,401.264164705882,294.394305882353,725.83272,332.599208
90675757158,90675791793,34635,725.83272,332.599208,792.00255,329.94086
90675940692,90675982859,42167,792.00255,329.94086,854.393855263158,317.285642105263
90676590593,90676707122,116529,854.393855263158,317.285642105263,400.760757142857,339.757628571429
90677157026,90677192271,35245,400.760757142857,339.757628571429,403.44970625,314.178740625
90677707098,90677740222,33124,403.44970625,314.178740625,549.241113207547,343.128418867925
90678607199,90678640267,33068,549.241113207547,343.128418867925,648.109703846154,345.4362
90679056915,90679090364,33449,648.109703846154,345.4362,746.92781,343.412915
90679406925,90679440240,33315,746.92781,343.412915,847.177531034483,357.440751724138
90679907070,90680056914,149844,847.177531034483,357.440751724138,371.12974,346.93385
90680207121,90680240095,32974,371.12974,346.93385,377.92961875,356.30101875
90680490242,90680523577,33335,377.92961875,356.30101875,587.219241666667,345.207483333333
90680708629,90680740096,31467,587.219241666667,345.207483333333,671.975618518519,344.883062962963
90681173561,90681206800,33239,671.975618518519,344.883062962963,757.151307142857,344.185903571429
90681656763,90681692804,36041,757.151307142857,344.185903571429,559.900915384615,344.733046153846
90681893720,90681923424,29704,559.900915384615,344.733046153846,461.502054545455,358.346263636364
90682093055,90682123434,30379,461.502054545455,358.346263636364,423.8631,307.722344444444
90682256787,90682290159,33372,423.8631,307.722344444444,782.632066666667,305.325185714286
90682623436,90682656755,33319,782.632066666667,305.325185714286,850.091364285714,316.351528571429
90682874242,90682923447,49205,850.091364285714,316.351528571429,389.346440625,327.555390625
90683439986,90683474159,34173,389.346440625,327.555390625,476.375808333333,349.583166666667
90683656610,90683691673,35063,476.375808333333,349.583166666667,468.784306666667,344.618513333333
90683923422,90683956665,33243,468.784306666667,344.618513333333,558.61215,355.409723076923
90684373959,90684406826,32867,558.61215,355.409723076923,619.13065,366.3191
90684523300,90684556664,33364,619.13065,366.3191,545.239309433962,357.090777358491
90685423343,90685456711,33368,545.239309433962,357.090777358491,636.287376744186,361.930976744186
90686156566,90686189961,33395,636.287376744186,361.930976744186,761.849175609756,367.61462195122
90686856524,90686890503,33979,761.849175609756,367.61462195122,823.211209090909,356.573365454545
90687791638,90687823176,31538,823.211209090909,356.573365454545,847.862941666667,353.881816666667
90688006575,90688089816,83241,847.862941666667,353.881816666667,422.930225,368.764252777778
90688673225,90688723196,49971,422.930225,368.764252777778,601.81572,370.317243333333
90689206620,90689239741,33121,601.81572,370.317243333333,708.76405,378.975858333333
90689423313,90689456414,33101,708.76405,378.975858333333,784.093811538462,378.107753846154
90689873645,90689906554,32909,784.093811538462,378.107753846154,698.127289473684,386.443236842105
90690206608,90690291602,84994,698.127289473684,386.443236842105,802.035888888889,371.036511111111
90690723055,90690756437,33382,802.035888888889,371.036511111111,901.598633333333,381.835708333333
90690939618,90690989823,50205,901.598633333333,381.835708333333,862.306371428571,369.034764285714
90691206327,90691239609,33282,862.306371428571,369.034764285714,826.487190909091,378.841231818182
90691589764,90691623296,33532,826.487190909091,378.841231818182,877.958232142857,375.908021428571
90692073367,90692106430,33063,877.958232142857,375.908021428571,822.694530769231,371.697623076923
90692306440,90692339655,33215,822.694530769231,371.697623076923,907.734990909091,382.692521212121
