"start","end","duration","startx","starty","endx","endy"
349188324767,349188408237,83470,725.897963636364,346.672981818182,602.421042857143,245.402628571429
349188508493,349188541329,32836,602.421042857143,245.402628571429,455.075988888889,111.613355555556
349188674665,349188708125,33460,455.075988888889,111.613355555556,363.900485,69.647315
349189024756,349189058077,33321,363.900485,69.647315,431.52800625,77.257875
349189308205,349189341324,33119,431.52800625,77.257875,550.895715384615,79.65505
349189757921,349189824765,66844,550.895715384615,79.65505,-2,-90.9968643835616
349192775308,349192891441,116133,-2,-90.9968643835616,605.641033333333,180.097966666667
349193021643,349193094034,72391,605.641033333333,180.097966666667,603.8213,186.197671428571
349193188323,349193221667,33344,603.8213,186.197671428571,595.348985714286,203.004114285714
349193321660,349193354912,33252,595.348985714286,203.004114285714,682.8443,187.197126315789
349193654912,349193688796,33884,682.8443,187.197126315789,699.8848625,188.9975375
349193938204,349193971574,33370,699.8848625,188.9975375,745.387895454546,184.648481818182
349194321774,349194354787,33013,745.387895454546,184.648481818182,799.094296296296,201.401046296296
349195238203,349195271455,33252,799.094296296296,201.401046296296,751.20564,207.53485
349195421524,349195454839,33315,751.20564,207.53485,862.254414705882,207.157311764706
349196004838,349196038090,33252,862.254414705882,207.157311764706,930.2289,201.367042857143
349196371452,349196421783,50331,930.2289,201.367042857143,377.283675757576,216.706348484848
349196954687,349196988184,33497,377.283675757576,216.706348484848,444.467780952381,213.411042857143
349197321520,349197404750,83230,444.467780952381,213.411042857143,543.330153448276,243.769506896552
349198354710,349198421395,66685,543.330153448276,243.769506896552,638.583272727273,233.088527272727
349198588049,349198821419,233370,638.583272727273,233.088527272727,693.3866,233.1219
349198937954,349198971326,33372,693.3866,233.1219,750.9327,230.610333333333
349199104670,349199137925,33255,750.9327,230.610333333333,880.06421,227.29728
349199291513,349199321399,29886,880.06421,227.29728,939.88951,205.87703
349199471320,349199637961,166641,939.88951,205.87703,379.31257,230.61024
349199788081,349199821395,33314,379.31257,230.61024,455.38476,242.5014
349200054525,349200091199,36674,455.38476,242.5014,509.630914285714,261.9608
349200188852,349200221517,32665,509.630914285714,261.9608,558.13686,268.19764
349200454557,349200504616,50059,558.13686,268.19764,652.975769230769,245.377453846154
349200704614,349200821277,116663,652.975769230769,245.377453846154,789.99929047619,239.021142857143
349201137865,349201191421,53556,789.99929047619,239.021142857143,857.89265,228.523158333333
349201371156,349201454573,83417,857.89265,228.523158333333,904.866657142857,215.4385
349201671199,349201704555,33356,904.866657142857,215.4385,944.732466666667,221.863091666667
349201891295,349201971204,79909,944.732466666667,221.863091666667,374.42096,253.97321
349202287964,349202321284,33320,374.42096,253.97321,431.02007,256.15325
349202471089,349202504519,33430,431.02007,256.15325,372.877692857143,257.869514285714
349202721282,349202754421,33139,372.877692857143,257.869514285714,441.686244444444,248.173844444444
349203037819,349203071076,33257,441.686244444444,248.173844444444,533.983038888889,260.136366666667
349203354418,349203454432,100014,533.983038888889,260.136366666667,589.268077777778,264.694533333333
349203737770,349203771080,33310,589.268077777778,264.694533333333,603.06575,267.07256
349203921137,349204021272,100135,603.06575,267.07256,660.424071428571,259.8133
349204121279,349204154289,33010,660.424071428571,259.8133,690.02821,257.47147
349204304428,349204371068,66640,690.02821,257.47147,735.444633333333,259.952691666667
349204554290,349204594929,40639,735.444633333333,259.952691666667,836.281503448276,257.174279310345
349205054301,349205087799,33498,836.281503448276,257.174279310345,917.712528571429,244.3697
349205304348,349205454312,149964,917.712528571429,244.3697,379.8546,259.44065
349205570941,349205604382,33441,379.8546,259.44065,372.729563636364,253.175127272727
349205770965,349205804373,33408,372.729563636364,253.175127272727,449.250011764706,267.257147058824
349206070938,349206104373,33435,449.250011764706,267.257147058824,516.183727777778,293.261666666667
349206391946,349206421152,29206,516.183727777778,293.261666666667,564.6677,301.528525
349206537636,349206570952,33316,564.6677,301.528525,587.9375,288.582607692308
349206770920,349206904259,133339,587.9375,288.582607692308,630.911027777778,272.573405555556
349207170954,349207204265,33311,630.911027777778,272.573405555556,678.173013636364,284.163336363636
349207554160,349207637601,83441,678.173013636364,284.163336363636,718.258526666667,280.014453333333
349207870803,349208004235,133432,718.258526666667,280.014453333333,711.002742105263,283.150876315789
349208620902,349208654161,33259,711.002742105263,283.150876315789,770.148652631579,282.936005263158
349208954170,349208987538,33368,770.148652631579,282.936005263158,847.79876875,278.746425
349209504118,349209537466,33348,847.79876875,278.746425,938.554481818182,249.389136363636
349210254101,349210304107,50006,938.554481818182,249.389136363636,464.888914285714,321.866085714286
349210404125,349210437473,33348,464.888914285714,321.866085714286,387.335338095238,302.9141
349210770707,349210804104,33397,387.335338095238,302.9141,435.3821,294.708
349210920770,349211054047,133277,435.3821,294.708,523.435514285714,290.765728571429
349211270709,349211304121,33412,523.435514285714,290.765728571429,590.837928571429,289.7843
349211404115,349211437314,33199,590.837928571429,289.7843,625.402530434783,272.134743478261
349211804002,349211837346,33344,625.402530434783,272.134743478261,746.512060869565,295.262334782609
349212203989,349212237353,33364,746.512060869565,295.262334782609,824.103953333333,285.630866666667
349212470572,349212504026,33454,824.103953333333,285.630866666667,921.676354545455,276.461613636364
349212853905,349212904031,50126,921.676354545455,276.461613636364,397.02009,314.0629
349213391071,349213420651,29580,397.02009,314.0629,505.775527272727,322.062263636364
349213770587,349213803998,33411,505.775527272727,322.062263636364,593.488678571429,318.816142857143
349214020916,349214053792,32876,593.488678571429,318.816142857143,698.740239130435,323.972930434783
349214420797,349214453782,32985,698.740239130435,323.972930434783,839.219529411765,313.932952941176
349214720827,349214753786,32959,839.219529411765,313.932952941176,897.47704375,304.9512125
349215004017,349215053774,49757,897.47704375,304.9512125,413.105390909091,321.992563636364
349215220518,349215253810,33292,413.105390909091,321.992563636364,378.25081,323.36256
349215403872,349215437189,33317,378.25081,323.36256,518.630379166667,326.4004125
349215820615,349215853800,33185,518.630379166667,326.4004125,591.416076190476,337.069819047619
349216191498,349216220690,29192,591.416076190476,337.069819047619,649.08815,328.62855
349216403873,349216437093,33220,649.08815,328.62855,762.511438461538,333.750957692308
349216853674,349216891315,37641,762.511438461538,333.750957692308,886.333014285714,336.2554
349216987154,349217020524,33370,886.333014285714,336.2554,830.563392857143,328.700692857143
349217237067,349217270451,33384,830.563392857143,328.700692857143,891.090025,313.7068
349217394503,349217420398,25895,891.090025,313.7068,932.970671428571,311.898271428571
349217520454,349217570335,49881,932.970671428571,311.898271428571,397.385791666667,360.602554166667
349217953666,349217992170,38504,397.385791666667,360.602554166667,462.4724075,355.5179875
349218636946,349218670330,33384,462.4724075,355.5179875,554.505473913043,357.495747826087
349219036958,349219070329,33371,554.505473913043,357.495747826087,639.275354545455,361.301304545455
349219420402,349219453536,33134,639.275354545455,361.301304545455,593.332496153846,361.1765
349219870321,349220003596,133275,593.332496153846,361.1765,729.083833333333,360.052388888889
349220137025,349220170194,33169,729.083833333333,360.052388888889,787.632233333333,347.923433333333
349220353541,349220391925,38384,787.632233333333,347.923433333333,860.627127777778,347.780833333333
349220670207,349220703634,33427,860.627127777778,347.780833333333,925.406871428571,330.818578571429
349220920280,349221003653,83373,925.406871428571,330.818578571429,373.610554545455,355.675627272727
349221353554,349221391929,38375,373.610554545455,355.675627272727,448.672582608696,369.975604347826
349221753435,349221786943,33508,448.672582608696,369.975604347826,541.969932,377.201316
349222191581,349222220491,28910,541.969932,377.201316,615.844814285714,373.307385714286
349222436849,349222491252,54403,615.844814285714,373.307385714286,650.530966666667,375.114033333333
349222620211,349222653446,33235,650.530966666667,375.114033333333,691.435011111111,388.1166
349222791517,349222820153,28636,691.435011111111,388.1166,740.2205,366.710071428571
349222920150,349223136798,216648,740.2205,366.710071428571,803.980142857143,362.636628571429
349223236816,349223270091,33275,803.980142857143,362.636628571429,912.521471428571,347.342007142857
349223491477,349223553419,61942,912.521471428571,347.342007142857,955.4124,343.803528571429
349223887975,349223920158,32183,955.4124,343.803528571429,952.31759,337.79968
349224070068,349224103353,33285,952.31759,337.79968,962.958892307692,345.8615
349224303409,349224388005,84596,962.958892307692,345.8615,381.712931578947,379.032352631579
349224692627,349224720139,27512,381.712931578947,379.032352631579,473.561012,395.39632
349225120037,349225153292,33255,473.561012,395.39632,556.608584210526,402.949726315789
349225453299,349225491510,38211,556.608584210526,402.949726315789,646.402788461538,388.194342307692
349225903412,349226036597,133185,646.402788461538,388.194342307692,727.094390909091,407.775263636364
349226203373,349226236733,33360,727.094390909091,407.775263636364,738.015363636364,403.8926
349226403430,349226436640,33210,738.015363636364,403.8926,797.200336363636,397.601936363636
349226786687,349226820219,33532,797.200336363636,397.601936363636,868.322,387.7898
349227020046,349227053160,33114,868.322,387.7898,941.322018181818,372.255836363636
349227220040,349227369951,149911,941.322018181818,372.255836363636,382.402584375,400.31286875
349227888971,349227919901,30930,382.402584375,400.31286875,484.106203571429,418.641775
349228369852,349228403242,33390,484.106203571429,418.641775,567.303173333333,410.362486666667
349228636477,349228669851,33374,567.303173333333,410.362486666667,635.571525,416.7867125
349228786653,349228936437,149784,635.571525,416.7867125,705.8083,408.945494736842
349229236464,349229269828,33364,705.8083,408.945494736842,736.1121,411.770648571429
349229836534,349229869813,33279,736.1121,411.770648571429,784.7973125,380.0102625
349229991737,349230020035,28298,784.7973125,380.0102625,845.961368421053,363.071336842105
349230319980,349230353047,33067,845.961368421053,363.071336842105,916.015116666667,413.396466666667
