"start","end","duration","startx","starty","endx","endy"
75690254174,75690287536,33362,467.138814285714,230.246528571429,458.228246666667,149.498966666667
75690537392,75690570745,33353,458.228246666667,149.498966666667,358.639705263158,151.348084210526
75690870772,75690904122,33350,358.639705263158,151.348084210526,345.738442857143,75.0900761904762
75691237395,75691270761,33366,345.738442857143,75.0900761904762,406.7554125,123.14181875
75691521082,75691604004,82922,406.7554125,123.14181875,432.609566666667,122.938733333333
75691737406,75691837442,100036,432.609566666667,122.938733333333,363.226036363636,56.4990090909091
75692037568,75692237484,199916,363.226036363636,56.4990090909091,564.942278571429,64.4359642857143
75692504004,75692904002,399998,564.942278571429,64.4359642857143,629.935808333333,-98.8835333333333
75693087187,75693387588,300401,629.935808333333,-98.8835333333333,604.841788235294,-58.6340941176471
75693653935,75693870643,216708,604.841788235294,-58.6340941176471,706.591594117647,-60.3411058823529
75694137357,75694170588,33231,706.591594117647,-60.3411058823529,809.232238461538,-0.203476923076923
75694370572,75694403862,33290,809.232238461538,-0.203476923076923,727.418233333333,-38.5051111111111
75694537445,75694587221,49776,727.418233333333,-38.5051111111111,340.708905263158,46.8400947368421
75694887579,75694921949,34370,340.708905263158,46.8400947368421,428.408045454545,23.6851318181818
75695270511,75695353903,83392,428.408045454545,23.6851318181818,545.2169625,65.4042875
75695470486,75695587103,116617,545.2169625,65.4042875,611.90665,-38.92427
75695737157,75695953931,216774,611.90665,-38.92427,352.907385714286,118.251857142857
75696054167,75696137192,83025,352.907385714286,118.251857142857,340.057522222222,137.4495
75696270491,75696387085,116594,340.057522222222,137.4495,378.684866666667,110.832361111111
75696670553,75696703753,33200,378.684866666667,110.832361111111,473.9866825,109.6237925
75697354025,75697387104,33079,473.9866825,109.6237925,595.981484615385,108.771541025641
75698020509,75698053798,33289,595.981484615385,108.771541025641,712.717826666667,91.70754
75698286966,75698324890,37924,712.717826666667,91.70754,830.23448125,89.4105375
75698570388,75698603628,33240,830.23448125,89.4105375,699.550784615385,82.0086230769231
75699020464,75699053854,33390,699.550784615385,82.0086230769231,615.912861538462,98.0404692307692
75699470240,75699503625,33385,615.912861538462,98.0404692307692,686.670592307692,71.0655846153846
75699703615,75699803623,100008,686.670592307692,71.0655846153846,734.439375,85.7117916666667
75699986970,75700022168,35198,734.439375,85.7117916666667,823.054058333333,70.5467583333333
75700203626,75700386834,183208,823.054058333333,70.5467583333333,866.938411111111,56.8322851851852
75700820309,75700886842,66533,866.938411111111,56.8322851851852,333.056372727273,111.026163636364
75701236894,75701270264,33370,333.056372727273,111.026163636364,403.353081818182,114.411204545455
75701622580,75701653549,30969,403.353081818182,114.411204545455,530.125819230769,131.381151923077
75702503505,75702536889,33384,530.125819230769,131.381151923077,637.956617948718,112.344853846154
75703170148,75703203508,33360,637.956617948718,112.344853846154,731.82636,111.81438
75703603508,75703636785,33277,731.82636,111.81438,780.3937,82.7846411764706
75703903366,75703936797,33431,780.3937,82.7846411764706,860.832644827586,63.9562862068966
75704403378,75704470022,66644,860.832644827586,63.9562862068966,328.60504516129,108.122161290323
75704970017,75705503384,533367,328.60504516129,108.122161290323,361.355018181818,158.956463636364
75705669992,75705736670,66678,361.355018181818,158.956463636364,897.103925,110.8516625
75705853438,75705886590,33152,897.103925,110.8516625,886.034954545455,88.5718727272727
75706053431,75706103382,49951,886.034954545455,88.5718727272727,372.970382352941,132.6471
75706369954,75706436674,66720,372.970382352941,132.6471,464.277275,116.881320833333
75706821856,75706853301,31445,464.277275,116.881320833333,575.726417647059,107.253552941176
75707119956,75707153315,33359,575.726417647059,107.253552941176,647.08363125,103.80030625
75707403247,75707436663,33416,647.08363125,103.80030625,702.66731,99.70133
75707586576,75707621277,34701,702.66731,99.70133,759.620923076923,89.0547192307692
75708036622,75708069875,33253,759.620923076923,89.0547192307692,696.133953846154,115.929092307692
75708269872,75708319933,50061,696.133953846154,115.929092307692,873.783392,76.923912
75708721584,75708786488,64904,873.783392,76.923912,335.526888461538,110.75145
75709203134,75709236527,33393,335.526888461538,110.75145,428.149692,115.491836
75709636712,75709669738,33026,428.149692,115.491836,553.556167741935,132.081764516129
75710169715,75710203127,33412,553.556167741935,132.081764516129,657.0376,136.490717647059
75710469746,75710503127,33381,657.0376,136.490717647059,528.817863636364,127.609104545455
75710853415,75710886333,32918,528.817863636364,127.609104545455,665.814120689655,137.650168965517
75711353320,75711386335,33015,665.814120689655,137.650168965517,838.598367741935,145.877635483871
75711886340,75711986334,99994,838.598367741935,145.877635483871,356.692072972973,141.423445945946
75712586341,75712619707,33366,356.692072972973,141.423445945946,479.034188888889,151.836551851852
75713053262,75713086201,32939,479.034188888889,151.836551851852,585.31854,171.845572
75713486206,75713519749,33543,585.31854,171.845572,660.40140952381,173.747771428571
75713969651,75714002871,33220,660.40140952381,173.747771428571,707.9779625,185.94460625
75714286192,75714336897,50705,707.9779625,185.94460625,800.766114285714,173.10634
75714936282,75714986194,49912,800.766114285714,173.10634,875.865435294118,143.189441176471
75715269520,75715336567,67047,875.865435294118,143.189441176471,348.438697916667,179.944060416667
75716121336,75716152934,31598,348.438697916667,179.944060416667,390.502957692308,167.753911538462
75716569523,75716602749,33226,390.502957692308,167.753911538462,353.105954545455,169.480381818182
75716769512,75716902751,133239,353.105954545455,169.480381818182,366.354270588235,126.612164705882
75717169327,75717202744,33417,366.354270588235,126.612164705882,359.974855555556,162.363805555556
75717486084,75717586091,100007,359.974855555556,162.363805555556,399.124425,149.2577875
75717702742,75717821969,119227,399.124425,149.2577875,374.524157142857,153.9035
75717919461,75717952821,33360,374.524157142857,153.9035,436.52506,181.044146666667
75718185973,75718219472,33499,436.52506,181.044146666667,456.083005,169.657445
75718536182,75718936055,399873,456.083005,169.657445,499.43965,216.27515
75719152923,75719185949,33026,499.43965,216.27515,592.6846,204.335645833333
75719569263,75719602635,33372,592.6846,204.335645833333,666.685031578947,203.450610526316
75719902623,75719936045,33422,666.685031578947,203.450610526316,729.300730769231,194.360553846154
75720136184,75720169222,33038,729.300730769231,194.360553846154,791.7368375,184.3237875
75720419342,75720452687,33345,791.7368375,184.3237875,807.57424,136.55074
75720602631,75720635912,33281,807.57424,136.55074,895.367052941176,138.316264705882
75720902623,75721052851,150228,895.367052941176,138.316264705882,881.24814,130.764793333333
75721286051,75721352558,66507,881.24814,130.764793333333,358.7019,188.298405882353
75721622650,75721652557,29907,358.7019,188.298405882353,332.49472,196.5076
75721802493,75721836087,33594,332.49472,196.5076,385.02917027027,177.323921621622
75722436277,75722702516,266239,385.02917027027,177.323921621622,471.804338888889,195.343877777778
75722985740,75723019206,33466,471.804338888889,195.343877777778,384.69449375,174.895959375
75723535820,75723752450,216630,384.69449375,174.895959375,476.744696428571,196.202567857143
75724202383,75724235806,33423,476.744696428571,196.202567857143,536.486922580645,176.27414516129
75724735780,75724852543,116763,536.486922580645,176.27414516129,582.300555555556,212.6351
75724985700,75725036065,50365,582.300555555556,212.6351,624.8167875,212.962375
75725152582,75725185718,33136,624.8167875,212.962375,667.375721428571,231.014514285714
75725402378,75725435674,33296,667.375721428571,231.014514285714,752.277625925926,209.693962962963
75725869029,75725902384,33355,752.277625925926,209.693962962963,707.11107,198.0741
75726052441,75726085597,33156,707.11107,198.0741,817.354108333333,207.7004
75726468988,75726502261,33273,817.354108333333,207.7004,906.59316,186.94383
75726652553,75726819055,166502,906.59316,186.94383,363.347261538462,199.175353846154
75727019133,75727052309,33176,363.347261538462,199.175353846154,307.331871428571,135.1793
75727268881,75727302248,33367,307.331871428571,135.1793,394.99872,176.464864
75727702252,75727735707,33455,394.99872,176.464864,463.663558333333,189.939525
75727922299,75727952344,30045,463.663558333333,189.939525,582.716286956522,203.228134782609
75728322267,75728352550,30283,582.716286956522,203.228134782609,653.656175,175.8476875
75728868896,75728902116,33220,653.656175,175.8476875,739.795623333333,211.238073333333
75729385464,75729535569,150105,739.795623333333,211.238073333333,780.965091304348,259.251960869565
75729902116,75729968749,66633,780.965091304348,259.251960869565,899.581081481482,173.440603703704
75730402126,75730435396,33270,899.581081481482,173.440603703704,879.26294,175.20689
75730585340,75730735424,150084,879.26294,175.20689,349.48326,235.15644
75730968773,75731002135,33362,349.48326,235.15644,348.1283,240.259557142857
75731102117,75731135414,33297,348.1283,240.259557142857,390.002185714286,211.419766666667
75731468746,75731502001,33255,390.002185714286,211.419766666667,443.885215789474,219.685639473684
75732118719,75732152073,33354,443.885215789474,219.685639473684,517.6385,234.48806
75732385340,75732422439,37099,517.6385,234.48806,486.356970149254,216.867289552239
75733518692,75733552194,33502,486.356970149254,216.867289552239,557.64465,231.871558333333
75733935303,75733968666,33363,557.64465,231.871558333333,585.637091304348,214.312186956522
75734335448,75734368646,33198,585.637091304348,214.312186956522,682.41235,240.382315384615
75734785212,75734818654,33442,682.41235,240.382315384615,718.826041666667,314.402366666667
75735001886,75735085292,83406,718.826041666667,314.402366666667,604.652958823529,224.291023529412
75735352121,75735385223,33102,604.652958823529,224.291023529412,701.6930875,254.0856375
75735501869,75735552176,50307,701.6930875,254.0856375,729.54715,279.86475
75735768511,75735801881,33370,729.54715,279.86475,752.113577777778,236.574888888889
75735935152,75736101882,166730,752.113577777778,236.574888888889,759.020909090909,269.176213636364
75736451827,75736485089,33262,759.020909090909,269.176213636364,833.744684210526,254.123021052632
75736785090,75736818620,33530,833.744684210526,254.123021052632,714.366283333333,281.474079166667
75737201757,75737235171,33414,714.366283333333,281.474079166667,818.547,268.443341666667
75737422137,75737451838,29701,818.547,268.443341666667,885.9010375,247.640195833333
75737835445,75737868349,32904,885.9010375,247.640195833333,887.10050625,246.533308333333
75738651994,75738722242,70248,887.10050625,246.533308333333,358.424586666667,244.630433333333
75738951749,75738984954,33205,358.424586666667,244.630433333333,357.9338,246.131008823529
75739535477,75739568292,32815,357.9338,246.131008823529,397.6408625,238.62225
75739684968,75739768458,83490,397.6408625,238.62225,488.270466666667,287.989405555556
75740051829,75740084963,33134,488.270466666667,287.989405555556,532.12370625,277.316459375
75740601636,75740634934,33298,532.12370625,277.316459375,619.806258695652,258.575165217391
75741384849,75741422890,38041,619.806258695652,258.575165217391,737.01205,273.325803125
75741934930,75741968263,33333,737.01205,273.325803125,788.182388888889,280.455755555556
75742101505,75742134966,33461,788.182388888889,280.455755555556,818.831725,263.81155
75742318196,75742351699,33503,818.831725,263.81155,712.282391304348,265.57552173913
75742722032,75742901508,179476,712.282391304348,265.57552173913,893.13555,269.074755
75743222112,75743251619,29507,893.13555,269.074755,905.109053846154,266.735353846154
75743451587,75743518246,66659,905.109053846154,266.735353846154,356.302316666667,277.31295
75743801379,75743834862,33483,356.302316666667,277.31295,338.652153333333,270.226213333333
75744068158,75744101382,33224,338.652153333333,270.226213333333,434.18931,256.86533
75744422489,75744451494,29005,434.18931,256.86533,564.880468965517,266.423072413793
75744922277,75744951511,29234,564.880468965517,266.423072413793,646.56255625,281.0221125
75745468002,75745501378,33376,646.56255625,281.0221125,749.332269565217,300.732939130435
75745868018,75745901373,33355,749.332269565217,300.732939130435,782.483345454545,270.175422727273
75746252563,75746284578,32015,782.483345454545,270.175422727273,868.04432,270.35525
75746434652,75746601259,166607,868.04432,270.35525,860.046515,281.050495
75746922015,75746951454,29439,860.046515,281.050495,934.133275,283.2951125
75747067943,75747135168,67225,934.133275,283.2951125,357.094492307692,268.808323076923
75747334691,75747367868,33177,357.094492307692,268.808323076923,336.51663,245.85355
75747518009,75747551393,33384,336.51663,245.85355,476.703598113208,274.077362264151
75748422768,75748451332,28564,476.703598113208,274.077362264151,577.949962857143,286.845362857143
75749017952,75749051161,33209,577.949962857143,286.845362857143,662.474293333333,288.16444
75749534754,75749621112,86358,662.474293333333,288.16444,771.668267857143,306.742785714286
75750067751,75750167719,99968,771.668267857143,306.742785714286,706.981607142857,272.529921428571
75750384468,75750534857,150389,706.981607142857,272.529921428571,731.216338461538,361.270034615385
75750951346,75750984370,33024,731.216338461538,361.270034615385,602.05485,323.2132
75751234420,75751267777,33357,602.05485,323.2132,528.48190625,301.0484875
75751518498,75751551080,32582,528.48190625,301.0484875,658.096748837209,250.583853488372
75752251059,75752284365,33306,658.096748837209,250.583853488372,748.123925,236.211854166667
75752667611,75752701009,33398,748.123925,236.211854166667,661.901471428571,237.253985714286
75752801001,75752834427,33426,661.901471428571,237.253985714286,764.779193333333,236.029863333333
75753322273,75753351299,29026,764.779193333333,236.029863333333,870.240733333333,260.443591666667
75753534339,75753722116,187777,870.240733333333,260.443591666667,334.060715,281.825505
75754034274,75754067673,33399,334.060715,281.825505,402.982028571429,256.710104761905
75754400873,75754434723,33850,402.982028571429,256.710104761905,481.58938,255.8327
75754584237,75754622677,38440,481.58938,255.8327,-2,-91
75754751069,75754784615,33546,-2,-91,386.947236363636,245.683218181818
75754951059,75754984635,33576,386.947236363636,245.683218181818,525.492358333333,261.524504166667
75755367517,75755400883,33366,525.492358333333,261.524504166667,602.819611764706,276.944170588235
75755667480,75755800900,133420,602.819611764706,276.944170588235,673.57015862069,326.571062068965
75756267519,75756300754,33235,673.57015862069,326.571062068965,736.354723076923,307.212461538462
75756500750,75756534175,33425,736.354723076923,307.212461538462,816.085391666667,271.045304166667
75756922474,75756951027,28553,816.085391666667,271.045304166667,889.382582608696,291.550526086956
75757322340,75757350804,28464,889.382582608696,291.550526086956,896.546527272727,301.087609090909
75757522281,75757600771,78490,896.546527272727,301.087609090909,381.290457142857,265.1589
75757700756,75757734157,33401,381.290457142857,265.1589,346.083313636364,244.662668181818
75758083972,75758118456,34484,346.083313636364,244.662668181818,399.63546,266.204026666667
75758350845,75758383978,33133,399.63546,266.204026666667,397.479714814815,263.612018518519
75758817595,75758850849,33254,397.479714814815,263.612018518519,508.665841176471,276.916058823529
75759123673,75759150785,27112,508.665841176471,276.916058823529,579.333376923077,287.191084615385
75759567396,75759600636,33240,579.333376923077,287.191084615385,612.604925,283.761054166667
75760383978,75760422603,38625,612.604925,283.761054166667,620.258166666667,281.043416666667
75760600704,75760767269,166565,620.258166666667,281.043416666667,643.866826315789,365.398221052632
75761067320,75761184064,116744,643.866826315789,365.398221052632,760.35905,313.073641666667
75761367280,75761400507,33227,760.35905,313.073641666667,856.392513043478,288.583982608696
75761767252,75761800505,33253,856.392513043478,288.583982608696,894.857358823529,353.855417647059
