"start","end","duration","startx","starty","endx","endy"
362104799895,362104833311,33416,393.997971428571,194.682,399.140756756757,115.845575675676
362105433055,362105467072,34017,399.140756756757,115.845575675676,377.723821428571,54.1864642857143
362105683129,362105716473,33344,377.723821428571,54.1864642857143,483.11717,74.99936
362105867595,362105900774,33179,483.11717,74.99936,639.294842105263,71.9909210526316
362106199768,362106233067,33299,639.294842105263,71.9909210526316,711.924880952381,55.4381285714286
362106567110,362106599770,32660,711.924880952381,55.4381285714286,379.355445454545,64.0809545454545
362106768075,362106799771,31696,379.355445454545,64.0809545454545,391.666742105263,100.379715789474
362107416288,362107449702,33414,391.666742105263,100.379715789474,457.468456521739,116.132269565217
362107816324,362107849602,33278,457.468456521739,116.132269565217,514.01125,130.99735
362108099646,362108132941,33295,514.01125,130.99735,554.194659090909,143.885413636364
362108482994,362108532969,49975,554.194659090909,143.885413636364,612.904178378378,129.12607027027
362109132939,362109167672,34733,612.904178378378,129.12607027027,695.130410638298,136.904063829787
362109932786,362109967301,34515,695.130410638298,136.904063829787,755.98990952381,151.847514285714
362110299521,362110332807,33286,755.98990952381,151.847514285714,824.278282142857,153.757710714286
362110783041,362110816218,33177,824.278282142857,153.757710714286,893.281623076923,137.628076923077
362111016092,362111066233,50141,893.281623076923,137.628076923077,368.50668,135.1989525
362111716109,362111749465,33356,368.50668,135.1989525,422.365319047619,157.344133333333
362112084273,362112116199,31926,422.365319047619,157.344133333333,496.882227586207,153.890275862069
362112582839,362112616085,33246,496.882227586207,153.890275862069,427.6499875,145.838435416667
362113401151,362113432684,31533,427.6499875,145.838435416667,542.298334482759,152.336065517241
362113899437,362113932665,33228,542.298334482759,152.336065517241,659.3304125,161.42220625
362114449343,362114482811,33468,659.3304125,161.42220625,720.059672916667,158.163625
362115268796,362115299289,30493,720.059672916667,158.163625,805.889813043478,155.404430434783
362115667350,362115699569,32219,805.889813043478,155.404430434783,880.491874074074,124.781433333333
362116132564,362116167282,34718,880.491874074074,124.781433333333,390.240084615385,136.325615384615
362116582712,362116615819,33107,390.240084615385,136.325615384615,435.821913157895,145.733618421053
362117232447,362117267726,35279,435.821913157895,145.733618421053,503.036588461538,159.496996153846
362117682511,362117715830,33319,503.036588461538,159.496996153846,420.221085714286,153.639485714286
362118049080,362118082509,33429,420.221085714286,153.639485714286,491.773475,154.20634375
362118332441,362118367857,35416,491.773475,154.20634375,630.078360784314,167.202311764706
362119199150,362119232446,33296,630.078360784314,167.202311764706,663.824565116279,186.350376744186
362119932286,362119967241,34955,663.824565116279,186.350376744186,758.228351282051,178.105551282051
362120599028,362120632314,33286,758.228351282051,178.105551282051,850.046584090909,162.347034090909
362121365701,362121399219,33518,850.046584090909,162.347034090909,915.260311428571,148.808114285714
362121967208,362122015610,48402,915.260311428571,148.808114285714,477.497527272727,173.122072727273
362122182325,362122215608,33283,477.497527272727,173.122072727273,385.587433333333,159.367054545455
362122748828,362122782400,33572,385.587433333333,159.367054545455,481.61128,168.061464
362123182251,362123215568,33317,481.61128,168.061464,589.204806666667,171.519551111111
362123948830,362123982246,33416,589.204806666667,171.519551111111,667.570666666667,182.769848484848
362124515468,362124548851,33383,667.570666666667,182.769848484848,737.139371794872,186.689135897436
362125182148,362125215446,33298,737.139371794872,186.689135897436,831.337715384615,180.442484615385
362125632066,362125668533,36467,831.337715384615,180.442484615385,878.403457142857,181.387357142857
362125766714,362125798973,32259,878.403457142857,181.387357142857,418.023136363636,180.129727272727
362125967164,362125999056,31892,418.023136363636,180.129727272727,396.431627586207,187.550979310345
362126467231,362126498842,31611,396.431627586207,187.550979310345,512.26283125,192.89549375
362127015376,362127048717,33341,512.26283125,192.89549375,605.116701851852,195.23185
362127931916,362127966021,34105,605.116701851852,195.23185,657.7785,203.057014285714
362128065482,362128198648,133166,657.7785,203.057014285714,710.270633333333,196.91580952381
362128882004,362128915231,33227,710.270633333333,196.91580952381,774.586092307692,194.061630769231
362129115237,362129148602,33365,774.586092307692,194.061630769231,853.896453846154,179.198888461538
362129567717,362129598932,31215,853.896453846154,179.198888461538,892.665686666667,153.84216
362129831794,362129867966,36172,892.665686666667,153.84216,799.887953333333,179.883413333333
362130098547,362130131798,33251,799.887953333333,179.883413333333,904.534133333333,127.086458333333
362130315226,362130348454,33228,904.534133333333,127.086458333333,930.749384210526,126.999026315789
362130648469,362130698544,50075,930.749384210526,126.999026315789,408.005852941176,181.398135294118
362130967248,362130998541,31293,408.005852941176,181.398135294118,364.6422,239.6242
362131115078,362131181886,66808,364.6422,239.6242,441.932283333333,258.724258333333
362131367535,362131398722,31187,441.932283333333,258.724258333333,455.54839122807,211.144049122807
362132331679,362132366640,34961,455.54839122807,211.144049122807,572.082536363636,214.169927272727
362132898415,362132931663,33248,572.082536363636,214.169927272727,680.099318181818,212.273348484848
362133467047,362133498652,31605,680.099318181818,212.273348484848,788.838474509804,210.468054901961
362134331558,362134365634,34076,788.838474509804,210.468054901961,874.075427659574,201.370295744681
362135131549,362135198305,66756,874.075427659574,201.370295744681,448.870327272727,227.016027272727
362135367501,362135448230,80729,448.870327272727,227.016027272727,347.408615384615,236.189284615385
362135648221,362135681660,33439,347.408615384615,236.189284615385,369.5345875,254.1449625
362135798455,362135831552,33097,369.5345875,254.1449625,422.615842857143,255.016685714286
362136048205,362136081851,33646,422.615842857143,255.016685714286,753.9745609375,231.4784
362137131439,362137167179,35740,753.9745609375,231.4784,661.883729166667,216.495566666667
362137548192,362137581849,33657,661.883729166667,216.495566666667,839.669503703704,217.744596296296
362138014853,362138048080,33227,839.669503703704,217.744596296296,901.079527777778,204.813394444444
362138331445,362138381504,50059,901.079527777778,204.813394444444,416.355380327869,220.721995081967
362139381372,362139414740,33368,416.355380327869,220.721995081967,410.421458823529,220.517747058824
362139681384,362139714736,33352,410.421458823529,220.517747058824,370.814422222222,173.742255555556
362139848091,362139948093,100002,370.814422222222,173.742255555556,401.2319,124.650814285714
362140048085,362140081383,33298,401.2319,124.650814285714,517.84825483871,242.702835483871
362140581452,362140614703,33251,517.84825483871,242.702835483871,574.073839130435,217.627769565217
362140981396,362141014600,33204,574.073839130435,217.627769565217,622.370814285714,228.663166666667
362141347970,362141381379,33409,622.370814285714,228.663166666667,685.64916440678,247.005630508475
362142347970,362142381247,33277,685.64916440678,247.005630508475,759.574447916667,236.600470833333
362143167038,362143197909,30871,759.574447916667,236.600470833333,813.141437931034,232.535703448276
362143668655,362143697919,29264,813.141437931034,232.535703448276,865.533006557377,227.392383606557
362144697909,362144731040,33131,865.533006557377,227.392383606557,922.043675,202.027116666667
362144914468,362144967355,52887,922.043675,202.027116666667,423.481790909091,249.926809090909
362145131058,362145167513,36455,423.481790909091,249.926809090909,385.667758333333,260.794119444444
362145747712,362145781123,33411,385.667758333333,260.794119444444,464.62186,232.079973333333
362146266680,362146297789,31109,464.62186,232.079973333333,553.388613333333,256.965426666667
362146781144,362146814368,33224,553.388613333333,256.965426666667,582.831523076923,254.440688461538
362147667127,362147697948,30821,582.831523076923,254.440688461538,656.35814,259.415564
362148097867,362148130947,33080,656.35814,259.415564,730.459209677419,251.617864516129
362148630927,362148668304,37377,730.459209677419,251.617864516129,798.644076470588,259.910229411765
362148930925,362148967645,36720,798.644076470588,259.910229411765,880.77315483871,263.929548387097
362149464340,362149514261,49921,880.77315483871,263.929548387097,460.97683,277.12227
362149666960,362149697906,30946,460.97683,277.12227,379.869916129032,266.904329032258
362150197543,362150230795,33252,379.869916129032,266.904329032258,445.508410714286,269.162882142857
362150680908,362150714224,33316,445.508410714286,269.162882142857,520.6696025,272.33034
362151368128,362151397682,29554,520.6696025,272.33034,609.847214705882,276.790782352941
362151947457,362151980755,33298,609.847214705882,276.790782352941,687.660272727273,274.44453030303
362152514102,362152547443,33341,687.660272727273,274.44453030303,761.784588235294,266.72355
362153097410,362153130666,33256,761.784588235294,266.72355,823.938062790698,277.65416744186
362153830677,362153867592,36915,823.938062790698,277.65416744186,876.6441,283.514527272727
362154030697,362154064083,33386,876.6441,283.514527272727,903.68905,265.365345454545
362154413939,362154467172,53233,903.68905,265.365345454545,404.435659090909,288.644345454545
362154813981,362154847347,33366,404.435659090909,288.644345454545,414.3887625,294.870770833333
362155230569,362155268674,38105,414.3887625,294.870770833333,502.971804347826,288.283191304348
362155780646,362155864060,83414,502.971804347826,288.283191304348,546.830958064516,287.090161290323
362156367993,362156480635,112642,546.830958064516,287.090161290323,664.711551612903,271.145667741935
362156980514,362157013840,33326,664.711551612903,271.145667741935,780.512025,292.101596875
362157530421,362157563961,33540,780.512025,292.101596875,812.678633333333,263.1491125
362157947082,362157980501,33419,812.678633333333,263.1491125,719.347224,270.288024
362158380521,362158413829,33308,719.347224,270.288024,838.589671428571,276.6653
362158867747,362158897160,29413,838.589671428571,276.6653,913.885255,269.96393
362159213716,362159247099,33383,913.885255,269.96393,441.350341666667,293.500416666667
362159430302,362159467354,37052,441.350341666667,293.500416666667,374.984068181818,311.0662
362159813748,362159847095,33347,374.984068181818,311.0662,423.298075,319.0127
362159963853,362159997255,33402,423.298075,319.0127,417.798171428571,302.629385714286
362160097191,362160130318,33127,417.798171428571,302.629385714286,521.375292857143,333.839292857143
362160346975,362160466876,119901,521.375292857143,333.839292857143,509.613855555556,316.734988888889
362160597031,362160630319,33288,509.613855555556,316.734988888889,570.525229268293,306.357336585366
362161297207,362161330295,33088,570.525229268293,306.357336585366,659.931227027027,305.438472972973
362161930162,362161963689,33527,659.931227027027,305.438472972973,707.106011111111,299.861479365079
362162996919,362163030206,33287,707.106011111111,299.861479365079,803.029595652174,309.601369565217
362163396899,362163430189,33290,803.029595652174,309.601369565217,886.748545945946,300.537367567568
362164030221,362164066486,36265,886.748545945946,300.537367567568,416.764064285714,309.095442857143
362164280282,362164363595,83313,416.764064285714,309.095442857143,392.050467924528,319.728509433962
362165230046,362165267222,37176,392.050467924528,319.728509433962,506.298044444444,322.035266666667
362165546715,362165581895,35180,506.298044444444,322.035266666667,536.846893877551,325.879197959184
362166380116,362166413349,33233,536.846893877551,325.879197959184,609.3806,336.98490952381
362166746708,362166780148,33440,609.3806,336.98490952381,702.983336,316.580952
362167180025,362167213324,33299,702.983336,316.580952,779.0506,327.572833333333
362167446715,362167480033,33318,779.0506,327.572833333333,669.341794871795,325.989102564103
362168113358,362168146618,33260,669.341794871795,325.989102564103,761.34414137931,311.072431034483
362168613243,362168646603,33360,761.34414137931,311.072431034483,795.641142857143,297.905571428571
362168746597,362168780314,33717,795.641142857143,297.905571428571,914.615320512821,335.96488974359
