"start","end","duration","startx","starty","endx","endy"
16434364829,16434397064,32235,409.894328571429,295.562842857143,410.567442857143,186.331247619048
16434746770,16434780101,33331,410.567442857143,186.331247619048,378.460255555556,116.519266666667
16435063767,16435180101,116334,378.460255555556,116.519266666667,492.053861538462,146.096438461538
16435380109,16435613327,233218,492.053861538462,146.096438461538,584.660205555556,126.206433333333
16435896687,16436046761,150074,584.660205555556,126.206433333333,796.919591666667,94.7304083333333
16436230078,16436263667,33589,796.919591666667,94.7304083333333,377.082042857143,116.049352380952
16436596722,16436630102,33380,377.082042857143,116.049352380952,487.223475862069,162.016834482759
16437096554,16437180030,83476,487.223475862069,162.016834482759,371.779535,230.87881
16437496559,16437530134,33575,371.779535,230.87881,423.276866666667,255.636125
16437713242,16437834095,120853,423.276866666667,255.636125,435.93385,207.69856875
16438079987,16438113213,33226,435.93385,207.69856875,493.2641125,238.1736125
16438363295,16438396576,33281,493.2641125,238.1736125,535.852326315789,253.081710526316
16438696594,16438833827,137233,535.852326315789,253.081710526316,576.050886,211.825648
16439646548,16439679862,33314,576.050886,211.825648,623.732220512821,211.071043589744
16440313095,16440363340,50245,623.732220512821,211.071043589744,690.917345454546,194.593009090909
16440529962,16440563417,33455,690.917345454546,194.593009090909,648.813385294118,209.530667647059
16441113105,16441146521,33416,648.813385294118,209.530667647059,686.967315151515,219.637957575758
16441679739,16441713125,33386,686.967315151515,219.637957575758,662.038627272727,200.321681818182
16441879748,16441996312,116564,662.038627272727,200.321681818182,683.234131372549,190.531082352941
16442835141,16442863181,28040,683.234131372549,190.531082352941,762.424989189189,188.050456756757
16443463113,16443496439,33326,762.424989189189,188.050456756757,809.94208,201.828436
16443896308,16443929692,33384,809.94208,201.828436,832.561458333333,310.277125
16444112965,16444146377,33412,832.561458333333,310.277125,858.307809090909,227.519636363636
16444312966,16444479721,166755,858.307809090909,227.519636363636,363.826335294118,214.370111764706
16444746289,16444779628,33339,363.826335294118,214.370111764706,330.479258823529,352.929388235294
16445047732,16445196177,148445,330.479258823529,352.929388235294,509.2522,221.399223076923
16445612849,16445646343,33494,509.2522,221.399223076923,593.867793023256,225.560397674419
16446346329,16446379463,33134,593.867793023256,225.560397674419,654.5592,213.489257142857
16446579477,16446779504,200027,654.5592,213.489257142857,675.562722222222,194.823666666667
16447063041,16447146172,83131,675.562722222222,194.823666666667,769.821178787879,201.643621212121
16447679472,16447712733,33261,769.821178787879,201.643621212121,841.155187096774,205.840380645161
16448212730,16448262817,50087,841.155187096774,205.840380645161,356.493066666667,231.934522222222
16448696061,16448729480,33419,356.493066666667,231.934522222222,436.926668,249.754704
16449546032,16449579392,33360,436.926668,249.754704,519.094063414634,268.747619512195
16450246707,16450279355,32648,519.094063414634,268.747619512195,574.710324074074,238.198796296296
16451162830,16451195945,33115,574.710324074074,238.198796296296,658.17132962963,237.060548148148
16451629387,16451662896,33509,658.17132962963,237.060548148148,726.7082625,251.44755
16452045879,16452079250,33371,726.7082625,251.44755,778.2062,124.481633333333
16452212619,16452245994,33375,778.2062,124.481633333333,797.003355555556,143.240205555556
16452529450,16452562867,33417,797.003355555556,143.240205555556,847.861184615385,210.858311538462
16452979247,16453029369,50122,847.861184615385,210.858311538462,392.056861538462,225.160384615385
16453235084,16453262646,27562,392.056861538462,225.160384615385,372.242941025641,259.719335897436
16453895803,16453929374,33571,372.242941025641,259.719335897436,420.8707375,265.18614375
16454179114,16454212506,33392,420.8707375,265.18614375,522.704653571429,284.5204
16454662547,16454695698,33151,522.704653571429,284.5204,604.973326190476,267.316076190476
16455379094,16455412361,33267,604.973326190476,267.316076190476,690.387113513514,264.522562162162
16456012347,16456045758,33411,690.387113513514,264.522562162162,770.601527272727,256.586581818182
16456395682,16456429237,33555,770.601527272727,256.586581818182,835.013026666667,226.160613333333
16456662551,16456712366,49815,835.013026666667,226.160613333333,335.399486956522,281.972473913043
16457079018,16457112358,33340,335.399486956522,281.972473913043,370.888123076923,308.136584615385
16458178995,16458346444,167449,370.888123076923,308.136584615385,419.131184210526,279.829952631579
16458962431,16458995557,33126,419.131184210526,279.829952631579,416.633004761905,275.086238095238
16459335322,16459362426,27104,416.633004761905,275.086238095238,533.299333333333,265.433466666667
16459845544,16459878840,33296,533.299333333333,265.433466666667,587.693247368421,256.324963157895
16460178851,16460212116,33265,587.693247368421,256.324963157895,674.232853571429,266.4787
16460662228,16460695466,33238,674.232853571429,266.4787,775.8161,277.989588
16461095463,16461129767,34304,775.8161,277.989588,847.156884210526,277.218305263158
16461429220,16461478760,49540,847.156884210526,277.218305263158,383.324833333333,284.901811111111
16461612093,16461645535,33442,383.324833333333,284.901811111111,324.031564285714,303.259728571429
16461862173,16461895320,33147,324.031564285714,303.259728571429,456.758332,318.764636
16462295297,16462328859,33562,456.758332,318.764636,540.20185,301.555871428571
16462778747,16462811970,33223,540.20185,301.555871428571,502.16853,259.3566
16462962211,16462995310,33099,502.16853,259.3566,610.224513333333,326.206146666667
16463228984,16463262262,33278,610.224513333333,326.206146666667,638.852706666667,266.882573333333
16463495319,16463528724,33405,638.852706666667,266.882573333333,678.831882758621,281.866875862069
16463995318,16464028694,33376,678.831882758621,281.866875862069,760.259614285714,292.873271428571
16464362198,16464395180,32982,760.259614285714,292.873271428571,829.864505882353,311.057647058824
16464662187,16464862332,200145,829.864505882353,311.057647058824,344.801471428571,305.483707142857
16465078635,16465111858,33223,344.801471428571,305.483707142857,446.67325,334.548304545455
16465462159,16465495185,33026,446.67325,334.548304545455,539.408933333333,328.650404166667
16465878589,16465911852,33263,539.408933333333,328.650404166667,612.6285,310.579825
16466562054,16466595208,33154,612.6285,310.579825,713.084204545455,298.51455
16466945163,16466978506,33343,713.084204545455,298.51455,817.487111111111,315.886166666667
16467411852,16467461893,50041,817.487111111111,315.886166666667,357.314034782609,332.574560869565
16467834444,16467861943,27499,357.314034782609,332.574560869565,396.775354545455,376.131686363636
16468211738,16468361802,150064,396.775354545455,376.131686363636,413.8506,328.092985714286
16468578380,16468611736,33356,413.8506,328.092985714286,456.051526666667,351.502823333333
16469095081,16469132062,36981,456.051526666667,351.502823333333,521.038903030303,340.832266666667
16469662025,16469745032,83007,521.038903030303,340.832266666667,635.483888888889,308.547588888889
16469878374,16469911736,33362,635.483888888889,308.547588888889,622.5891,308.006644444444
16470194952,16470228503,33551,622.5891,308.006644444444,701.758888888889,316.849455555556
16470362487,16470494944,132457,701.758888888889,316.849455555556,683.720696296296,310.946040740741
16470934580,16470961916,27336,683.720696296296,310.946040740741,735.044664285714,300.566910714286
16471411607,16471445021,33414,735.044664285714,300.566910714286,826.891843902439,312.580612195122
16472111601,16472144947,33346,826.891843902439,312.580612195122,383.928271428571,324.664271428571
16472244912,16472311614,66702,383.928271428571,324.664271428571,334.85188,348.99948
16472545273,16472578219,32946,334.85188,348.99948,446.320287234043,374.135582978723
16473344912,16473378286,33374,446.320287234043,374.135582978723,572.8975625,359.65040625
16473628280,16473661678,33398,572.8975625,359.65040625,589.924157142857,351.573157142857
16473761550,16473794857,33307,589.924157142857,351.573157142857,611.319644444444,327.225544444444
16474078136,16474111470,33334,611.319644444444,327.225544444444,612.320936363636,344.688427272727
16474644786,16474761816,117030,612.320936363636,344.688427272727,681.451672727273,463.231290909091
16474928330,16474961574,33244,681.451672727273,463.231290909091,753.352427586207,347.949396551724
16475434665,16475461432,26767,753.352427586207,347.949396551724,793.2640125,344.7302875
16475578163,16475694732,116569,793.2640125,344.7302875,820.251925,210.55245
16475811317,16475844960,33643,820.251925,210.55245,875.022081818182,160.795163636364
16476011351,16476044669,33318,875.022081818182,160.795163636364,911.298371428571,137.394757142857
16476144776,16476177981,33205,911.298371428571,137.394757142857,838.5067,249.408421052632
16476478006,16476511375,33369,838.5067,249.408421052632,828.103942857143,245.145357142857
16476611368,16476777988,166620,828.103942857143,245.145357142857,321.44754,353.693225
16477094558,16477131772,37214,321.44754,353.693225,373.49845,365.337444444444
16477711243,16477744657,33414,373.49845,365.337444444444,476.115676923077,365.284925641026
16478377957,16478411226,33269,476.115676923077,365.284925641026,521.071714285714,365.387142857143
16478511235,16478561297,50062,521.071714285714,365.387142857143,560.542790909091,407.055481818182
16478735220,16478833479,98259,560.542790909091,407.055481818182,620.081041935484,332.025206451613
16479327975,16479361423,33448,620.081041935484,332.025206451613,680.779543478261,348.686665217391
16479728060,16479761298,33238,680.779543478261,348.686665217391,717.6868,355.877355555556
16479894425,16479994447,100022,717.6868,355.877355555556,707.796388888889,360.863711111111
16480277871,16480311094,33223,707.796388888889,360.863711111111,770.114804761905,355.147742857143
16480644562,16480677878,33316,770.114804761905,355.147742857143,837.490245454546,339.932427272727
16480845312,16480877766,32454,837.490245454546,339.932427272727,813.3466125,265.11885
16480994438,16481044523,50085,813.3466125,265.11885,381.105981818182,313.919354545455
16481211128,16481244536,33408,381.105981818182,313.919354545455,341.135038461538,317.251861538462
16481444552,16481477786,33234,341.135038461538,317.251861538462,349.192054054054,415.765024324324
16482077758,16482111099,33341,349.192054054054,415.765024324324,406.479156521739,415.737582608696
16482477748,16482510991,33243,406.479156521739,415.737582608696,513.652590384615,390.368059615385
16483361248,16483394317,33069,513.652590384615,390.368059615385,630.906008510638,369.41210212766
16484161672,16484194185,32513,630.906008510638,369.41210212766,760.107158333333,365.938566666667
16484577616,16484610982,33366,760.107158333333,365.938566666667,813.102057142857,332.1293
16484834276,16484861163,26887,813.102057142857,332.1293,854.4438125,381.604220833333
16485244319,16485360888,116569,854.4438125,381.604220833333,344.682334782609,404.273873913043
16485735420,16485760922,25502,344.682334782609,404.273873913043,382.821071428571,412.324905714286
16486334511,16486360930,26419,382.821071428571,412.324905714286,462.166652173913,417.599304347826
16486727636,16486761188,33552,462.166652173913,417.599304347826,504.665614285714,382.912657142857
16486977506,16487010863,33357,504.665614285714,382.912657142857,606.702847619048,396.3985
16487346156,16487377522,31366,606.702847619048,396.3985,716.0037625,393.933972916667
16488161299,16488194066,32767,716.0037625,393.933972916667,743.317328571429,397.685757142857
16488410736,16488494072,83336,743.317328571429,397.685757142857,625.585690909091,405.380671212121
16489577412,16489610739,33327,625.585690909091,405.380671212121,622.21858125,390.1138
16489860987,16490010611,149624,622.21858125,390.1138,695.047904166667,396.67525
16490393945,16490428244,34299,695.047904166667,396.67525,745.374525,411.472441666667
16490610610,16490745688,135078,745.374525,411.472441666667,829.30025,394.509941666667
16490929083,16491044026,114943,829.30025,394.509941666667,800.857871428571,380.4143
