"start","end","duration","startx","starty","endx","endy"
163939493913,163939527171,33258,557.5269,332.022975,604.568611111111,349.449455555556
163939661179,163939993885,332706,604.568611111111,349.449455555556,304.374942857143,36.2337142857143
163940094061,163940293900,199839,304.374942857143,36.2337142857143,437.092808695652,75.7919739130435
163940661318,163940693759,32441,437.092808695652,75.7919739130435,510.3255,63.0376789473684
163940993816,163941027035,33219,510.3255,63.0376789473684,643.698933333333,68.0122857142857
163941360466,163941412495,52029,643.698933333333,68.0122857142857,789.229394444444,62.5260722222222
163941693757,163941861228,167471,789.229394444444,62.5260722222222,376.151341176471,105.851652941176
163942126936,163942210306,83370,376.151341176471,105.851652941176,372.451077777778,86.5409611111111
163942493808,163942526928,33120,372.451077777778,86.5409611111111,456.0646,77.1837272727273
163942693756,163942726930,33174,456.0646,77.1837272727273,367.363743333333,140.237413333333
163943210319,163943326942,116623,367.363743333333,140.237413333333,384.172802564103,142.812617948718
163943961304,163943993677,32373,384.172802564103,142.812617948718,445.819045454545,145.367536363636
163944160384,163944193697,33313,445.819045454545,145.367536363636,513.241210526316,141.942278947368
163944493631,163944526781,33150,513.241210526316,141.942278947368,587.436985714286,142.460442857143
163944743593,163944776968,33375,587.436985714286,142.460442857143,648.588873684211,134.468944736842
163945393552,163945426795,33243,648.588873684211,134.468944736842,700.751425,150.01439
163945743480,163945776950,33470,700.751425,150.01439,779.93724,149.565166666667
163946010218,163946043455,33237,779.93724,149.565166666667,860.6022,149.884545454545
163946210085,163946293770,83685,860.6022,149.884545454545,820.43926,150.00716
163946610080,163946643467,33387,820.43926,150.00716,875.03604,146.99213
163946793538,163946843480,49942,875.03604,146.99213,371.09141627907,168.339004651163
163947543470,163947576873,33403,371.09141627907,168.339004651163,446.2296875,164.1011875
163947693521,163947793392,99871,446.2296875,164.1011875,477.190002631579,164.716697368421
163948410074,163948443381,33307,477.190002631579,164.716697368421,581.190874193548,165.418806451613
163948943337,163948976840,33503,581.190874193548,165.418806451613,693.160011428571,150.555068571429
163949543330,163949576642,33312,693.160011428571,150.555068571429,794.81750625,142.06385625
163949826553,163949860968,34415,794.81750625,142.06385625,856.644327272727,132.217736363636
163950026558,163950060093,33535,856.644327272727,132.217736363636,672.237909090909,164.124154545455
163950226562,163950326551,99989,672.237909090909,164.124154545455,718.179253658537,155.174997560976
163950993475,163951026586,33111,718.179253658537,155.174997560976,820.344028571429,160.294439285714
163951476627,163951662748,186121,820.344028571429,160.294439285714,367.416025,187.95970625
163951909780,163952009847,100067,367.416025,187.95970625,443.4061375,197.977395
163952661569,163952693265,31696,443.4061375,197.977395,537.957682352941,190.867658823529
163952960363,163953093142,132779,537.957682352941,190.867658823529,581.408225925926,189.757359259259
163953526435,163953561625,35190,581.408225925926,189.757359259259,697.721596296296,182.198225925926
163953993186,163954026449,33263,697.721596296296,182.198225925926,754.853872727273,184.343059090909
163954376605,163954409714,33109,754.853872727273,184.343059090909,866.095406976744,167.134795348837
163955109723,163955161736,52013,866.095406976744,167.134795348837,366.749835714286,187.3518
163955376354,163955493266,116912,366.749835714286,187.3518,420.67245,202.015341666667
163955676416,163955709709,33293,420.67245,202.015341666667,402.513259259259,202.096207407407
163956142957,163956176357,33400,402.513259259259,202.096207407407,546.996280487805,199.180658536585
163956842960,163956876224,33264,546.996280487805,199.180658536585,650.669503846154,198.037292307692
163957293231,163957326197,32966,650.669503846154,198.037292307692,769.8027,188.482315
163957642828,163957676231,33403,769.8027,188.482315,867.972642857143,190.795471428571
163958126206,163958176336,50130,867.972642857143,190.795471428571,384.06680625,206.9865125
163958426167,163958561733,135566,384.06680625,206.9865125,355.089978947368,216.266926315789
163958861160,163958976233,115073,355.089978947368,216.266926315789,855.294186956522,198.904373913043
163959342830,163959393127,50297,855.294186956522,198.904373913043,388.812989473684,207.270457894737
163959692897,163959726048,33151,388.812989473684,207.270457894737,444.248740625,220.819153125
163960242739,163960276106,33367,444.248740625,220.819153125,515.346061538462,218.526115384615
163960476115,163960642711,166596,515.346061538462,218.526115384615,542.56094,194.40082
163960792984,163960826060,33076,542.56094,194.40082,567.877640909091,219.887718181818
163961176122,163961209355,33233,567.877640909091,219.887718181818,665.402438235294,213.829088235294
163961759476,163961792775,33299,665.402438235294,213.829088235294,806.589262962963,214.155203703704
163962225929,163962259430,33501,806.589262962963,214.155203703704,881.364925,207.075275
163962375993,163962425930,49937,881.364925,207.075275,398.532615,236.02936
163963075996,163963109342,33346,398.532615,236.02936,482.933016666667,229.547205555556
163963392653,163963425918,33265,482.933016666667,229.547205555556,579.26935,237.507085714286
163963876073,163963909197,33124,579.26935,237.507085714286,680.800506,233.371844
163964725806,163964761108,35302,680.800506,233.371844,777.3435,237.72924
163964909230,163965042626,133396,777.3435,237.72924,757.118132692308,240.442413461538
163965892554,163965925791,33237,757.118132692308,240.442413461538,839.172037037037,237.833055555556
163966361310,163966392531,31221,839.172037037037,237.833055555556,905.8217875,243.4921125
163966509096,163966559159,50063,905.8217875,243.4921125,385.24351,257.07903
163966875770,163967009106,133336,385.24351,257.07903,429.161466666667,265.038355555556
163967292781,163967325681,32900,429.161466666667,265.038355555556,499.727157894737,276.525410526316
163967625663,163967661461,35798,499.727157894737,276.525410526316,592.05293,280.72352
163967809094,163967942325,133231,592.05293,280.72352,557.646305882353,263.814523529412
163968209101,163968242367,33266,557.646305882353,263.814523529412,557.445811428571,262.561388571429
163968808976,163968842324,33348,557.445811428571,262.561388571429,654.040841304348,256.790645652174
163969592618,163969625549,32931,654.040841304348,256.790645652174,881.445377777778,244.82485
163969908964,163969959856,50892,881.445377777778,244.82485,376.549292307692,273.931069230769
163970159197,163970292281,133084,376.549292307692,273.931069230769,407.424858823529,270.831658823529
163970559079,163970592286,33207,407.424858823529,270.831658823529,472.183085,283.81891
163970908888,163970942203,33315,472.183085,283.81891,471.3445,273.72867
163971092538,163971125564,33026,471.3445,273.72867,364.737210344828,279.638934482759
163971592250,163971625472,33222,364.737210344828,279.638934482759,533.173728,289.320536
163972025434,163972061008,35574,533.173728,289.320536,664.482252173913,285.932586956522
163972425426,163972459844,34418,664.482252173913,285.932586956522,565.158177777778,282.1764
163972592386,163972625432,33046,565.158177777778,282.1764,746.7207,282.9675
163973158938,163973192265,33327,746.7207,282.9675,845.549,289.511922222222
163973325430,163973361676,36246,845.549,289.511922222222,852.070617391304,270.69602173913
163973725432,163973775587,50155,852.070617391304,270.69602173913,355.548191666667,282.669708333333
163973959251,163974075391,116140,355.548191666667,282.669708333333,378.59002,295.185588
163974475374,163974508720,33346,378.59002,295.185588,456.826623809524,308.787876190476
163974842075,163974875350,33275,456.826623809524,308.787876190476,503.43800625,309.3916375
163975125326,163975162680,37354,503.43800625,309.3916375,588.277841666667,307.854533333333
163975341961,163975492234,150273,588.277841666667,307.854533333333,613.796798076923,290.306919230769
163976341987,163976375366,33379,613.796798076923,290.306919230769,698.234655555555,294.045433333333
163976808617,163976841969,33352,698.234655555555,294.045433333333,749.426381818182,294.360854545455
163977192173,163977225187,33014,749.426381818182,294.360854545455,724.46727037037,302.633777777778
163977658682,163977692158,33476,724.46727037037,302.633777777778,802.669875,290.27625
163977875273,163977908594,33321,802.669875,290.27625,899.576958333333,377.00705
163978091903,163978725205,633302,899.576958333333,377.00705,439.17765,371.17779
163978875229,163979041839,166610,439.17765,371.17779,466.63385,400.293625
163979161628,163979192138,30510,466.63385,400.293625,428.8996,390.995025
163979308477,163979341821,33344,428.8996,390.995025,402.499234285714,318.338602857143
163979908465,163980041704,133239,402.499234285714,318.338602857143,457.011735714286,307.130057142857
163980261145,163980291823,30678,457.011735714286,307.130057142857,517.774963636364,324.317066666667
163980825076,163980858463,33387,517.774963636364,324.317066666667,637.360339534884,331.346855813953
163981558454,163981591994,33540,637.360339534884,331.346855813953,742.710196666667,320.027333333333
163982075003,163982108343,33340,742.710196666667,320.027333333333,859.570430612245,313.199002040816
163982908363,163982961346,52983,859.570430612245,313.199002040816,373.530863636364,335.593418181818
163983124936,163983241638,116702,373.530863636364,335.593418181818,420.707665714286,339.609928571429
163983808244,163983841581,33337,420.707665714286,339.609928571429,486.523875757576,340.897454545455
163984374859,163984408220,33361,486.523875757576,340.897454545455,530.120522222222,346.209155555556
163984541572,163984574948,33376,530.120522222222,346.209155555556,352.724218181818,340.448427272727
163984741583,163984774895,33312,352.724218181818,340.448427272727,655.791485714286,342.901528571429
163984874866,163984908207,33341,655.791485714286,342.901528571429,834.348657142857,332.325828571429
163985008229,163985041461,33232,834.348657142857,332.325828571429,503.911775,341.616845833333
163985424787,163985461239,36452,503.911775,341.616845833333,616.879973333333,348.767583333333
163985941468,163985974871,33403,616.879973333333,348.767583333333,742.29675,348.008703125
163986491603,163986608104,116501,742.29675,348.008703125,825.124816666667,327.954272222222
163986891789,163986924662,32873,825.124816666667,327.954272222222,879.678861111111,325.910505555556
163987208110,163987261931,53821,879.678861111111,325.910505555556,393.315238888889,350.130066666667
163987541336,163987708093,166757,393.315238888889,350.130066666667,405.561041176471,353.634547058824
163987974783,163988007976,33193,405.561041176471,353.634547058824,449.191694736842,362.110531578947
163988307975,163988341336,33361,449.191694736842,362.110531578947,571.029534615385,367.543146153846
163989191406,163989224557,33151,571.029534615385,367.543146153846,690.8526875,365.915933333333
163989607980,163989641207,33227,690.8526875,365.915933333333,748.641368571429,367.623797142857
163990207972,163990241209,33237,748.641368571429,367.623797142857,871.713295238095,353.521342857143
163990574634,163990641222,66588,871.713295238095,353.521342857143,358.144485,373.012585
163990961678,163991007856,46178,358.144485,373.012585,905.446,391.178873333333
163991241266,163991274612,33346,905.446,391.178873333333,925.398191666667,351.989791666667
