"start","end","duration","startx","starty","endx","endy"
359398631395,359398664790,33395,679.5553375,255.3308,823.56374375,271.1237875
359398914817,359398998360,83543,823.56374375,271.1237875,462.256357142857,72.9937571428571
359399099888,359399131397,31509,462.256357142857,72.9937571428571,373.490225,45.81798125
359399381618,359399514777,133159,373.490225,45.81798125,434.148845714286,101.753191428571
359400087921,359400114708,26787,434.148845714286,101.753191428571,500.552372727273,105.241109090909
359400288629,359400314886,26257,500.552372727273,105.241109090909,515.987075,84.300825
359400431355,359400464613,33258,515.987075,84.300825,596.926938,48.729798
359401298048,359401331270,33222,596.926938,48.729798,626.004786666667,48.2858866666667
359401587547,359401614730,27183,626.004786666667,48.2858866666667,640.555345,27.8478175
359402264613,359402297919,33306,640.555345,27.8478175,720.45489047619,36.7143809523809
359402631231,359402747831,116600,720.45489047619,36.7143809523809,446.041555555556,51.4878222222222
359402887461,359403131264,243803,446.041555555556,51.4878222222222,551.152094117647,35.0654058823529
359403397936,359403431280,33344,551.152094117647,35.0654058823529,594.7741,24.9763230769231
359403631194,359403664838,33644,594.7741,24.9763230769231,739.055771875,38.834159375
359404186410,359404214745,28335,739.055771875,38.834159375,788.856073333333,51.02338
359404447700,359404483651,35951,788.856073333333,51.02338,835.663145454545,15.3005
359404647715,359404687268,39553,835.663145454545,15.3005,686.295657142857,101.341614285714
359404788678,359404814762,26084,686.295657142857,101.341614285714,376.4269375,152.2135375
359404931173,359404964504,33331,376.4269375,152.2135375,355.869074193548,136.106287096774
359405464374,359405547703,83329,355.869074193548,136.106287096774,390.12796,153.263303333333
359406031027,359406064381,33354,390.12796,153.263303333333,432.717613793103,167.437996551724
359406531019,359406797740,266721,432.717613793103,167.437996551724,484.2028,127.179285714286
359406899416,359407014578,115162,484.2028,127.179285714286,539.672847058824,141.911164705882
359407281135,359407387662,106527,539.672847058824,141.911164705882,676.252428571429,89.4786285714286
359407487163,359407514427,27264,676.252428571429,89.4786285714286,595.196878571429,189.803807142857
359407730998,359407764252,33254,595.196878571429,189.803807142857,630.734296969697,175.702766666667
359408298069,359408331003,32934,630.734296969697,175.702766666667,701.53949661017,170.631986440678
359409297582,359409330894,33312,701.53949661017,170.631986440678,763.623192857143,172.861125
359409781160,359409830900,49740,763.623192857143,172.861125,798.484522222222,211.366992592593
359410264125,359410297732,33607,798.484522222222,211.366992592593,873.392693333333,187.679746666667
359410787638,359410830915,43277,873.392693333333,187.679746666667,363.2985,181.821080952381
359411164135,359411230827,66692,363.2985,181.821080952381,385.598373333333,190.6734
359411464128,359411497578,33450,385.598373333333,190.6734,470.347853658537,198.157902439024
359412164117,359412197633,33516,470.347853658537,198.157902439024,551.546572727273,195.226121212121
359412730741,359412847328,116587,551.546572727273,195.226121212121,569.793248,194.14553
359413664008,359413697460,33452,569.793248,194.14553,662.273906976744,212.421172093023
359414397282,359414430622,33340,662.273906976744,212.421172093023,733.023536666667,198.54173
359414914076,359414947224,33148,733.023536666667,198.54173,820.712717021277,200.567961702128
359415713922,359415747234,33312,820.712717021277,200.567961702128,884.025114285714,187.142864285714
359415963881,359416030525,66644,884.025114285714,187.142864285714,390.9897125,170.206275
359416147217,359416513943,366726,390.9897125,170.206275,376.219742857143,153.478271428571
359416614559,359416687487,72928,376.219742857143,153.478271428571,392.1335,138.663057142857
359416780967,359416814071,33104,392.1335,138.663057142857,390.566025,177.295941666667
359416998595,359417030532,31937,390.566025,177.295941666667,459.799515,224.22321
359417686191,359417714039,27848,459.799515,224.22321,495.506148837209,212.236772093023
359418413821,359418447452,33631,495.506148837209,212.236772093023,539.825392307692,212.031938461538
359418647078,359418687072,39994,539.825392307692,212.031938461538,585.9080125,231.68566875
359418930401,359418997193,66792,585.9080125,231.68566875,627.569258823529,215.33185
359419547059,359419587060,40001,627.569258823529,215.33185,647.710054545455,192.210845454545
359419746954,359419780639,33685,647.710054545455,192.210845454545,703.73195625,225.17851875
359420563623,359420597078,33455,703.73195625,225.17851875,769.500061904762,229.479533333333
359421287883,359421313914,26031,769.500061904762,229.479533333333,866.98643125,228.0252171875
359422363634,359422397071,33437,866.98643125,228.0252171875,910.912946153846,208.6858
359422597051,359422646848,49797,910.912946153846,208.6858,407.280505555556,219.605827777778
359422930259,359422963503,33244,407.280505555556,219.605827777778,388.96596744186,203.943560465116
359423663503,359423746834,83331,388.96596744186,203.943560465116,461.33484,206.075366666667
359423981383,359424013666,32283,461.33484,206.075366666667,545.519626760563,212.473311267606
359425187313,359425213532,26219,545.519626760563,212.473311267606,600.571926415094,231.08330754717
359426087768,359426113478,25710,600.571926415094,231.08330754717,666.653207142857,240.755628571429
359426563385,359426663379,99994,666.653207142857,240.755628571429,727.593010909091,239.706934545455
359427563384,359427597869,34485,727.593010909091,239.706934545455,822.894630357143,237.657921428571
359428513448,359428546483,33035,822.894630357143,237.657921428571,888.714173076923,215.090576923077
359428963254,359429029871,66617,888.714173076923,215.090576923077,379.664088235294,235.594364705882
359429587854,359429663254,75400,379.664088235294,235.594364705882,447.708126666667,248.463666666667
359429897084,359429946548,49464,447.708126666667,248.463666666667,532.51338,244.972902857143
359430513307,359430546494,33187,532.51338,244.972902857143,607.33799,255.84555
359431029780,359431146546,116766,607.33799,255.84555,686.302087096774,262.860422580645
359431646462,359431679947,33485,686.302087096774,262.860422580645,777.558598275862,260.16380862069
359432629762,359432662991,33229,777.558598275862,260.16380862069,871.806483333333,248.162814285714
359433346344,359433396566,50222,871.806483333333,248.162814285714,385.429836585366,281.495107317073
359434063002,359434163003,100001,385.429836585366,281.495107317073,422.428304347826,271.262632608696
359434913275,359434946213,32938,422.428304347826,271.262632608696,469.527610769231,267.762792307692
359436013159,359436046231,33072,469.527610769231,267.762792307692,544.5267,264.6524
359436187391,359436262868,75477,544.5267,264.6524,621.054397222222,287.945613888889
359436846160,359436888916,42756,621.054397222222,287.945613888889,680.97206,284.4196
359437446072,359437483873,37801,680.97206,284.4196,758.27065,264.836322222222
359437762752,359437796172,33420,758.27065,264.836322222222,835.361398333333,247.377763333333
359438787673,359438812844,25171,835.361398333333,247.377763333333,913.374115151515,237.701063636364
359439345978,359440229387,883409,913.374115151515,237.701063636364,477.2066,299.59793
359440545952,359440588353,42401,477.2066,299.59793,556.220808333333,325.892583333333
359440762616,359440912709,150093,556.220808333333,325.892583333333,598.460448484848,297.247445454545
359441446329,359441483028,36699,598.460448484848,297.247445454545,699.368133333333,279.994463333333
359441962634,359441995934,33300,699.368133333333,279.994463333333,774.065217948718,285.235925641026
359442629276,359442662497,33221,774.065217948718,285.235925641026,825.304684210526,281.129757894737
359442962506,359442996312,33806,825.304684210526,281.129757894737,845.139189285714,289.005039285714
359443445831,359443483992,38161,845.139189285714,289.005039285714,884.3171,287.254845454545
359443645829,359443829366,183537,884.3171,287.254845454545,356.124015,299.022115
359444146147,359444187183,41036,356.124015,299.022115,450.836,310.019075
359444429147,359444462509,33362,450.836,310.019075,543.049454285714,315.47858
359445029149,359445062375,33226,543.049454285714,315.47858,635.47882962963,315.721618518519
359445496201,359445529185,32984,635.47882962963,315.721618518519,714.5023875,320.452790625
359446045771,359446112431,66660,714.5023875,320.452790625,774.69337,321.775233333333
359446595799,359446629044,33245,774.69337,321.775233333333,827.199973333333,297.860026666667
359447112488,359447145608,33120,827.199973333333,297.860026666667,885.6434,276.6376875
359447395689,359447445577,49888,885.6434,276.6376875,399.858973333333,300.467873333333
359447686544,359447712588,26044,399.858973333333,300.467873333333,321.923381818182,303.778336363636
359447879075,359447912584,33509,321.923381818182,303.778336363636,456.958892857143,329.038632142857
359448362281,359448398949,36668,456.958892857143,329.038632142857,526.571194444444,340.741911111111
359448688198,359448712522,24324,526.571194444444,340.741911111111,619.787422580645,326.240603225806
359449212402,359449245457,33055,619.787422580645,326.240603225806,716.263743243243,339.913056756757
359449845462,359449997774,152312,716.263743243243,339.913056756757,-2,-91
359451114455,359451303049,188594,-2,-91,613.495047058824,353.656558823529
359451569625,359451603037,33412,613.495047058824,353.656558823529,659.4343625,348.0615
359451988133,359452087810,99677,659.4343625,348.0615,659.671901923077,326.799976923077
359452936265,359452969622,33357,659.671901923077,326.799976923077,737.428510606061,318.924575757576
359454052858,359454087582,34724,737.428510606061,318.924575757576,797.494069444444,313.14795
359454669513,359454702907,33394,797.494069444444,313.14795,853.156785416667,313.674797916667
359455486509,359455519804,33295,853.156785416667,313.674797916667,921.9329,309.114640909091
359455869509,359456087739,218230,921.9329,309.114640909091,338.417304166667,344.3209625
359456469383,359456888655,419272,338.417304166667,344.3209625,442.912109677419,327.888783870968
359457387359,359457419760,32401,442.912109677419,327.888783870968,501.647776923077,344.70141025641
359458052611,359458087991,35380,501.647776923077,344.70141025641,567.957586956522,336.280965217391
359458452596,359458519658,67062,567.957586956522,336.280965217391,617.84163902439,329.326556097561
359459187635,359459219603,31968,617.84163902439,329.326556097561,691.207832692308,326.576928846154
359460087756,359460119318,31562,691.207832692308,326.576928846154,801.618242857143,325.355004761905
359460802589,359460835878,33289,801.618242857143,325.355004761905,878.925027659574,365.648053191489
359461602530,359461652464,49934,878.925027659574,365.648053191489,400.452575,396.6350125
359461769117,359461802578,33461,400.452575,396.6350125,409.396030909091,401.778869090909
359462702573,359462735800,33227,409.396030909091,401.778869090909,527.632127272727,400.51835
359463088021,359463119288,31267,527.632127272727,400.51835,664.120927272727,395.739381818182
359463289328,359463319208,29880,664.120927272727,395.739381818182,910.046342222222,428.603462222222
359464052351,359464088094,35743,910.046342222222,428.603462222222,840.1628625,400.80255
