"start","end","duration","startx","starty","endx","endy"
344961401708,344961434888,33180,708.8897625,281.5402875,730.514741176471,188.222911764706
344961684693,344961734663,49970,730.514741176471,188.222911764706,531.69207,83.32039
344961884699,344961918054,33355,531.69207,83.32039,385.449588888889,105.593255555556
344962051286,344962151675,100389,385.449588888889,105.593255555556,392.5217125,122.1940875
344962268144,344962584889,316745,392.5217125,122.1940875,599.519308333333,23.8112916666667
344962768019,344962801337,33318,599.519308333333,23.8112916666667,418.01895625,9.52250625
344963051287,344963184701,133414,418.01895625,9.52250625,606.67125,27.48279
344963334643,344963468033,133390,606.67125,27.48279,607.043509090909,25.5691181818182
344963634645,344963668008,33363,607.043509090909,25.5691181818182,434.513553846154,67.8965230769231
344963868049,344963901411,33362,434.513553846154,67.8965230769231,376.252726470588,153.549311764706
344964451287,344964484563,33276,376.252726470588,153.549311764706,437.205734482759,143.42455862069
344964951250,344964984739,33489,437.205734482759,143.42455862069,447.183186363636,116.943509090909
344965334516,344965367885,33369,447.183186363636,116.943509090909,448.668416666667,114.436341666667
344965551167,344965651164,99997,448.668416666667,114.436341666667,537.84,147.658060869565
344966017809,344966251155,233346,537.84,147.658060869565,502.56302,120.48071
344966401214,344966434387,33173,502.56302,120.48071,371.10199,122.057205
344966751170,344966784514,33344,371.10199,122.057205,582.7992,106.38938125
344967034389,344967067859,33470,582.7992,106.38938125,587.244875,105.754595833333
344967451043,344967484438,33395,587.244875,105.754595833333,635.361664285714,112.786507142857
344967701221,344967817672,116451,635.361664285714,112.786507142857,668.6173,98.433795
344968134382,344968167810,33428,668.6173,98.433795,739.69414375,82.09951875
344968417671,344968451036,33365,739.69414375,82.09951875,823.349681481482,80.6539814814815
344968884450,344968917684,33234,823.349681481482,80.6539814814815,861.637007142857,68.4482142857143
344969367904,344969500993,133089,861.637007142857,68.4482142857143,896.461582608696,63.5114608695652
344969867761,344969901187,33426,896.461582608696,63.5114608695652,933.151722222222,65.8521111111111
344970034282,344970150908,116626,933.151722222222,65.8521111111111,365.614344827586,159.478955172414
344970617522,344970650912,33390,365.614344827586,159.478955172414,431.939177777778,141.614955555556
344970934269,344971034259,99990,431.939177777778,141.614955555556,481.082142857143,152.700014285714
344971134264,344971267620,133356,481.082142857143,152.700014285714,547.71703,130.88145
344971584209,344971617558,33349,547.71703,130.88145,628.325408333333,119.723383333333
344971801063,344971834138,33075,628.325408333333,119.723383333333,719.0716,99.0313214285714
344972050783,344972084197,33414,719.0716,99.0313214285714,579.843654901961,109.576450980392
344972917426,344972950796,33370,579.843654901961,109.576450980392,634.994525,123.1789875
344973068623,344973217429,148806,634.994525,123.1789875,559.994563157895,117.908036842105
344973517396,344973550782,33386,559.994563157895,117.908036842105,597.535788888889,97.0958888888889
344973684191,344973717423,33232,597.535788888889,97.0958888888889,676.976326923077,111.346492307692
344974134011,344974167500,33489,676.976326923077,111.346492307692,739.583571428571,122.167657142857
344974267499,344974400846,133347,739.583571428571,122.167657142857,781.606977777778,114.086766666667
344974534023,344974567564,33541,781.606977777778,114.086766666667,802.061383333333,90.9643611111111
344975150668,344975334005,183337,802.061383333333,90.9643611111111,819.67745,119.05683
344975484065,344975517314,33249,819.67745,119.05683,854.793422222222,116.727277777778
344975650657,344975767376,116719,854.793422222222,116.727277777778,924.973634782609,101.105365217391
344976134005,344976167417,33412,924.973634782609,101.105365217391,811.027309090909,99.9769545454545
344976517270,344976567381,50111,811.027309090909,99.9769545454545,340.389426666667,194.266193333333
344976800740,344976833891,33151,340.389426666667,194.266193333333,448.178984615385,168.687284615385
344977033892,344977067357,33465,448.178984615385,168.687284615385,416.825108333333,162.8522
344977250532,344977283945,33413,416.825108333333,162.8522,478.732642857143,174.629028571429
344977383959,344977450724,66765,478.732642857143,174.629028571429,538.671542857143,171.039714285714
344977550590,344977667313,116723,538.671542857143,171.039714285714,552.029076666667,140.855123333333
344978150542,344978183946,33404,552.029076666667,140.855123333333,549.769916666667,144.776416666667
344978367250,344978400606,33356,549.769916666667,144.776416666667,614.437317857143,150.580164285714
344978850548,344978883955,33407,614.437317857143,150.580164285714,715.71698,133.47089
344979200616,344979233776,33160,715.71698,133.47089,636.623028571429,121.192514285714
344979567303,344979600498,33195,636.623028571429,121.192514285714,651.052281818182,109.954554545455
344979767163,344979800507,33344,651.052281818182,109.954554545455,762.548954545455,82.2879181818182
344979967231,344980000661,33430,762.548954545455,82.2879181818182,851.743662962963,139.455625925926
344980433761,344980467165,33404,851.743662962963,139.455625925926,918.428225,127.108941666667
344980650418,344980683920,33502,918.428225,127.108941666667,935.202527272727,113.828727272727
344980850432,344980900495,50063,935.202527272727,113.828727272727,371.109141176471,168.611129411765
344981167106,344981200479,33373,371.109141176471,168.611129411765,408.785733333333,210.124606666667
344981433631,344981467148,33517,408.785733333333,210.124606666667,463.432425,173.7165
344981717053,344981750406,33353,463.432425,173.7165,529.680961538462,178.558761538462
344981950412,344981983707,33295,529.680961538462,178.558761538462,589.228483333333,150.776283333333
344982267124,344983333719,1066595,589.228483333333,150.776283333333,805.247464285714,125.594678571429
344983550301,344983767037,216736,805.247464285714,125.594678571429,895.155414285714,105.223142857143
344983867033,344984033519,166486,895.155414285714,105.223142857143,938.693456,118.660968
344984433522,344984483583,50061,938.693456,118.660968,343.608642857143,140.272571428571
344984583771,344984667049,83278,343.608642857143,140.272571428571,283.459816666667,67.7383916666667
344984850175,344985133513,283338,283.459816666667,67.7383916666667,371.016254545455,245.2319
344985300238,344985333515,33277,371.016254545455,245.2319,299.987,133.597471428571
344985433520,344985500449,66929,299.987,133.597471428571,350.647657142857,228.3756
344985600263,344985633598,33335,350.647657142857,228.3756,421.263939130435,235.955526086957
344986000240,344986166902,166662,421.263939130435,235.955526086957,395.2543,174.605071428571
344986266886,344986350165,83279,395.2543,174.605071428571,285.862311111111,79.0141666666667
344986483551,344986650172,166621,285.862311111111,79.0141666666667,378.741691666667,214.688733333333
344986833373,344987350036,516663,378.741691666667,214.688733333333,412.7439,252.585558333333
344987533391,344987716794,183403,412.7439,252.585558333333,334.176484615385,67.5902615384615
344987916679,344988016671,99992,334.176484615385,67.5902615384615,408.2565375,24.16965
344988133359,344988816658,683299,408.2565375,24.16965,566.51024,148.6317
344988966778,344989000114,33336,566.51024,148.6317,628.485741666667,142.641358333333
344989183343,344989216662,33319,628.485741666667,142.641358333333,670.90475625,134.96561875
344989466816,344989500091,33275,670.90475625,134.96561875,719.112092857143,162.961707142857
344989716657,344989749912,33255,719.112092857143,162.961707142857,797.329922222222,153.34055
344990033282,344990066785,33503,797.329922222222,153.34055,863.490972727273,155.486627272727
344990783453,344990816535,33082,863.490972727273,155.486627272727,911.167181818182,156.054163636364
344990983432,344991033264,49832,911.167181818182,156.054163636364,380.246273333333,246.64282
344991266750,344991399985,133235,380.246273333333,246.64282,444.71465,238.460007692308
344991816533,344991849925,33392,444.71465,238.460007692308,437.688192857143,198.637071428571
344992066638,344992266677,200039,437.688192857143,198.637071428571,524.18968,181.75901
344992416543,344992449790,33247,524.18968,181.75901,444.649510526316,201.6075
344992749792,344992783316,33524,444.649510526316,201.6075,551.778535714286,200.34515
344992999832,344993033139,33307,551.778535714286,200.34515,611.072876923077,169.044030769231
344993233157,344993266493,33336,611.072876923077,169.044030769231,705.932425,164.779692857143
344993716444,344993749804,33360,705.932425,164.779692857143,765.013338461538,175.357838461538
344993949784,344993983073,33289,765.013338461538,175.357838461538,840.535138461539,174.980684615385
344994183279,344994216394,33115,840.535138461539,174.980684615385,747.377971428571,174.876128571429
344994666540,344994699703,33163,747.377971428571,174.876128571429,820.437242857143,153.716747619048
344995033022,344995133001,99979,820.437242857143,153.716747619048,880.993468181818,184.162454545455
344995483239,344995516255,33016,880.993468181818,184.162454545455,912.456266666667,176.721376190476
344995849685,344995883084,33399,912.456266666667,176.721376190476,381.568593939394,231.548581818182
344996416305,344996449666,33361,381.568593939394,231.548581818182,461.81268125,215.8659625
344996699722,344996732902,33180,461.81268125,215.8659625,537.81756875,206.97371875
344996982950,344997016335,33385,537.81756875,206.97371875,606.478426666667,198.510213333333
344997249544,344997282941,33397,606.478426666667,198.510213333333,652.38764375,185.72036875
344997532897,344997632944,100047,652.38764375,185.72036875,696.643775,221.368225
344997749623,344997866394,116771,696.643775,221.368225,743.998753846154,209.024630769231
344998066314,344998099622,33308,743.998753846154,209.024630769231,780.677642105263,205.825542105263
344998399579,344998432891,33312,780.677642105263,205.825542105263,869.928482352941,166.2027
344998699834,344998732904,33070,869.928482352941,166.2027,893.313710344828,162.723679310345
344999199582,344999232780,33198,893.313710344828,162.723679310345,923.762,188.4456
344999782929,344999816160,33231,923.762,188.4456,953.9292,162.757677777778
344999949417,344999999478,50061,953.9292,162.757677777778,372.804085714286,237.059728571429
345000332778,345000366494,33716,372.804085714286,237.059728571429,414.796728571429,240.7282
345000466203,345000599465,133262,414.796728571429,240.7282,460.795627272727,273.500027272727
345000766120,345000899464,133344,460.795627272727,273.500027272727,518.72576,245.772833333333
345001132766,345001166131,33365,518.72576,245.772833333333,445.146115789474,239.594205263158
345001466129,345001499500,33371,445.146115789474,239.594205263158,570.838112,215.476256
345001899484,345001932634,33150,570.838112,215.476256,667.78580952381,218.817319047619
345002266160,345002299325,33165,667.78580952381,218.817319047619,578.762613636364,252.114522727273
345002649295,345002799349,150054,578.762613636364,252.114522727273,640.501585714286,236.189135714286
345003015925,345003049341,33416,640.501585714286,236.189135714286,675.850066666667,253.76385
345003232629,345003265992,33363,675.850066666667,253.76385,745.687013043478,265.648204347826
345003632644,345003667747,35103,745.687013043478,265.648204347826,796.117736,210.276348
345004066025,345004199314,133289,796.117736,210.276348,824.006875862069,208.661962068966
345004666102,345004699199,33097,824.006875862069,208.661962068966,875.835275,211.2572375
345005082692,345005115935,33243,875.835275,211.2572375,931.374941666667,216.057883333333
345005299232,345005349163,49931,931.374941666667,216.057883333333,387.40920625,253.3864375
345005599409,345005632521,33112,387.40920625,253.3864375,342.531754545455,277.289190909091
345005799256,345005832518,33262,342.531754545455,277.289190909091,416.131795652174,265.389343478261
345006199242,345006349176,149934,416.131795652174,265.389343478261,398.143384615385,282.892546153846
345006549173,345006582538,33365,398.143384615385,282.892546153846,454.1954,267.791242857143
345006682490,345006715806,33316,454.1954,267.791242857143,545.652753571429,264.638457142857
345007165864,345007199110,33246,545.652753571429,264.638457142857,586.7497625,244.594521875
345007715780,345007749036,33256,586.7497625,244.594521875,597.461756666667,256.820736666667
345008232404,345008265807,33403,597.461756666667,256.820736666667,574.3421,259.0122
345008382486,345008415688,33202,574.3421,259.0122,652.047567647059,265.642444117647
345008965801,345008999097,33296,652.047567647059,265.642444117647,708.646945454545,257.450772727273
345009167553,345009199101,31548,708.646945454545,257.450772727273,621.860394444444,263.538605555556
345009482372,345009599018,116646,621.860394444444,263.538605555556,718.759825,270.8554625
345009715662,345009748917,33255,718.759825,270.8554625,808.142276470588,244.973723529412
345010298963,345010332273,33310,808.142276470588,244.973723529412,870.425336363636,221.080463636364
345010498974,345010532268,33294,870.425336363636,221.080463636364,926.405729411765,216.502723529412
345010798977,345010865754,66777,926.405729411765,216.502723529412,351.2093,309.538414285714
345010965658,345011166671,201013,351.2093,309.538414285714,364.749223529412,312.324314705882
345011715571,345011748936,33365,364.749223529412,312.324314705882,414.553133333333,327.411544444444
345011882209,345011915549,33340,414.553133333333,327.411544444444,467.523210526316,299.184536842105
345012215564,345012448825,233261,467.523210526316,299.184536842105,576.731581818182,276.944309090909
345012615539,345012648779,33240,576.731581818182,276.944309090909,661.3100625,251.7308875
345012898861,345012932141,33280,661.3100625,251.7308875,701.186225925926,258.129911111111
345013365527,345013398870,33343,701.186225925926,258.129911111111,656.7828,275.213585714286
345013499055,345013648797,149742,656.7828,275.213585714286,645.162836363636,283.985745454545
345013815424,345013848820,33396,645.162836363636,283.985745454545,718.244540909091,277.501890909091
345014198859,345014298840,99981,718.244540909091,277.501890909091,725.848675,267.457525
345014615407,345014648670,33263,725.848675,267.457525,788.30503,266.75186
345014798700,345014832024,33324,788.30503,266.75186,835.066836666667,246.485633333333
345015315411,345015348677,33266,835.066836666667,246.485633333333,908.490377272727,220.487081818182
345015698959,345015732035,33076,908.490377272727,220.487081818182,918.197238095238,241.658814285714
345016066002,345016098782,32780,918.197238095238,241.658814285714,863.457831818182,258.744740909091
345016448674,345016481943,33269,863.457831818182,258.744740909091,692.479934482759,268.978103448276
345016948667,345017048674,100007,692.479934482759,268.978103448276,915.586261538461,257.147069230769
345017248544,345017315290,66746,915.586261538461,257.147069230769,326.632766666667,340.5921
345017598693,345017798857,200164,326.632766666667,340.5921,346.728633333333,335.481566666667
345017981944,345018081963,100019,346.728633333333,335.481566666667,603.2386,240.758126315789
345018381951,345018515133,133182,603.2386,240.758126315789,708.016685714286,257.1753
345018731905,345018765293,33388,708.016685714286,257.1753,785.898928571429,258.424595238095
345019098606,345019131757,33151,785.898928571429,258.424595238095,720.59965,265.828011111111
345019415180,345019515178,99998,720.59965,265.828011111111,443.825654545455,335.832245454545
345019681921,345019798451,116530,443.825654545455,335.832245454545,462.75468125,314.85359375
345020048423,345020081931,33508,462.75468125,314.85359375,482.3207,307.884555
345020398475,345020431747,33272,482.3207,307.884555,536.083842857143,302.314842857143
345020531777,345020648425,116648,536.083842857143,302.314842857143,625.1432,305.31911
345020798453,345020831784,33331,625.1432,305.31911,693.469863636364,296.246945454545
345021181972,345021215059,33087,693.469863636364,296.246945454545,620.34985625,314.22849375
345021465171,345021498721,33550,620.34985625,314.22849375,730.857428571429,268.064971428571
345021598478,345021631672,33194,730.857428571429,268.064971428571,737.379272727273,261.041572727273
345021798711,345021831667,32956,737.379272727273,261.041572727273,788.89091,261.41275
345021981714,345022015053,33339,788.89091,261.41275,845.0337,256.638784615385
345022431656,345022465168,33512,845.0337,256.638784615385,924.63929,297.54879
345022615041,345022668729,53688,924.63929,297.54879,368.836052380952,358.315661904762
345022998330,345023081976,83646,368.836052380952,358.315661904762,460.2276125,340.67359375
345023331655,345023365044,33389,460.2276125,340.67359375,549.33798,322.546385
345023682236,345023714940,32704,549.33798,322.546385,558.056014285714,307.359071428571
345023814943,345023848319,33376,558.056014285714,307.359071428571,567.764188888889,313.735588888889
345024131517,345024167872,36355,567.764188888889,313.735588888889,527.362011111111,318.178944444444
345024298349,345024331510,33161,527.362011111111,318.178944444444,580.807525,335.9213625
345024448296,345024481674,33378,580.807525,335.9213625,939.178118518519,325.5988
