"start","end","duration","startx","starty","endx","endy"
78588449027,78588583119,134092,117.978457142857,-132.977214285714,477.071911111111,242.310088888889
78588715639,78588748983,33344,477.071911111111,242.310088888889,392.143268421053,150.956710526316
78589048993,78589083919,34926,392.143268421053,150.956710526316,395.40207826087,54.7598304347826
78589449004,78589483938,34934,395.40207826087,54.7598304347826,468.40397,50.37236
78589632251,78589732258,100007,468.40397,50.37236,509.929833333333,48.3131666666667
78589865611,78589999014,133403,509.929833333333,48.3131666666667,581.799168421053,44.5671684210526
78590615667,78590732217,116550,581.799168421053,44.5671684210526,590.755485714286,0.172714285714287
78590832228,78590865566,33338,590.755485714286,0.172714285714287,593.75565,26.85709
78591348838,78591382212,33374,593.75565,26.85709,731.541066666667,32.9518083333333
78591765495,78591798893,33398,731.541066666667,32.9518083333333,428.220835714286,67.2377071428571
78592015541,78592165464,149923,428.220835714286,67.2377071428571,733.857473684211,61.9080736842105
78592465487,78592498897,33410,733.857473684211,61.9080736842105,798.800642857143,53.6803428571429
78592598961,78592632142,33181,798.800642857143,53.6803428571429,416.695116666667,62.3697111111111
78592915533,78593032095,116562,416.695116666667,62.3697111111111,392.589619148936,72.2573957446808
78593798769,78593832099,33330,392.589619148936,72.2573957446808,418.482666666667,84.5417888888889
78594115658,78594148716,33058,418.482666666667,84.5417888888889,378.614538461538,125.566107692308
78594782088,78594815413,33325,378.614538461538,125.566107692308,475.232757692308,131.572834615385
78595231964,78595265318,33354,475.232757692308,131.572834615385,598.659657142857,126.462064285714
78595948613,78595982080,33467,598.659657142857,126.462064285714,713.741145283019,121.111847169811
78596848570,78596882010,33440,713.741145283019,121.111847169811,790.747667391304,121.034256521739
78597631855,78597665219,33364,790.747667391304,121.034256521739,847.87028,123.21247
78597815314,78597848489,33175,847.87028,123.21247,459.2877,137.616188888889
78597981964,78598015539,33575,459.2877,137.616188888889,361.868575,143.0891375
78598131927,78598215308,83381,361.868575,143.0891375,354.622829166667,143.73046875
78598998655,78599031837,33182,354.622829166667,143.73046875,430.311022222222,150.840362962963
78599465108,78599498728,33620,430.311022222222,150.840362962963,535.763991666667,147.524472222222
78600081959,78600115359,33400,535.763991666667,147.524472222222,612.683353846154,145.555733846154
78601181788,78601215042,33254,612.683353846154,145.555733846154,730.669358333333,140.5901
78601598577,78601631734,33157,730.669358333333,140.5901,819.458362962963,141.609037037037
78602064949,78602115021,50072,819.458362962963,141.609037037037,371.897218518519,163.235292592593
78602548433,78602581718,33285,371.897218518519,163.235292592593,438.05706097561,167.898031707317
78603248215,78603364836,116621,438.05706097561,167.898031707317,404.947219047619,166.636254761905
78604048202,78604081719,33517,404.947219047619,166.636254761905,470.274375,184.704129166667
78604464881,78604498283,33402,470.274375,184.704129166667,548.949421428571,172.234535714286
78604948237,78604981666,33429,548.949421428571,172.234535714286,650.978860606061,180.743
78605514929,78605548088,33159,650.978860606061,180.743,728.351843137255,169.039092156863
78606381627,78606414940,33313,728.351843137255,169.039092156863,832.953113333333,162.78096
78606648079,78606698342,50263,832.953113333333,162.78096,401.391314285714,189.848228571429
78606914809,78606948083,33274,401.391314285714,189.848228571429,386.242638461538,187.074430769231
78607148090,78607181432,33342,386.242638461538,187.074430769231,469.047710169491,184.155315254237
78608147972,78608181435,33463,469.047710169491,184.155315254237,539.77134,179.350273333333
78608414714,78608447966,33252,539.77134,179.350273333333,625.819683018868,190.970037735849
78609314659,78609347956,33297,625.819683018868,190.970037735849,719.452103333333,191.169473333333
78609831253,78609864591,33338,719.452103333333,191.169473333333,797.233965714286,196.893028571429
78610431264,78610581484,150220,797.233965714286,196.893028571429,384.551317857143,207.416046428571
78611031249,78611131245,99996,384.551317857143,207.416046428571,394.779864705882,213.38402745098
78611964498,78611998038,33540,394.779864705882,213.38402745098,475.728930232558,218.418541860465
78612697946,78612731118,33172,475.728930232558,218.418541860465,526.379854054054,214.50757027027
78613331120,78613364379,33259,526.379854054054,214.50757027027,480.787629166667,211.310758333333
78613747718,78613781386,33668,480.787629166667,211.310758333333,671.551517948718,211.548848717949
78614414664,78614447701,33037,671.551517948718,211.548848717949,740.371214285714,212.109532142857
78614897871,78614930999,33128,740.371214285714,212.109532142857,829.42936,202.02015
78615082087,78615114433,32346,829.42936,202.02015,466.916833333333,215.825522222222
78615247583,78615281144,33561,466.916833333333,215.825522222222,386.47493,220.47202
78616097664,78616131094,33430,386.47493,220.47202,530.888635294118,226.753182352941
78616397658,78616530975,133317,530.888635294118,226.753182352941,562.397923076923,212.657415384615
78616730863,78616764245,33382,562.397923076923,212.657415384615,655.003539130435,229.614634782609
78617130885,78617164231,33346,655.003539130435,229.614634782609,807.959581481481,220.619922222222
78617597660,78617630882,33222,807.959581481481,220.619922222222,519.85075,246.02767
78617781001,78617814442,33441,519.85075,246.02767,371.015480434783,234.398910869565
78618564111,78618597531,33420,371.015480434783,234.398910869565,459.0579125,248.9390375
78618714165,78618897597,183432,459.0579125,248.9390375,436.372521212121,274.979003030303
78619430782,78619580815,150033,436.372521212121,274.979003030303,452.796580555556,262.277863888889
78620164129,78620197409,33280,452.796580555556,262.277863888889,524.333336842105,259.404626315789
78620497411,78620614157,116746,524.333336842105,259.404626315789,594.623371428571,262.501814285714
78621063980,78621097495,33515,594.623371428571,262.501814285714,700.117552631579,255.997863157895
78621397412,78621430761,33349,700.117552631579,255.997863157895,800.96295,245.85728125
78621680710,78621830605,149895,800.96295,245.85728125,844.126686956522,239.78432173913
78622197572,78622230616,33044,844.126686956522,239.78432173913,501.5788375,253.2955
78622347351,78622381001,33650,501.5788375,253.2955,384.477923076923,266.55695
78622797366,78622847233,49867,384.477923076923,266.55695,856.28079,242.22728
78622997365,78623047199,49834,856.28079,242.22728,392.302292105263,275.937228947368
78623663871,78623697256,33385,392.302292105263,275.937228947368,440.348163636364,279.773227272727
78623863869,78624014147,150278,440.348163636364,279.773227272727,435.464963636364,267.187172727273
78624180594,78624214091,33497,435.464963636364,267.187172727273,530.56616,271.832517142857
78624780979,78624813924,32945,530.56616,271.832517142857,605.404439473684,272.414621052632
78625430502,78625463886,33384,605.404439473684,272.414621052632,716.899005,277.681145
78625780629,78625813959,33330,716.899005,277.681145,803.508693617021,272.170244680851
78626580659,78626730377,149718,803.508693617021,272.170244680851,403.26732,292.307743333333
78627213809,78627297271,83462,403.26732,292.307743333333,484.655969565217,285.358386956522
78627663727,78627697012,33285,484.655969565217,285.358386956522,578.570179310345,289.319455172414
78628163736,78628197045,33309,578.570179310345,289.319455172414,688.842608108108,287.863597297297
78628797023,78628830381,33358,688.842608108108,287.863597297297,818.603846666667,280.409691666667
78629813951,78629930262,116311,818.603846666667,280.409691666667,693.18094,302.5087
78630080381,78630113870,33489,693.18094,302.5087,831.949018181818,273.217745454545
78630280380,78630330273,49893,831.949018181818,273.217745454545,387.812992753623,313.505208695652
78631463503,78631496911,33408,387.812992753623,313.505208695652,478.281869230769,300.222819230769
78631913558,78632030131,116573,478.281869230769,300.222819230769,602.02405625,305.88470625
78633080233,78633113566,33333,602.02405625,305.88470625,658.658147142857,308.3694
78634263362,78634296775,33413,658.658147142857,308.3694,765.652140540541,297.426818918919
78634896794,78634930008,33214,765.652140540541,297.426818918919,824.247805882353,297.9826
78635196744,78635246578,49834,824.247805882353,297.9826,390.266215384615,308.935
78635663368,78635696643,33275,390.266215384615,308.935,457.363804545455,318.787113636364
78636046577,78636146596,100019,457.363804545455,318.787113636364,487.632851612903,315.373758064516
78636646711,78636680014,33303,487.632851612903,315.373758064516,574.939523076923,326.997675
78637529869,78637563232,33363,574.939523076923,326.997675,667.493827272727,316.8292
78638280010,78638313404,33394,667.493827272727,316.8292,791.324966666667,320.731472222222
78638896543,78638929875,33332,791.324966666667,320.731472222222,846.5271,323.9613
78639129755,78639179896,50141,846.5271,323.9613,403.239665217391,342.68457826087
78639546440,78639579849,33409,403.239665217391,342.68457826087,432.047472727273,341.972368181818
78639929771,78639963372,33601,432.047472727273,341.972368181818,509.094432352941,349.990905882353
78640596398,78640629758,33360,509.094432352941,349.990905882353,544.753412121212,361.073866666667
78641162985,78641313056,150071,544.753412121212,361.073866666667,552.270760869565,344.424939130435
78641680641,78641713068,32427,552.270760869565,344.424939130435,560.67268,350.635293333333
78642196413,78642229623,33210,560.67268,350.635293333333,595.668225,359.989375
78642346352,78642379728,33376,595.668225,359.989375,488.491083333333,349.759316666667
78642562992,78642596293,33301,488.491083333333,349.759316666667,688.554465217391,351.7354
78642963003,78642996452,33449,688.554465217391,351.7354,750.245016666667,348.814508333333
78643579601,78643612936,33335,750.245016666667,348.814508333333,816.399003703704,351.527033333333
78644046204,78644096280,50076,816.399003703704,351.527033333333,405.538576190476,369.409052380952
78644429510,78644462887,33377,405.538576190476,369.409052380952,559.500136363636,348.281645454545
78644629510,78644662860,33350,559.500136363636,348.281645454545,447.244056,345.230248
78645062875,78645096341,33466,447.244056,345.230248,555.200617391304,349.098860869565
78645463265,78645496160,32895,555.200617391304,349.098860869565,638.000596,211.635372
78645896149,78645929502,33353,638.000596,211.635372,736.885,209.131181818182
78646096152,78646129518,33366,736.885,209.131181818182,610.611,145.97483
78646279640,78646313028,33388,610.611,145.97483,497.860375,129.3467
78646562735,78646596162,33427,497.860375,129.3467,359.6875,106.744113333333
78646829381,78646862725,33344,359.6875,106.744113333333,445.170542857143,110.826985714286
78646962748,78646996202,33454,445.170542857143,110.826985714286,596.0835125,127.6599
78647246100,78647279524,33424,596.0835125,127.6599,686.945438888889,118.697994444444
78647562748,78647596195,33447,686.945438888889,118.697994444444,824.04305625,120.111475
78647845980,78647896126,50146,824.04305625,120.111475,454.24235,145.8758125
78648012828,78648045963,33135,454.24235,145.8758125,373.09106,145.267065
78648362622,78648396028,33406,373.09106,145.267065,533.78305,165.748025
78648779487,78648812693,33206,533.78305,165.748025,660.933827777778,158.530872222222
78649096051,78649129251,33200,660.933827777778,158.530872222222,773.033558333333,152.684766666667
78649312697,78649345975,33278,773.033558333333,152.684766666667,691.323646153846,162.342392307692
78649545975,78649579453,33478,691.323646153846,162.342392307692,798.56352,150.693426666667
78649812953,78649862659,49706,798.56352,150.693426666667,375.277122727273,168.416359090909
78650212900,78650245833,32933,375.277122727273,168.416359090909,453.987073076923,181.238273076923
78650662626,78650695906,33280,453.987073076923,181.238273076923,527.9159,171.8307
78650795892,78650829245,33353,527.9159,171.8307,864.358608333333,355.580158333333
78651012570,78651062857,50287,864.358608333333,355.580158333333,685.84065,23.1764416666667
78651245842,78651279350,33508,685.84065,23.1764416666667,585.8908,32.5510428571429
78651379444,78651412559,33115,585.8908,32.5510428571429,443.73201,15.08298
78651562494,78651595983,33489,443.73201,15.08298,420.62951875,8.6784375
78651845855,78651879230,33375,420.62951875,8.6784375,523.822990909091,23.2124818181818
78652229131,78652262509,33378,523.822990909091,23.2124818181818,737.723033333333,21.7547277777778
78652545706,78652612590,66884,737.723033333333,21.7547277777778,896.781871428571,413.48579047619
78652945702,78653012567,66865,896.781871428571,413.48579047619,730.47143,6.23623
