"start","end","duration","startx","starty","endx","endy"
2624640618,2624673867,33249,618.3106875,312.859875,616.587445454545,306.0066
2624840744,2624873830,33086,616.587445454545,306.0066,480.987388888889,168.512977777778
2625007218,2625040834,33616,480.987388888889,168.512977777778,405.956744444444,88.3463888888889
2625173921,2625207218,33297,405.956744444444,88.3463888888889,378.075838888889,51.4042444444444
2625490459,2625524201,33742,378.075838888889,51.4042444444444,440.898753846154,51.9094538461538
2625940509,2625973835,33326,440.898753846154,51.9094538461538,513.509568,66.119192
2626373866,2626407084,33218,513.509568,66.119192,415.865863636364,51.8613242424242
2626940669,2626973798,33129,415.865863636364,51.8613242424242,541.671983333333,38.22026
2627457132,2627490441,33309,541.671983333333,38.22026,550.458290243902,23.1285951219512
2628157161,2628190320,33159,550.458290243902,23.1285951219512,650.750386666667,9.67550666666667
2628423846,2628457226,33380,650.750386666667,9.67550666666667,757.349318181818,-3.53008181818182
2628623836,2628657187,33351,757.349318181818,-3.53008181818182,670.871864516129,-2.61609677419355
2629157003,2629190333,33330,670.871864516129,-2.61609677419355,762.835268421053,6.68324210526316
2629490298,2629540588,50290,762.835268421053,6.68324210526316,361.081673076923,44.8351653846154
2629957020,2629990314,33294,361.081673076923,44.8351653846154,372.0707,63.8641642857143
2630206963,2630240385,33422,372.0707,63.8641642857143,352.20639047619,133.49369047619
2630573661,2630606957,33296,352.20639047619,133.49369047619,358.674228571429,99.0484885714286
2631173576,2631206837,33261,358.674228571429,99.0484885714286,410.408485294118,121.519361764706
2631756880,2631925721,168841,410.408485294118,121.519361764706,500.97902173913,149.754843478261
2632673462,2632706846,33384,500.97902173913,149.754843478261,571.326071153846,134.977338461538
2633556900,2633590076,33176,571.326071153846,134.977338461538,631.800917391304,124.644382608696
2633956759,2633990072,33313,631.800917391304,124.644382608696,650.034948148148,137.742237037037
2634873355,2634906714,33359,650.034948148148,137.742237037037,722.3411,136.431124444444
2635640200,2635673333,33133,722.3411,136.431124444444,759.910011111111,135.001905555556
2635956793,2635989927,33134,759.910011111111,135.001905555556,855.655741463415,96.3390073170732
2636656681,2636689943,33262,855.655741463415,96.3390073170732,921.668611111111,84.29905
2636973337,2637056665,83328,921.668611111111,84.29905,359.742991111111,174.216626666667
2637789946,2637823379,33433,359.742991111111,174.216626666667,429.650301886792,164.319983018868
2638689826,2638723231,33405,429.650301886792,164.319983018868,461.527971052632,153.512023684211
2639339936,2639373218,33282,461.527971052632,153.512023684211,558.8084625,156.170673214286
2640289813,2640323217,33404,558.8084625,156.170673214286,622.944342105263,157.542878947368
2640623199,2640656539,33340,622.944342105263,157.542878947368,687.173277777778,118.173996296296
2641089681,2641123230,33549,687.173277777778,118.173996296296,744.509663218391,136.384706896552
2642556667,2642589667,33000,744.509663218391,136.384706896552,810.711324,138.868256
2642989574,2643023150,33576,810.711324,138.868256,860.676861904762,132.309921428571
2643706231,2643739823,33592,860.676861904762,132.309921428571,916.653704545455,117.614372727273
2644089610,2644156298,66688,916.653704545455,117.614372727273,356.159308333333,169.400154166667
2644539629,2644572916,33287,356.159308333333,169.400154166667,435.26700625,184.167509375
2645089583,2645122967,33384,435.26700625,184.167509375,528.667607142857,180.766516666667
2645806229,2645839590,33361,528.667607142857,180.766516666667,599.550033333333,168.660844444444
2646122978,2646156384,33406,599.550033333333,168.660844444444,642.15378,173.72057
2646639508,2646673254,33746,642.15378,173.72057,705.680136363636,155.6239
2647022872,2647073018,50146,705.680136363636,155.6239,722.651528571429,147.589157142857
2647289432,2647323237,33805,722.651528571429,147.589157142857,814.621011111111,135.915642592593
2648206092,2648239482,33390,814.621011111111,135.915642592593,902.648957142857,132.510437142857
2648805972,2648839574,33602,902.648957142857,132.510437142857,631.01634,188.01902
2648989320,2649022921,33601,631.01634,188.01902,420.2155,200.91366
2649172712,2649205980,33268,420.2155,200.91366,375.233440909091,197.237121212121
2650289312,2650322931,33619,375.233440909091,197.237121212121,480.003089361702,196.759236170213
2651089204,2651189203,99999,480.003089361702,196.759236170213,561.561111111111,221.171866666667
2651325596,2651522832,197236,561.561111111111,221.171866666667,582.617551666667,185.176766666667
2652505849,2652539269,33420,582.617551666667,185.176766666667,650.575373076923,174.628503846154
2652955903,2652989069,33166,650.575373076923,174.628503846154,718.6202,168.48762
2653305850,2653339185,33335,718.6202,168.48762,822.045520689655,166.236550574713
2654772364,2654805723,33359,822.045520689655,166.236550574713,892.23628,136.823865
2655123043,2655155768,32725,892.23628,136.823865,932.338369230769,150.157923076923
2655572358,2655624047,51689,932.338369230769,150.157923076923,557.197166666667,207.150644444444
2655755770,2655788933,33163,557.197166666667,207.150644444444,359.852109375,223.5469578125
2656839024,2656872348,33324,359.852109375,223.5469578125,423.194515625,219.437259375
2657388964,2657422447,33483,423.194515625,219.437259375,491.56009375,217.086228125
2657938991,2657972201,33210,491.56009375,217.086228125,500.293270588235,208.424220588235
2658522840,2658555660,32820,500.293270588235,208.424220588235,589.657903448276,216.432553448276
2659505475,2659622293,116818,589.657903448276,216.432553448276,664.486181818182,202.961609090909
2659788825,2659872086,83261,664.486181818182,202.961609090909,658.667478571429,215.665171428571
2660088824,2660123919,35095,658.667478571429,215.665171428571,708.358522857143,192.014602857143
2660688728,2660724074,35346,708.358522857143,192.014602857143,758.799342105263,169.629852631579
2661023045,2661055534,32489,758.799342105263,169.629852631579,822.319336,159.533144
2661905338,2661938785,33447,822.319336,159.533144,891.918902272727,179.422993181818
2662655564,2662688686,33122,891.918902272727,179.422993181818,928.140679310345,178.723103448276
2663155401,2663188627,33226,928.140679310345,178.723103448276,585.5535,236.191844444444
2663322113,2663356441,34328,585.5535,236.191844444444,369.02585,252.63691875
2663605339,2663638640,33301,369.02585,252.63691875,361.979356896552,236.178105172414
2664588615,2664621989,33374,361.979356896552,236.178105172414,422.61159245283,226.422150943396
2665488452,2665523044,34592,422.61159245283,226.422150943396,514.465156097561,225.510641463415
2666188515,2666223334,34819,514.465156097561,225.510641463415,591.766504,235.623638
2667038628,2667071759,33131,591.766504,235.623638,672.052848,225.466864
2667471725,2667505089,33364,672.052848,225.466864,763.086641666667,199.553397222222
2668088337,2668122899,34562,763.086641666667,199.553397222222,817.6262,203.583074193548
2668621877,2668655161,33284,817.6262,203.583074193548,891.413935714286,196.944433333333
2669338498,2669438564,100066,891.413935714286,196.944433333333,412.209472727273,246.613818181818
2669604972,2669638554,33582,412.209472727273,246.613818181818,333.419990909091,252.966663636364
2669804971,2669904982,100011,333.419990909091,252.966663636364,342.338394444444,268.6611
2670188321,2670271626,83305,342.338394444444,268.6611,330.92175,274.831575
2670388201,2670421740,33539,330.92175,274.831575,377.5988,249.576875
2671071648,2671104972,33324,377.5988,249.576875,471.679754761905,252.126528571429
2671788198,2671821725,33527,471.679754761905,252.126528571429,581.181558333333,252.793380555556
2672404852,2672438252,33400,581.181558333333,252.793380555556,611.97219,240.063995
2673088094,2673122837,34743,611.97219,240.063995,591.542027906977,235.095123255814
2673821544,2673855001,33457,591.542027906977,235.095123255814,660.694066666667,223.524569230769
2674488057,2674523271,35214,660.694066666667,223.524569230769,661.5861625,197.208475
2674638132,2674671379,33247,661.5861625,197.208475,653.37763,129.86012
2674821415,2674854891,33476,653.37763,129.86012,747.438633333333,208.4094
2675288103,2675323607,35504,747.438633333333,208.4094,785.48012195122,230.833336585366
2675987941,2676054971,67030,785.48012195122,230.833336585366,810.26075,236.095263636364
2676404616,2676438012,33396,810.26075,236.095263636364,883.273911111111,209.467611111111
2676721448,2676804600,83152,883.273911111111,209.467611111111,916.091350617284,216.988503703704
2678137996,2678238074,100078,916.091350617284,216.988503703704,630.9724,278.721866666667
2678371234,2678421365,50131,630.9724,278.721866666667,390.365761904762,290.961347619048
2678754541,2678787833,33292,390.365761904762,290.961347619048,356.089552,309.142334
2679604460,2679637933,33473,356.089552,309.142334,429.925766666667,303.417973333333
2679871100,2679904478,33378,429.925766666667,303.417973333333,444.7328625,280.3062875
2680037884,2680071952,34068,444.7328625,280.3062875,446.50422173913,294.576908695652
2680437790,2680522815,85025,446.50422173913,294.576908695652,476.776032,297.83922
2680921234,2680954564,33330,476.776032,297.83922,535.058172222222,296.588488888889
2681537745,2681571121,33376,535.058172222222,296.588488888889,598.744848484848,284.648742424242
2682104349,2682137751,33402,598.744848484848,284.648742424242,675.931579069767,265.370862790698
2682837637,2682870987,33350,675.931579069767,265.370862790698,676.616490909091,180.578118181818
2683037639,2683070967,33328,676.616490909091,180.578118181818,643.366065714286,253.054088571429
2683637685,2683671007,33322,643.366065714286,253.054088571429,628.086808333333,261.637888888889
2684254301,2684287560,33259,628.086808333333,261.637888888889,680.844773333333,268.696253333333
2684523036,2684637680,114644,680.844773333333,268.696253333333,759.652280769231,248.34355
2685054303,2685087608,33305,759.652280769231,248.34355,817.964705882353,237.327017647059
2685437529,2685470805,33276,817.964705882353,237.327017647059,772.3915,248.118769565217
2685837608,2685870849,33241,772.3915,248.118769565217,526.606725,290.18018125
2686121009,2686154307,33298,526.606725,290.18018125,491.212248387097,274.953393548387
2686654371,2686687472,33101,491.212248387097,274.953393548387,587.797279310345,259.5825
2687154186,2687187438,33252,587.797279310345,259.5825,842.704466666667,244.1073
2687470744,2687504098,33354,842.704466666667,244.1073,922.342805084746,233.207281355932
2688470745,2688537388,66643,922.342805084746,233.207281355932,403.145153846154,289.564792307692
2688737390,2688770746,33356,403.145153846154,289.564792307692,361.488965384615,306.529678846154
2689620707,2689654043,33336,361.488965384615,306.529678846154,430.29162173913,295.251060869565
2690022952,2690054312,31360,430.29162173913,295.251060869565,511.654261538462,275.891192307692
2690254226,2690287347,33121,511.654261538462,275.891192307692,596.545314705882,260.125361764706
2690837244,2690870600,33356,596.545314705882,260.125361764706,642.047107692308,260.022238461538
2691070671,2691103958,33287,642.047107692308,260.022238461538,721.6164425,255.725495
2691753925,2691787206,33281,721.6164425,255.725495,857.479523809524,233.110157142857
2692120575,2692154041,33466,857.479523809524,233.110157142857,920.634245454545,215.235045454545
2692323122,2692354195,31073,920.634245454545,215.235045454545,751.996407142857,257.491857142857
2693270458,2693303848,33390,751.996407142857,257.491857142857,817.628605,242.48649
2693620609,2693653936,33327,817.628605,242.48649,825.31084,268.480426666667
2693887090,2693920625,33535,825.31084,268.480426666667,903.808168085106,256.514665957447
2694687087,2694720449,33362,903.808168085106,256.514665957447,935.343408108108,239.279002702703
2695320492,2695386964,66472,935.343408108108,239.279002702703,385.55464,309.44848
2695620501,2695653787,33286,385.55464,309.44848,365.357753846154,323.046420512821
2696286930,2696325048,38118,365.357753846154,323.046420512821,446.692204081633,328.531687755102
2697120373,2697153684,33311,446.692204081633,328.531687755102,476.128151428571,303.32544
2697720329,2697753677,33348,476.128151428571,303.32544,544.461773913043,311.481530434783
2698120338,2698153782,33444,544.461773913043,311.481530434783,617.454062264151,310.398581132075
2699023021,2699053557,30536,617.454062264151,310.398581132075,473.6445875,319.80244375
2699303471,2699336897,33426,473.6445875,319.80244375,396.902880645161,316.444316129032
2699836909,2699870118,33209,396.902880645161,316.444316129032,427.603708433735,317.707662650602
2701236752,2701286688,49936,427.603708433735,317.707662650602,335.036403448276,311.749279310345
2701753414,2701786685,33271,335.036403448276,311.749279310345,409.656046153846,305.253292307692
2701986696,2702022829,36133,409.656046153846,305.253292307692,500.85707,294.60175
2702170005,2702203361,33356,500.85707,294.60175,638.56855,295.762125
2702386703,2702420106,33403,638.56855,295.762125,707.468845454545,303.189036363636
2702586710,2702620104,33394,707.468845454545,303.189036363636,896.570053333333,276.28804
2702853424,2702886584,33160,896.570053333333,276.28804,953.813553333333,246.20349
2703369988,2703403357,33369,953.813553333333,246.20349,741.176078571429,299.6145
2703620203,2703653423,33220,741.176078571429,299.6145,719.095297435897,292.128712820513
2704286573,2704320149,33576,719.095297435897,292.128712820513,786.156692307692,285.182230769231
2704736728,2704769827,33099,786.156692307692,285.182230769231,857.912007692308,299.029211538462
2705186575,2705222487,35912,857.912007692308,299.029211538462,936.346075,279.85194375
2705736586,2705803240,66654,936.346075,279.85194375,397.920158333333,344.549666666667
2705986443,2706023650,37207,397.920158333333,344.549666666667,345.166923076923,344.041315384615
2706436520,2706470201,33681,345.166923076923,344.041315384615,419.617927272727,343.422439393939
2707553303,2707586462,33159,419.617927272727,343.422439393939,483.358537681159,340.266272463768
2708719835,2708753246,33411,483.358537681159,340.266272463768,591.0525,342.880075
2709002976,2709036400,33424,591.0525,342.880075,665.052838235294,330.256335294118
2709586325,2709619681,33356,665.052838235294,330.256335294118,789.65075,323.08314375
2710136287,2710169632,33345,789.65075,323.08314375,887.187741666667,309.935019444444
2710753407,2710786184,32777,887.187741666667,309.935019444444,944.195507142857,299.862342857143
2711002966,2711053048,50082,944.195507142857,299.862342857143,357.4066,362.980336842105
2711352944,2711386219,33275,357.4066,362.980336842105,367.484094827586,369.503198275862
2712336299,2712369528,33229,367.484094827586,369.503198275862,445.360644444444,383.775614814815
2712802862,2712836289,33427,445.360644444444,383.775614814815,408.829281818182,407.9901
2713002831,2713119624,116793,408.829281818182,407.9901,499.447110344828,370.386772413793
2713586087,2713619608,33521,499.447110344828,370.386772413793,545.8348390625,352.8659609375
2714669355,2714702737,33382,545.8348390625,352.8659609375,616.305658333333,345.294208333333
2715086115,2715119445,33330,616.305658333333,345.294208333333,704.790695833333,354.0946625
2715502739,2715536042,33303,704.790695833333,354.0946625,771.037761111111,342.706183333333
2715822863,2715852796,29933,771.037761111111,342.706183333333,855.16968,339.853228
2716252796,2716285931,33135,855.16968,339.853228,921.71513,380.49242
