"start","end","dur","x","y","pupil"
79171519860,79171853189,333329,432.458486,120.984792,189.781026446364
79171886515,79172136382,249867,395.063575,31.74735625,190.2728403375
79172178382,79172287338,108956,386.015425,30.2159175,194.41428489875
79172319895,79172673133,353238,504.308900909091,39.5535027272727,198.978906076818
79172703230,79173019834,316604,606.762843,25.448088,206.452911953
79173053086,79173436399,383313,673.285474166667,29.2072975,209.620928452917
79173478023,79173719764,241741,533.459194117647,27.12034,214.659674958824
79173753073,79173986961,233888,512.258262666667,23.8007853333333,210.403404610667
79174019726,79174173905,154179,679.710392,25.580132,203.874126127
79174203247,79174819694,616447,755.510575263158,32.4025036842105,198.872282629737
79174853020,79175053066,200046,603.982753846154,100.949735384615,198.387168195385
79175119678,79175777603,657925,401.8232665,108.885187,189.90801851075
79175803196,79176819586,1016390,541.657582258065,107.500369677419,181.919571257581
79176852934,79178286363,1433429,591.597437931035,103.387711034483,180.156060851494
79178319585,79178536190,216605,700.434711428572,97.5566342857143,172.532769193571
79178577090,79179202997,625907,804.059697435898,92.9576676923077,171.030732282821
79179236145,79179477727,241582,864.405441333333,109.046349333333,175.296329604667
79179536186,79179703106,166920,427.174914545455,142.863796363636,184.166747796364
79179736078,79180019475,283397,380.11786,143.144208888889,187.766703721667
79180052818,79180419494,366676,506.69412,139.131340869565,179.209440516522
79180452688,79180719491,266803,379.683024705882,127.943284705882,181.208546585882
79180752680,79180952693,200013,547.470852307692,142.70488,184.926600421538
79180986123,79181386118,399995,640.4472784,138.3059456,180.4875427644
79181419334,79181536053,116719,656.6126,126.136835,179.2494421275
79181577312,79182319369,742057,812.20612,118.084619565217,177.03436007413
79182386019,79182535912,149893,432.167876,146.66373,182.475920254
79182578160,79183019335,441175,390.160638181818,147.984340909091,177.813576320909
79183052544,79183702772,650228,505.632935609756,156.070876585366,175.579524805854
79183735935,79184087962,352027,594.876590909091,150.659624545455,173.146056533182
79184119223,79184469432,350209,713.276729090909,145.126063636364,172.702637979091
79184502855,79184819219,316364,811.473239,144.480258,173.288847235
79184888147,79185404184,516037,457.343884375,173.843238125,181.14170421375
79185435786,79185686461,250675,554.19517,173.9274175,177.847656685625
79185719207,79186175086,455879,619.923821428572,168.822585,176.293735334643
79186202566,79186485875,283309,805.827221111111,135.964901111111,175.422241103333
79186578665,79186852432,273767,375.552238888889,177.206555555556,185.303581903889
79186886032,79187635691,749659,403.869943913044,181.20677,183.885537561304
79187673708,79187902536,228828,472.719696,182.488630666667,180.703290612
79187935659,79188119103,183444,570.967711666667,169.560391666667,178.4520466775
79188152314,79188271155,118841,669.523285,168.0968875,174.38474098
79188302477,79188889006,586529,781.686959444444,165.274602222222,173.249214201667
79189035651,79189235674,200023,412.175155384615,190.486826153846,182.295535549231
79189269227,79189885615,616388,393.389608947368,192.924258947368,177.356086115526
79189918970,79190688666,769696,502.405573617021,190.665894042553,178.032420953404
79190718986,79191235519,516533,669.25204,179.33700625,174.529074424375
79191269115,79191485624,216509,727.025375714286,191.608918571429,167.489905829286
79191518855,79192135461,616606,827.315544736842,185.816511578947,168.359701426316
79192202227,79192302413,100186,481.575797142857,208.235454285714,173.87385591
79192552187,79193086676,534489,402.152280606061,216.63668,175.957230323333
79193118841,79193569077,450236,532.51621,212.199809285714,169.737914156071
79193602215,79194102320,500105,632.673188387097,208.616262580645,172.997543768387
79194135392,79194635275,499883,715.023675483871,213.588817419355,174.346137904516
79194673716,79195135320,461604,833.456193103448,206.544544137931,172.219709562069
79195202387,79195318712,116325,458.0002025,229.09618,179.52262452125
79195352075,79196501978,1149903,384.484753428571,235.013032,177.341772391286
79196535346,79196918590,383244,495.4503375,226.272923333333,179.243788910417
79196951943,79197385324,433381,597.551788148148,225.197988148148,180.501174763704
79197418612,79197685278,266666,674.091168235294,228.450158823529,179.137825368235
79197718585,79198418618,700033,739.75047627907,240.419926046512,179.64709161907
79198451820,79198785258,333438,801.925048571429,247.14986,171.856863268095
79198818477,79199318474,499997,833.481772258065,224.758596774194,169.747922120968
79199387820,79199502137,114317,448.55591,242.03318,169.87755543125
79199535603,79200086519,550916,376.721274705882,234.172361764706,172.180983794118
79200118520,79200451687,333167,481.583434285714,244.996518095238,172.178956723333
79200551692,79200801841,250149,671.4750375,248.83614125,178.985327494375
79200835038,79201151689,316651,733.440909,247.883618,179.444583533
79201185158,79201468826,283668,782.777608888889,248.479037777778,184.219745742778
79201618506,79201951667,333161,792.196074285714,243.155334285714,174.606203634762
79201985519,79202685051,699532,832.409370454546,245.725394545455,179.843537787955
79202734966,79202834978,100012,530.461534285714,265.7618,188.77076644
79202868626,79203386067,517441,389.18369125,274.827224375,188.66564217125
79203418341,79204251555,833214,502.225729019608,273.355602352941,186.108125311765
79204285071,79204774673,489602,584.929172666667,276.744100666667,187.061787318
79204801713,79205168424,366711,610.948089565217,275.657608695652,185.689035213913
79205201755,79205534800,333045,535.620165714286,276.933026666667,186.211145184762
79205568999,79205918221,349222,654.5673,271.178499090909,181.312119302727
79205951457,79206368145,416688,778.667784615385,273.448296153846,177.309556493846
79206401485,79206501634,100149,849.469351428571,267.279882857143,173.341277118571
79206569004,79206718337,149333,419.329402,281.376934,181.639320352
79206751525,79206984786,233261,378.49487,286.6209425,185.619852685625
79207018134,79207377800,359666,499.082411818182,288.354423636364,182.158321162273
79207401634,79207777121,375487,594.26229826087,285.468556521739,182.695793997391
79207801673,79208118127,316454,753.338647,283.946564,181.019992625
79208151324,79208451317,299993,812.055034736842,287.525041052632,179.686180855789
79208534677,79208901522,366845,402.613415652174,300.643608695652,190.255224683478
79208951320,79209117965,166645,472.306778181818,306.443747272727,190.335744084545
79209151327,79209751291,599964,523.277624864865,304.116235135135,184.746782048919
79209788237,79210151313,363076,650.242041739131,306.246779130435,179.588698994348
79210184601,79210518013,333412,753.297350476191,306.903158095238,178.699905132381
79210551178,79210834574,283396,825.884782222222,294.296015555556,175.410863885
79210886104,79211017970,131866,466.858248888889,318.983848888889,182.140563472222
79211051204,79211551193,499989,398.170216129032,329.912729677419,183.395838838387
79211587797,79212101220,513423,514.035201875,329.788074375,181.997902750625
79212134446,79212851162,716716,625.318896818182,331.876211818182,182.654378760455
79212884942,79213201387,316445,701.712494,331.310602,183.4769859315
79213234400,79213934497,700097,798.956319534884,332.319621860465,186.69709077814
79213968851,79214078026,109175,856.144762,350.264766,186.238285434286
