"start","end","dur","x","y","pupil"
10127497795,10127847793,349998,444.713100952381,155.144748571429,135.936276423478
10127881060,10128297649,416589,384.288633846154,107.155086153846,136.355305727308
10128330999,10128830996,499997,366.714671612903,93.3595309677419,133.021094680968
10128864504,10129230997,366493,490.156035652174,88.8846547826087,133.900213063478
10129264272,10129714237,449965,549.636090344828,82.3150372413793,134.912161476897
10129747752,10130080948,333196,625.46364,97.1729647619048,132.31520833619
10130114208,10130547743,433535,702.355898518519,82.4066081481482,130.815897707778
10130597498,10130747620,150122,364.77499,133.700196,133.753409175
10130780927,10131481137,700210,372.162419534884,160.460328372093,136.563674699535
10131514081,10132214088,700007,432.897090232558,169.59096372093,135.481413416744
10132248481,10133097386,848905,504.755156538462,159.739268461538,130.927151508654
10133130743,10133697369,566626,592.687579428571,151.726198285714,129.368618939714
10133730741,10134380826,650085,687.5818665,142.6433495,125.36218586
10134413966,10134930623,516657,773.1710725,128.174134375,119.90508020125
10134964030,10135264049,300019,844.848398947368,108.553001052632,118.369163694737
10135297406,10135564040,266634,912.155964705882,90.2097047058824,119.20889456
10135647373,10136313966,666593,362.50381804878,167.144515609756,123.228612164878
10136347334,10136897264,549930,467.730298823529,167.630835294118,116.885618380294
10136930629,10137447345,516716,562.245103125,164.9988875,120.497754557812
10137480605,10137947240,466635,664.369368275862,159.611766896552,121.124288793103
10137980553,10138413863,433310,766.088934814815,142.05748962963,118.841649106667
10138447890,10138997122,549232,862.66327,118.276535294118,120.764493935294
10139030485,10139130499,100014,904.149237142857,116.550251428571,121.07907331
10139230491,10140147251,916760,343.2108825,190.099941428571,124.773923695357
10140180432,10140430379,249947,462.1990175,167.64858375,126.40908469375
10140513713,10140913708,399995,777.3026248,153.1007088,130.776274968
10140947174,10141130394,183220,717.75521,152.28028,137.115970418333
10141163779,10141797015,633236,660.950325641026,155.613616410256,141.682223947949
10141830363,10142230241,399878,771.156484,162.7067048,138.9064168836
10142263734,10142830238,566504,838.854081714286,147.800459428571,139.825653020286
10142863806,10143080286,216480,783.65006,161.418352857143,144.382870130714
10143113591,10143247067,133476,873.529355555556,161.245444444444,143.163466881111
10143313637,10143763655,450018,347.320735,200.110416428571,149.194625566786
10143796897,10144196868,399971,425.8729456,207.7331352,139.951310226
10144230237,10144630121,399884,517.6680232,206.4843632,143.48504712
10144663692,10145163530,499838,625.3986256,192.5149664,144.7648387544
10145196842,10145546986,350144,687.388070909091,191.696801818182,132.264058818182
10145580197,10146130111,549914,756.39052,167.617591764706,125.897725585294
10146163631,10146563506,399875,853.6638968,165.1150136,126.630961054
10146646880,10147313335,666455,356.974684390244,214.955059512195,133.190796499268
10147347412,10147663402,315990,434.72042,238.031953,132.5299935635
10147696761,10148147052,450291,533.671266428571,204.482072857143,131.937371101071
10148180058,10148696626,516568,619.47007875,202.696259375,127.273201847187
10148729986,10149213212,483226,696.066586666667,203.500080666667,123.909127225667
10149247045,10149896623,649578,714.7946075,197.9661015,127.92590895275
10149929866,10150429892,500026,748.339300645161,185.090472903226,129.177660155806
10150463407,10150879942,416535,826.572042307692,178.070762307692,130.248895255
10150913225,10151063278,150053,870.186658,157.35339,128.800908377
10151146617,10151380066,233449,333.964477333333,192.894949333333,129.914511244
10151413094,10152013075,599981,384.416875135135,227.140516756757,125.416854733514
10152046869,10152496497,449628,473.424464285714,235.899859285714,129.099810717143
10152529741,10153046502,516761,565.763484375,222.66683375,131.77274511375
10153079831,10153380066,300235,649.523683157895,212.02724,127.958275798947
10153413069,10153963043,549974,752.254409411765,207.243655294118,122.660616926471
10153996390,10154496385,499995,852.256112258065,191.432621935484,121.217944336452
10154663031,10155929623,1266592,348.086241818182,246.076329090909,120.589456412338
10155963254,10156329611,366357,467.238897391304,247.231003478261,125.334202453478
10156362912,10157112841,749929,550.290364782609,241.423283478261,129.530488150435
10157146542,10157612842,466300,604.292531034483,241.941789655172,129.662220541724
10157647210,10158196126,548916,715.561449411765,237.098770588235,127.092292694706
10158229493,10158546228,316735,832.866107,210.84631,121.0474795285
10158629498,10158946508,317010,318.935548,269.427059,126.865423375
10159179566,10159647013,467447,432.324779310345,260.349417931035,116.706082864138
10159679415,10160012733,333318,525.722082857143,257.711758095238,116.322206139048
10160046319,10160579422,533103,607.372307272727,254.179447878788,116.021454157576
10160612737,10161079438,466701,699.365177931035,245.504752413793,117.48955325
10161112576,10161512594,400018,787.7824088,249.2529744,117.924088364
10161546511,10161762713,216202,870.733472857143,241.478477142857,116.47950858
10161812576,10161946958,134382,624.87566,261.844617777778,124.070746581111
10162012572,10162262647,250075,369.8301275,278.58769125,127.3021594675
10162296022,10162462660,166638,338.112874545455,278.662,122.927215372727
10162529239,10162779325,250086,693.21773625,244.82822875,119.107840085625
10162812580,10163029259,216679,573.363404285714,245.770894285714,126.284494559286
10163062571,10163629241,566670,512.321333714286,258.383628,130.608829203143
10163662527,10164779216,1116689,584.389614117647,258.359888823529,129.042724461324
10164812461,10165129113,316652,692.212521,248.725012,127.726550961
10165162533,10165629130,466597,777.962914482759,230.413837931034,127.477491054138
10165662534,10165929118,266584,855.44762,238.403747058824,131.361430811765
10165962641,10166150680,188039,718.225046666667,269.354641666667,142.159643671667
10166195740,10166295789,100049,418.264648571429,279.168597142857,142.351522981429
10166329117,10167062445,733328,361.597177333333,288.775523111111,132.924239541556
10167095756,10167446998,351242,445.252789090909,283.265137272727,126.6909129
10167479309,10168179048,699739,566.742239534884,279.04049627907,130.857089044884
10168212347,10168695630,483283,660.063499333333,273.116583333333,136.515585242333
10168728986,10169112237,383251,745.357648333333,257.543705,131.013345250417
10169145775,10169828871,683096,836.803751428571,261.464136666667,130.204472142857
10169912224,10170846417,934193,346.877549824561,307.691718947368,130.475184261754
10170878936,10171262163,383227,444.495608333333,297.4878475,131.2296470125
10171295555,10171680151,384596,539.5571875,285.67909,132.3845113825
10171712086,10172262352,550266,647.848860588235,285.678032941176,128.842961052059
10172295510,10172812099,516589,741.45851,283.92427125,124.302714745937
10172846060,10173212092,366032,839.097533043478,288.173766086957,124.082533074783
10173279069,10173795377,516308,342.26222,320.052028125,130.99722855375
10173828737,10174428624,599887,384.069040540541,318.916031891892,124.68814029973
10174462126,10175078899,616773,494.528015263158,302.879743157895,126.397542516842
10175111986,10175578823,466837,596.508030344828,304.722000689655,123.961695891724
10175611959,10176211851,599892,679.34256972973,292.237595675676,120.119340462973
10176247080,10176746062,498982,738.185878709677,301.826119354839,119.512612023871
10176778565,10177945254,1166689,820.503858028169,300.574784507042,116.604128149859
10178028495,10178845259,816764,347.0661628,334.7435276,116.2240355188
10178995147,10179578432,583285,438.814609444444,323.558973333333,115.609956753333
10179611710,10180078431,466721,533.5316,330.340197241379,115.213048551379
10180111717,10180678424,566707,647.786850857143,331.554484571429,120.306321494571
10180711703,10181179652,467949,744.285436551724,324.55685862069,122.715973892069
10181211572,10181628366,416794,825.498826153846,317.502779230769,122.463021428462
10181711585,10182295016,583431,330.244463333333,355.746140555556,121.232420964444
10182328234,10182911572,583338,373.127391666667,354.098406666667,115.704686862222
10182946359,10183611483,665124,493.960107804878,352.995057073171,122.774824253902
10183647134,10184028268,381134,572.870328333333,341.273395,126.825927808333
10184061601,10184947431,885830,666.678057407407,345.85007,123.762673467963
10184978416,10185361694,383278,765.38065,336.452308333333,127.799298612083
10185394761,10185946614,551853,831.450426470588,350.747729411765,125.558348112647
