"start","end","dur","x","y","pupil"
95521686960,95521820134,133174,767.774744444445,131.50998,98.4774904488889
95521903463,95522036743,133280,511.828166666667,56.0009844444444,98.0421561988889
95523275676,95523486789,211113,712.478984285714,12.1939171428571,98.0432791785714
95523570059,95523670160,100101,429.49522,15.29494,102.431921415714
95523719969,95523870836,150867,378.688494,8.999502,104.544179101
95523903323,95524020021,116698,370.221945,12.4649275,111.79835963125
95524070143,95524170585,100442,468.795645714286,14.9984142857143,121.275215954286
95524836594,95524970251,133657,631.574288888889,4.12042666666667,126.272396581111
95526119895,95526236502,116607,368.15409,13.287485,109.214656875
95526371226,95526586556,215330,489.719702857143,21.0390785714286,113.556355513571
95526619912,95526803290,183378,485.762443333333,10.8482516666667,116.431562096667
95527236480,95527386649,150169,363.045354,79.751372,116.021242255
95527419776,95527703213,283437,366.861625555556,114.62644,114.525078353889
95527753146,95527936369,183223,429.476786666667,116.443416666667,111.63815735
95527970558,95528453153,482595,431.986362666667,127.546049333333,105.369674993667
95528486480,95528619784,133304,433.6124,118.196748888889,98.1335374111111
95528653012,95528936343,283331,457.344,102.958225555556,95.4065308016667
95528970541,95529219776,249235,484.95649,96.92993875,92.955373746875
95529269953,95529403078,133125,515.393255555556,121.217735555556,91.3614768144444
95529436416,95529619622,183206,515.92655,126.64372,88.2413485016667
95529753022,95529986425,233403,527.368349333333,119.508245333333,88.995702808
95530036359,95530136363,100004,557.616057142857,141.416722857143,89.8050042814286
95530170549,95530436235,265686,577.434915294118,156.639035294118,89.5100281035294
95530469787,95531136240,666453,588.185666829268,155.161265853659,95.2666542565854
95531170405,95531452903,282498,550.36278,164.441507777778,94.1581641894444
95531486438,95531752884,266446,537.021224705882,156.014165882353,94.4974035464706
95531786524,95532219527,433003,575.852856296296,153.013798518519,91.9932807144444
95532252883,95532702940,450057,589.737414285714,159.129963571429,94.4947630628571
95532736128,95533236138,500010,576.701076129032,155.32316516129,97.0790905106452
95533269708,95533452887,183179,608.25308,159.833305,96.5314157208333
95533486269,95533671799,185530,627.854943333333,148.888521666667,96.7859962841667
95533786172,95533902830,116658,687.306035,151.344985,98.87425632
95533936129,95534052774,116645,695.0713425,133.702495,97.885561075
95534103002,95534436140,333138,750.674813333333,113.2267,99.3190170633333
95534470402,95534586206,115804,733.705935,119.2140625,101.51665752125
95534619420,95534802875,183455,798.2164,124.021988333333,103.0692492625
95534836099,95535019455,183356,811.665961666667,132.143566666667,105.842321586667
95535052778,95535369494,316716,840.67347,151.4707,107.4388396325
95535402847,95535652803,249956,875.2626975,161.82381875,106.3965765
95535686202,95535786058,99856,887.894402857143,155.825962857143,106.987824234286
95535902866,95536002821,99955,385.840042857143,173.043102857143,112.6590089
95536036014,95536435986,399972,380.6773728,189.5771568,111.904520158
95536469525,95536686062,216537,409.793351428571,187.120364285714,106.596524569286
95536719412,95536935985,216573,388.661571428571,196.64574,105.213454617143
95536969393,95537135973,166580,426.873772727273,179.485041818182,104.401076877273
95537170310,95537352649,182339,463.488983333333,166.592768333333,104.511974364167
95537386049,95537602722,216673,469.789162857143,152.478212857143,104.630604262857
95537636012,95537769848,133836,515.076031111111,141.077544444444,99.4700346222222
95537819267,95537919265,99998,563.00534,147.603851428571,100.489375571429
95537952638,95538235885,283247,564.805125555556,170.341223333333,101.150339183889
95538270360,95538469413,199053,588.348193846154,184.054883076923,103.272940636923
95538503001,95538619292,116291,622.8737525,192.832525,99.060401385
95538670168,95538835856,165688,713.879336363636,187.570269090909,99.5171337945455
95538870686,95538986046,115360,704.9777725,163.38037,100.27934787375
95539019278,95539152509,133231,695.999195555556,155.662355555556,99.2805195277778
95539186057,95539552523,366466,762.460393043478,157.405523478261,98.5345822730435
95539585937,95539719158,133221,772.431253333333,172.135675555556,97.4279982577778
95539752513,95540085925,333412,803.389532380952,162.19841047619,95.4216178957143
95540119171,95540270338,151167,781.880732,164.533028,94.569869357
95540302585,95540419167,116582,781.7673025,127.376245,94.4286228025
95540469383,95540635723,166340,836.439054545455,162.52472,92.18981331
95540670427,95540835729,165302,853.66802,181.400510909091,91.8141784345455
95541169346,95541269239,99893,382.289717142857,196.01242,97.8949841428571
95541302453,95541535737,233284,371.196829333333,193.732249333333,98.237215126
95541569300,95542202456,633156,401.735080512821,200.786616923077,101.377625884359
95542285932,95542435733,149801,483.020266,171.81392,100.761212691
95542469163,95542569164,100001,475.181525714286,143.840411428571,98.78936618
95542602457,95542752406,149949,450.68814,128.115854,96.713009579
95542819031,95542935608,116577,416.5931975,181.994535,97.390111845
95542970158,95543219026,248868,415.30938875,195.25047,94.347434725625
95543252398,95543635618,383220,436.6518375,205.347784166667,93.8321127445833
95543685841,95543785672,99831,497.54718,201.39656,89.9859722728571
95543819013,95543952274,133261,501.96822,156.963748888889,92.5963808955556
95543986118,95544185674,199556,492.380523076923,129.511158461538,89.5097599761538
95544219046,95544385679,166633,478.733343636364,102.0014,88.0133731018182
95544602552,95544786051,183499,472.43522,69.07617,89.9444370958333
95545202565,95545352271,149706,482.236556,184.348446,89.159562111
95545385694,95545485621,99927,493.823111428571,162.57074,87.16977079
95545518920,95545852261,333341,502.264806666667,112.477223809524,85.1567468661905
95545885609,95546052164,166555,524.963956363636,127.548647272727,85.74429341
95546085542,95546202348,116806,541.9860675,146.61888,84.5692985125
95546235472,95546335478,100006,566.547782857143,157.157062857143,84.8851932185714
95546452156,95546552175,100019,566.736897142857,194.146028571429,85.62537494
95546585562,95547018784,433222,548.679712592593,196.507943703704,82.900790097037
95547052152,95547252141,199989,522.82066,168.903941538462,85.4434221992308
95547285598,95547652123,366525,523.519067826087,144.538454782609,89.7103984556522
95547718809,95547818783,99974,556.276568571429,149.953525714286,89.00723655
95547852152,95547985456,133304,526.870608888889,174.251886666667,89.8760965055556
95548052163,95548218792,166629,602.723172727273,202.005549090909,91.4430475609091
95548252139,95548502420,250281,616.27965875,219.483515,90.720864235625
95548535368,95548718797,183429,658.650846666667,211.018245,89.0036578558333
95548752014,95548885419,133405,701.651128888889,205.460737777778,87.1321184488889
95548918791,95549052024,133233,728.658084444445,198.654904444444,86.4484067088889
95549085429,95549335374,249945,753.20812875,191.834625,86.085196870625
95549370831,95549735383,364552,741.27357826087,176.575931304348,85.1779985634783
95549768795,95550035365,266570,777.54602,189.243452941176,86.4211504194118
95550068828,95550252028,183200,803.001006666667,204.40013,91.2269980075
95550285304,95550485311,200007,807.632497142857,171.934182857143,100.946268118571
95550518674,95550752015,233341,813.357141333333,194.870068,96.3470063166667
95550818676,95550918666,99990,666.89116,171.185831428571,96.2168694585714
95551018625,95551268794,250169,401.15913125,152.48841625,94.37385732
95551371146,95551601956,230810,763.059050666667,188.804624,92.7150402693333
95551851902,95552151887,299985,399.216834736842,143.025047368421,99.6845543778947
95552201952,95552301983,100031,470.848168571429,156.816617142857,107.495858238571
95552335228,95552468834,133606,471.971644444444,149.239031111111,106.801436081111
95552635241,95552735132,99891,432.40748,97.3615571428571,111.069197397143
95552768652,95552918507,149855,468.01165,95.00111,110.864574422
95552970475,95553151896,181421,367.529205,101.365003333333,111.58234387
95553185240,95553335117,149877,351.383488,126.67243,112.328558564
95553451907,95553801823,349916,426.244065454545,131.814111818182,118.953047889545
95553835112,95553970421,135309,422.590988888889,144.566622222222,124.766333444444
95554001823,95554202006,200183,458.645007692308,130.254356923077,127.623516306923
95554235128,95554418419,183291,449.299038333333,105.300463333333,130.061099201667
95554451786,95554651773,199987,484.245803076923,109.760532307692,133.812663138462
95554685179,95554835103,149924,508.566462,127.265952,133.12275653
95554873073,95555201867,328794,516.970776190476,140.145097142857,135.340581044762
95555235028,95555334994,99966,546.986451428572,151.511845714286,131.64930904
95555370785,95555601839,231054,552.803844,168.67072,129.776685834
95555671242,95555785052,113810,450.30143,157.5384125,131.26124931
95555951765,95556235229,283464,568.578341111111,179.448358888889,124.464177345
95556301831,95556434978,133147,626.632055555556,176.75672,120.356194558889
95556486671,95556685101,198430,581.122450769231,165.293713846154,118.542737347692
95556718411,95556818412,100001,592.864865714286,166.577377142857,116.852243251429
95556851657,95557001709,150052,614.789872,158.244892,115.501500843
95557051669,95557301708,250039,687.22697375,151.1356525,117.84714942875
95557334994,95557485038,150044,669.412102,145.11752,120.055551693
95557751643,95557868406,116763,722.8160925,185.51818,123.9825631875
95557984934,95558101841,116907,829.7428975,164.1022625,119.231745735
95558134857,95558334853,199996,833.672426153846,184.386941538462,121.64697004
95558368382,95558518292,149910,875.040742,191.45071,119.767459253
95558634850,95558751520,116670,412.97276,188.1998625,123.07822029
95558779496,95558918301,138805,406.96062,218.610582,122.122171886
95558985450,95559234898,249448,525.56582625,190.92767125,120.456580234375
95559301609,95559434874,133265,578.22282,178.778084444444,117.263251306667
95559534864,95559718138,183274,543.688531666667,175.575843333333,119.158866619167
95559768267,95559884923,116656,580.817795,181.0839175,118.59592279
95560084914,95560218171,133257,713.187008888889,148.358433333333,117.695181852222
95560251523,95560418168,166645,700.158507272727,151.672543636364,119.375868489091
95560551489,95560684796,133307,752.615437777778,166.934582222222,117.79688496
95560718175,95561068288,350113,743.497538181818,176.11493,113.163652995455
95561101496,95561234746,133250,813.589704444445,184.278602222222,110.384664768889
95561268297,95561451792,183495,805.173571666667,185.302375,112.529120270833
95561484791,95561634745,149954,788.963316,168.894998,111.389954316
95561701468,95561934729,233261,868.52382,177.763517333333,112.743590746
95561971564,95562101633,130069,866.026108888889,192.816671111111,114.713190548889
95562368135,95562551408,183273,386.759551666667,200.042171666667,125.472534224167
95562584856,95562751398,166542,388.84596,221.954134545455,127.152530061818
95562801496,95562917993,116497,415.17613,228.0721275,125.57583788875
95562951391,95563051396,100005,404.829665714286,269.415688571429,123.593348085714
95563101459,95563318021,216562,414.363217777778,212.154755555556,130.453516181111
95563370366,95563501330,130964,419.529831111111,217.093746666667,132.767674524444
95563534731,95563701346,166615,449.674954545455,216.281474545455,137.90540624
95563734621,95564118046,383425,410.343890833333,209.075696666667,137.494757289167
95564184700,95564384581,199881,475.874655384615,209.032172307692,136.045977149231
95564417917,95564567998,150081,485.204802,205.413956,137.586589392
95564601360,95564734888,133528,445.305893333333,179.880466666667,134.969954095556
95564768026,95565101332,333306,441.796384761905,172.34240952381,130.522472039524
95565284596,95565386144,101548,400.378768571429,206.365545714286,124.088172114286
95565417876,95565517906,100030,419.048945714286,229.586442857143,122.473374632857
95565751276,95565851266,99990,514.549254285714,157.228068571429,119.718319964286
95565884570,95566485377,600807,520.981591891892,142.815527567568,115.375692017568
95566517923,95566670269,152346,544.814538,164.831484,111.082253842
95566701728,95566984570,282842,557.573565555556,187.872752222222,109.308460983889
95567051147,95567151144,99997,617.632288571429,215.663937142857,109.007529144286
95567301236,95567417785,116549,587.3723,266.77753,104.22837865625
95567451156,95567701204,250048,609.7407725,283.42403875,106.092252064375
95567734386,95567867869,133483,624.959873333333,269.713168888889,106.525445925556
95567917780,95568017765,99985,676.794677142857,246.071714285714,105.082938897143
95568051149,95568184496,133347,683.039297777778,227.208433333333,108.603111851111
95568217784,95568334364,116580,654.4400225,218.2307075,111.60867759625
95568370478,95568501096,130618,714.238253333333,235.671886666667,111.272997201111
95568534397,95568701084,166687,731.410036363636,244.610683636364,109.976194540909
95568734380,95568834397,100017,744.910342857143,229.284105714286,105.868461512857
95568873654,95569001086,127432,724.901124444444,205.169222222222,108.566146068889
95569067884,95569201088,133204,797.988724444445,220.958471111111,108.468546384444
95569234361,95569370469,136108,826.492275555556,234.951037777778,104.737557608889
95569401078,95569567774,166696,829.404883636364,222.299047272727,108.098202896364
95569601108,95570117740,516632,825.495051875,213.010953125,111.623052673437
95570150995,95570451027,300032,864.250452631579,213.410081052632,110.267376356316
95570651027,95570801319,150292,871.42533,209.577408,109.370733014
95571069958,95571201099,131141,412.918404444444,246.791373333333,108.545084488889
95571234224,95571584309,350085,376.240355454545,238.571751818182,105.064610375455
95571617633,95572117547,499914,391.961232903226,219.243001935484,97.74337134
95572150892,95572484304,333412,428.882527619048,216.814865714286,97.711587477619
95572517538,95572670587,153049,453.895816,230.625976,96.775351853
95572734107,95572834112,100005,534.585688571429,226.68626,96.6257070314286
95572970793,95573134135,163342,446.525903636364,202.3892,95.4611650945454
95573350911,95573468586,117675,575.0644475,240.935035,96.65135517
95573501042,95573817541,316499,573.694854,220.833906,98.347686213
95573850769,95574069989,219220,622.374791428571,236.240231428571,96.7358313885714
95574100941,95574217543,116602,630.12795,250.547885,95.442620575
95574269892,95574450786,180894,699.485093333333,225.889158333333,93.3670931475
95574484172,95574701055,216883,699.168647142857,208.74888,93.1559136385714
95574734100,95574870603,136503,738.648711111111,215.680337777778,92.0365571955556
95574900992,95575250767,349775,780.367686363636,208.837170909091,91.2836793863636
95575285088,95575470366,185278,762.459001666667,195.55107,91.0825396733333
95575517408,95575667498,150090,865.808094,204.68488,91.606481555
95575700848,95575850772,149924,891.906072,215.501058,93.108749075
95576117430,95576267515,150085,393.705118,207.052972,98.772937883
95576300898,95576467588,166690,370.182707272727,229.846607272727,99.4492055654545
95576584098,95576717321,133223,439.05706,265.116697777778,94.1104241355556
95576750652,95576850654,100002,412.950582857143,246.67752,93.1764876457143
95576884195,95577117275,233080,394.648892,226.256344,93.879251322
95577150645,95577333975,183330,416.77181,227.539035,95.9642701683333
95577485473,95577617275,131802,512.296353333333,256.5849,98.2402392233333
95577650646,95577817298,166652,559.931010909091,260.995796363636,97.1270048263636
95578083915,95578183970,100055,515.978494285714,174.187094285714,95.6950925657143
95578217279,95578400581,183302,512.444448333333,154.217093333333,94.8904179808333
95578433878,95578600825,166947,544.638956363636,166.453850909091,97.8053601736364
95578633857,95578872958,239101,573.139554666667,177.992681333333,97.0751705373333
95578933858,95579033870,100012,614.20304,209.099757142857,93.7000076114286
95579117286,95579233866,116580,654.8438475,231.739005,95.95229535
95579270029,95579450534,180505,661.646111666667,239.583521666667,99.3869168583333
95579483988,95579633848,149860,650.652756,254.064058,100.707129834
95579817161,95579933857,116696,679.4775125,230.4053825,100.10549441
95580033743,95580170384,136641,803.141704444444,268.82308,98.4527442433333
95580200737,95580350523,149786,790.133118,284.576174,93.642584627
95580383847,95580670485,286638,784.989471111111,309.72633,97.5891169194445
95580700838,95580833728,132890,806.613864444445,289.561546666667,95.4360205788889
95580950404,95581100483,150079,867.080646,272.466362,95.261914794
95581133742,95581383801,250059,881.416725,258.3319175,96.06791963625
95581417159,95581617131,199972,874.981976923077,247.296803076923,96.2472899776923
95581883850,95582050404,166554,390.285261818182,255.671245454545,104.326250450909
95582083682,95582200721,117039,422.7037925,267.904415,105.27599603875
95582267147,95582371201,104054,389.757545714286,192.98452,108.162343798571
95582567138,95582670499,103361,431.02838,228.576457142857,103.703379022857
95582700680,95582817045,116365,436.1956675,226.516015,103.568219045
95582850396,95583301006,450610,421.055485714286,246.395341428571,103.844369320714
95583333592,95583433613,100021,421.056088571429,285.113262857143,102.15380399
95583700334,95583884359,184025,514.356056666667,303.269578333333,105.0445212075
95584083662,95584183702,100040,568.587614285714,253.927854285714,107.096085402857
95584217063,95584333595,116532,550.4625775,237.16635,104.03524829
95584571293,95584671452,100159,574.805597142857,284.724845714286,106.699222577143
95584700495,95584883689,183194,609.158705,286.011296666667,103.367536983333
95584916928,95585533482,616554,598.140948947368,265.400051578947,99.86716558
95585571116,95585783591,212475,614.858748571429,272.221964285714,97.8775484742857
95585850298,95585950153,99855,651.086945714286,271.400617142857,95.5725980542857
95585983589,95586370765,387176,653.76174,291.4985925,96.32222538875
95586433488,95586567015,133527,744.096502222222,286.555677777778,98.1740795322222
95586600562,95586900389,299827,753.926852631579,268.492762105263,101.522575633684
95586933476,95587216799,283323,789.274126666667,267.714161111111,100.448720723333
95587250157,95587400217,150060,799.69009,283.257358,96.386669081
95587433491,95587833375,399884,843.4266472,274.7012328,95.2758677008
95587872910,95588116789,243879,866.3430275,268.56230375,94.93345412
95588469920,95588616811,146891,399.626298,264.449112,101.415073056
95588800103,95588900081,99978,396.95656,206.87974,101.745825527143
95588933759,95589070062,136303,408.657551111111,177.240988888889,97.86873961
95589100099,95589200100,100001,428.902608571429,207.547434285714,96.4627263628571
95589316681,95589416705,100024,504.618651428571,240.474334285714,98.9575344514286
95589450030,95589683356,233326,504.240308,233.338924,97.5852514926667
95589716646,95589816661,100015,495.067585714286,237.675385714286,98.7186093485714
95589850046,95590066745,216699,548.763211428571,227.637151428571,95.450042555
95590300218,95590400198,99980,549.295131428571,294.68246,97.9524346871429
95590433243,95590650029,216786,570.75479,285.924157142857,99.76383514
95590716667,95590816673,100006,617.634505714286,310.108571428571,98.8507974285714
95590849895,95591233242,383347,627.55406,310.793798333333,97.2072163958333
95591316660,95591483328,166668,725.193214545455,319.487794545455,94.3277698509091
95591716564,95591816543,99979,647.733602857143,284.610831428571,94.1970274757143
95591849915,95591970424,120509,647.162125,311.6380625,96.74051636375
95591999971,95592170416,170445,575.912171428571,323.50294,95.9150160385714
95592200225,95592300218,99993,554.693697142857,323.003414285714,96.0531084142857
95592383320,95592483309,99989,740.269928571429,266.980214285714,97.7516118214286
95592533108,95592670425,137317,825.795328888889,273.759526666667,96.8507462722222
95592700126,95592816555,116429,810.7185325,285.573915,95.552139415
95592849919,95592999967,150048,804.190614,286.72966,96.696254225
95593033128,95593216520,183392,840.21257,287.554756666667,97.7875526841667
95593249904,95593566611,316707,867.138106,286.829777,98.2564039585
95593870603,95593983198,112595,410.2192325,316.4187275,105.155628285
95594049780,95594383376,333596,418.558576190476,274.112721904762,103.414093824762
95594416429,95594766509,350080,418.136176363636,298.539946363636,101.229536771364
95594800039,95594933115,133076,458.351833333333,301.090824444444,101.016083743333
95595049935,95595183096,133161,516.389677777778,309.694271111111,102.490258642222
95595216409,95595349794,133385,518.218884444444,340.339368888889,104.060555844444
95595383055,95595483061,100006,479.913117142857,334.843702857143,106.089983597143
95595516424,95595699888,183464,473.40723,330.322043333333,105.992597431667
95595732983,95596099988,367005,501.375502608696,342.631426086957,106.713825353478
95596132979,95596249663,116684,527.421455,344.4994775,106.13351177625
95596283079,95596432995,149916,574.886804,348.86707,103.573366622
95596470416,95596683063,212647,584.145912857143,342.714415714286,100.736731595714
95596716317,95597083074,366757,619.077286086957,323.002617391304,98.8804852817391
95597116286,95597482960,366674,639.294706956522,349.782497391304,95.1138100721739
95597516293,95597699688,183395,647.978815,373.77822,92.9787654633333
95597732876,95597883157,150281,678.895054,387.446852,94.811117589
95597999750,95598099816,100066,741.915648571429,342.722794285714,91.9225359485714
95598132887,95598466392,333505,738.135691428571,318.582831428571,90.7095161042857
95598499755,95598749518,249763,791.920485,310.60933,88.337776971875
95598816307,95598966404,150097,856.060126,310.618564,91.042292412
95598999571,95599299624,300053,882.675992631579,305.737045263158,87.1620671347368
95599416141,95599632872,216731,430.32349,317.218274285714,92.3003413807143
95599670435,95599799739,129304,420.847217777778,279.831628888889,90.0860357933333
95599832846,95599970915,138069,422.699617777778,277.842768888889,92.9957579066667
95599999645,95600099721,100076,436.220331428571,305.147062857143,93.63200344
95600132731,95600399745,267014,473.3534,310.798648333333,96.8441746866667
95600449538,95600632733,183195,487.756988333333,349.405021666667,97.2770838716667
95600671725,95600899663,227938,457.612037333333,348.905589333333,97.5502461853333
95600932742,95601266272,333530,488.012031428571,363.604585714286,94.4576000990476
95601299498,95601549383,249885,517.7610825,365.15711125,95.890083696875
95601616170,95601799476,183306,612.709796666667,351.49404,98.3154775425
95601832731,95602016043,183312,574.111601666667,363.290323333333,97.889325275
95602049403,95602199617,150214,571.939624,341.764422,98.228078767
95602233110,95602449416,216306,597.429125714286,333.019434285714,98.7815275157143
95602482709,95602599677,116968,623.2759225,339.63184,98.50490569625
95602632607,95602932648,300041,647.687148421053,365.488075789474,95.2550147142105
95602970067,95603066116,96049,642.746934285714,373.167871428571,94.2730872185714
95603099735,95603299341,199606,699.892290769231,359.732870769231,94.0059950753846
95603349277,95603449288,100011,737.982565714286,336.905128571429,93.1894180657143
95603482747,95603682693,199946,752.546829230769,319.081535384615,92.3854515846154
95603716037,95604171671,455634,776.957734285714,310.722988571429,91.0986555296429
95604232610,95604570141,337531,841.068487619048,316.685531428571,91.8637375385714
95604632604,95604765988,133384,884.03768,329.528453333333,95.5641972944444
95604799710,95604970439,170729,891.984356363636,343.10706,94.5071083327273
95605066044,95605170237,104193,449.14776,351.820008571429,100.639200067143
95605232478,95605470471,237993,386.984722666667,354.086573333333,97.997003956
95605799230,95605932482,133252,388.671773333333,340.981162222222,96.7103603611111
95605967505,95606099444,131939,418.947722222222,343.876171111111,101.41562031
95606215930,95606349377,133447,513.170815555556,333.568322222222,106.838262382222
95606432479,95606532528,100049,489.479505714286,363.848354285714,106.638935582857
95606571019,95606682607,111588,506.5053475,379.709405,108.70530148375
95606715809,95606949153,233344,531.947494666667,382.952218666667,106.677672367333
95606999212,95607099228,100016,567.573765714286,406.799534285714,105.690080265714
95607132493,95607249155,116662,578.6795175,414.250845,103.82063349875
95607282571,95607649162,366591,536.700146086957,392.891808695652,102.24245100913
95607682885,95607799261,116376,582.2724,394.1112825,99.2546972625
95607832365,95608115823,283458,588.31081,398.35712,98.3736687266667
95608149150,95608615780,466630,629.971582068966,396.912015172414,100.029504383793
95608682525,95608832346,149821,707.425282,376.184498,97.342376514
95608870738,95609232346,361608,691.934181739131,352.899113043478,98.64884219
95609265747,95609399094,133347,719.092335555556,339.776488888889,97.7008470044444
95609432382,95609715657,283275,777.173442222222,330.702824444444,94.486254495
95609749032,95609899079,150047,750.546992,341.32658,98.101317131
95609932252,95610115753,183501,735.571953333333,343.378085,98.5132052033333
95610149032,95610332234,183202,775.094616666667,345.84982,97.2420247058333
95610365824,95610470439,104615,807.305014285714,341.787151428571,98.2927747671429
95610499220,95610682308,183088,853.376756666667,343.848435,96.8992853716667
95610715684,95610815705,100021,877.566791428571,340.603514285714,96.7889246971429
95610932249,95611132247,199998,400.973864615385,356.501070769231,104.068802013846
95611170296,95611332233,161937,380.304287272727,356.085716363636,101.420026646364
95611370745,95611672396,301651,430.257303157895,339.687390526316,99.5811962663158
95611698971,95611969860,270889,417.71922,309.227574285714,99.5715520885714
95611999186,95612199083,199897,398.900303076923,343.731638461539,97.8524323392308
95612315675,95612448914,133239,530.821737777778,378.973628888889,102.723108211111
95612482223,95612715573,233350,527.469346666667,392.121157333333,98.8149292513333
95612748905,95613048928,300023,565.609156842105,412.887698947368,97.7404235594737
95613082192,95613198975,116783,558.3336525,385.8024875,97.4029647425
95613232107,95613432133,200026,538.833047692308,390.540758461538,97.3872733884615
95613470392,95613582218,111826,566.3732375,368.70627,98.9260920525
95613615550,95613748773,133223,572.460595555556,346.259646666667,100.550372697778
95613798878,95613971146,172268,659.707547272727,355.947572727273,102.145918107273
95614048785,95614148781,99996,609.507768571429,380.139677142857,100.490881782857
95614182198,95614372138,189940,592.590716666667,400.168748333333,102.165974713333
95614399087,95614548784,149697,587.268058,412.011044,99.666723026
95614582178,95614698842,116664,623.3073775,403.4304075,97.4981997425
95614748770,95614848800,100030,686.131791428572,392.707825714286,96.2528668742857
95614882799,95615082058,199259,683.676215384615,371.361930769231,96.0236086261538
95615115419,95615482085,366666,676.739975652174,364.461536521739,92.5717148652174
95615515411,95615873085,357674,699.93627,340.232564545455,90.1236783545454
95615898718,95616048656,149938,727.690236,340.050704,89.402016
95616082124,95616282069,199945,776.984490769231,338.099896923077,86.5537186261539
95616315426,95617048651,733225,778.943616444445,347.746318222222,89.7713542082222
95617170362,95617531867,361505,878.920488695652,351.287204347826,92.1719390034783
95617715277,95617848661,133384,424.637628888889,356.825348888889,98.3309105544444
95617881928,95618115309,233381,384.851084,363.777865333333,99.6729392853333
95618148668,95618531849,383181,407.293674166667,359.76527,100.166467650417
95618615315,95618781929,166614,579.041652727273,358.471183636364,100.495420045455
95618815299,95618915331,100032,526.348208571429,372.03094,98.8418872128571
95618948531,95619131867,183336,501.607206666667,377.93388,100.060927824167
95619348536,95619548528,199992,594.843433846154,398.575187692308,102.089759356923
95619715128,95619898580,183452,650.139206666667,410.726645,104.506312535
95620248539,95620348534,99995,733.975465714286,363.776365714286,103.188292295714
95620381927,95620898622,516695,730.689573125,356.265701875,107.52451840625
95621015169,95621170449,155280,828.033296,388.712388,118.636752611
95621198487,95621315183,116696,836.0565375,408.4415275,122.586900745
95621348397,95621531743,183346,876.821535,430.220355,125.2292907425
95621698479,95621848425,149946,637.348172,37.633684,122.278230503
95621915048,95622015041,99993,678.533582857143,26.8538685714286,120.383160925714
