"start","end","dur","x","y","pupil"
79527091401,79527491345,399944,488.218788333333,89.1351725,183.979790093462
79527524619,79528108297,583678,381.570842222222,75.2796377777778,188.148176660278
79528141215,79528408306,267091,506.730401176471,50.2134717647059,180.026788891176
79528524629,79528657990,133361,551.944095555556,50.7916511111111,179.588274141111
79528691280,79528907983,216703,664.01774,36.9692785714286,184.967261117143
79528941198,79529225009,283811,642.952032222222,23.5644833333333,178.726121683333
79529257976,79529557863,299887,564.430158947368,18.5423842105263,178.325234762105
79529591257,79530257862,666605,701.126739512195,20.8284604878049,182.829986543902
79530291173,79530977379,686206,799.642635714286,14.2995461904762,182.649274360476
79531057869,79531157854,99985,524.807451428571,81.5508657142857,187.013616867143
79531191149,79531357744,166595,421.813052727273,104.373461818182,189.774842700909
79531391157,79532041112,649955,389.933491,119.013422,182.8938473795
79532075388,79533007934,932546,508.564393962264,106.221080377359,178.045350362453
79533040965,79533291071,250106,589.90633125,108.56501,173.014719633125
79533324350,79534653240,1328890,673.47318313253,104.948338795181,174.602481808675
79534677861,79535640821,962960,762.791047407407,108.314257777778,182.093574750926
79535674320,79536090992,416672,803.579696923077,108.088792307692,176.449439693077
79536124218,79536690947,566729,737.643102285714,117.035202285714,178.412784361143
79536724256,79537724126,999870,842.720265245902,109.452789836066,181.448564178361
79537790928,79537907541,116613,429.5890625,123.96994,188.653404245
79537940700,79538690780,750080,354.585303333333,129.815331904762,178.89306987619
79538777628,79538907650,130022,843.918508888889,95.3177044444445,167.715922356667
79539090819,79539274280,183461,405.217428333333,135.58945,175.209949458333
79539307653,79540940571,1632918,382.967274545455,135.490103636364,169.356362545657
79540977415,79541207700,230285,523.318790666667,135.469801333333,178.806589491333
79541240564,79541777583,537019,616.406711515152,140.053752727273,181.309805182424
79541807340,79542023986,216646,719.504288571429,128.130622857143,174.779504668571
79542057242,79542873974,816732,780.2850596,118.8446212,183.9521054914
79542957234,79543174052,216818,408.871014285714,150.81166,208.694838310714
79543207429,79543540439,333010,394.132685714286,164.972815238095,212.738107225714
79543578777,79544023881,445104,490.991571428571,165.868863571429,213.406992956071
79544057112,79544240451,183339,562.265915,154.781135,214.641527116667
79544277591,79544740440,462849,489.466347586207,170.734719310345,217.245882745862
79544773947,79545277590,503643,578.503283225807,170.315583870968,210.330625560323
79545307177,79545923743,616566,577.973103684211,158.951000526316,210.910126585526
79545957328,79546407209,449881,631.503475714286,165.278255,218.81241395
79546440338,79546640307,199969,734.827143076923,150.201586153846,212.473636182308
79546677970,79546956990,279020,821.557263333333,154.835038888889,213.634579736111
79546990720,79547090493,99773,622.993602857143,178.967582857143,225.099079315714
79547123603,79547223606,100003,611.591908571429,189.8606,223.171758008571
79547277795,79547407061,129266,833.933491111111,156.198731111111,221.200420704444
79547477867,79547623595,145728,469.128848,179.74246,231.537419415
79547656997,79548140193,483196,377.373657333333,191.564482666667,233.003346132
79548174078,79548556983,382905,562.431376666667,207.0881475,221.03586383375
79548590270,79548973755,383485,686.92823,199.149005,222.390364858333
79549007095,79549377914,370819,784.820947826087,197.723748695652,208.518419295652
79549506946,79549640211,133265,561.140053333333,207.484266666667,211.374459383333
79549677900,79549890275,212375,443.246318571429,200.501474285714,212.932220087857
79549923509,79550356870,433361,396.080200740741,198.806507407407,203.276312317407
79550540083,79550656873,116790,646.7098375,201.772505,183.4836827075
79550690156,79550907139,216983,749.390211428571,175.588177142857,180.299403936429
79550940053,79551290153,350100,736.762841818182,168.403478181818,175.758232398182
79551323514,79551606807,283293,768.054753333333,164.873562222222,173.150407462222
79551640079,79551773665,133586,810.983373333333,159.792095555556,171.408751633333
79551840071,79552040101,200030,381.841426153846,189.69114,175.959465232308
79552077368,79552490057,412689,390.344426153846,201.510563076923,175.395661568077
79552523385,79552840060,316675,519.26603,195.389877,174.2904721885
79552880398,79553607007,726609,548.461686666667,195.972208,175.1541556
79553639951,79553890081,250130,507.08794875,189.57549875,173.7101441275
79553923372,79554206675,283303,508.718698888889,101.886601111111,173.569153865556
79554239939,79554656622,416683,391.963320769231,106.433059230769,176.601517175769
79554690028,79554856618,166590,488.08714,124.342692727273,182.389910849091
79554889915,79555190125,300210,663.022648421053,118.654214736842,182.44458873
79555223254,79556023260,800006,757.392860408163,115.760224489796,183.494382144286
79556056623,79557389834,1333211,771.100161728395,111.376033333333,178.544502205309
79557423121,79557656496,233375,817.065958666667,115.123208,174.215897545333
79557723121,79557906549,183428,406.345395,124.159558333333,182.094720521667
79557939711,79558856361,916650,375.124751071429,147.600046071429,180.889020575893
79558889782,79559056396,166614,480.207529090909,258.627301818182,188.287485511818
79559089790,79559706497,616707,484.350655789474,237.545144736842,184.721086955789
79559739680,79560556357,816677,530.9583172,207.2282396,176.9487071478
79560592039,79560856760,264721,494.057631764706,215.52038,173.072416266471
79560889697,79561156377,266680,581.171768235294,220.448168235294,187.877316737059
79561189700,79561739568,549868,726.757678235294,214.299977647059,178.899380709706
79561775586,79562822902,1047316,838.3280271875,204.9234034375,178.796681160156
79562956246,79563173359,217113,406.261381428571,226.944152857143,193.017642931429
79563206370,79563389536,183166,372.38191,227.690186666667,192.915339445
79563422861,79563572971,150110,612.3811,229.484564,190.210591776
79563606435,79563956140,349705,715.995054545455,215.357111818182,191.009267938636
79563989527,79564289549,300022,831.373113684211,202.424507368421,189.307344956316
79564356125,79564456118,99993,459.869251428571,226.200048571429,196.559582561429
79564489515,79565089549,600034,385.037431351351,234.734363243243,190.074433251622
79565122788,79565556104,433316,499.742698518519,245.063543703704,183.329029232963
79565590289,79565972930,382641,540.704821666667,237.750275833333,185.036601237083
79566006162,79566406049,399887,414.8534664,236.5969272,186.9173532736
79566439339,79567256033,816694,545.289926,227.5416328,191.3301933644
79567289423,79567606056,316633,489.348319,215.12007,191.8738570605
79567639333,79567972806,333473,609.512863809524,212.175731428571,188.311467546667
79568006277,79568256002,249725,749.0898025,202.10471375,184.818352431875
79568289259,79568639244,349985,823.740697272727,210.744859090909,188.799514497273
79568706034,79568922632,216598,419.402384285714,241.465778571429,195.408216045
79568955875,79569339204,383329,410.804766666667,247.738369166667,191.196527932083
79569377094,79569622458,245364,514.9362975,245.71394875,186.28871635375
79569655863,79570277386,621523,612.999516842105,230.686324210526,184.137569189474
79570306232,79570755905,449673,728.035092857143,212.378647857143,174.459361049643
79570922546,79571789232,866686,791.694926037736,229.855070943396,175.91155341717
79571822533,79572222378,399845,842.751392,232.8474352,178.3056709052
79572289064,79572389191,100127,477.067931428571,257.227422857143,188.169867867143
79572422381,79573738941,1316560,402.5310355,254.94807975,188.43050734275
79573777609,79574638947,861338,509.121727169811,254.25505509434,184.609970145094
79574677641,79574805866,128225,584.40024,263.318513333333,181.119228722222
79574838944,79575405680,566736,678.388489142857,253.378865142857,178.530188652
79575438848,79575855624,416776,801.204547692308,240.418853076923,173.566736026538
79575972345,79576078437,106092,628.046008571429,262.344985714286,181.55175504
79576138817,79576477404,338587,394.567754285714,267.962493333333,187.902297705714
79576505778,79576822248,316470,438.614343,275.072938,188.6808631875
79576855500,79577138815,283315,538.662072222222,270.717813333333,189.808736261111
79577173658,79577472998,299340,688.828317894737,270.519130526316,191.13253963
79577505843,79578488805,982962,769.778548666667,268.181903333333,188.265173655667
79578678153,79578805619,127466,472.209233333333,281.232197777778,186.832861644444
79578838726,79579755692,916966,408.776475714286,288.219275357143,180.450639405
79579788813,79580555362,766549,555.848089787234,287.573687659574,181.69117012383
79580590642,79580722013,131371,643.919888888889,284.510453333333,180.008912276667
79580755296,79581805308,1050012,744.5070378125,289.095143125,181.724653157969
79581838585,79582005314,166729,824.597707272727,289.272741818182,182.392925908182
79582055248,79582155250,100002,554.012557142857,304.20152,188.93496161
79582189574,79582438610,249036,412.25758375,308.1686125,192.84109590375
79582472073,79582905529,433456,410.585212592593,311.367946666667,181.270634149259
79582938459,79583305506,367047,524.644800869565,312.625130434783,182.035996612609
79583338449,79583955138,616689,620.818623157895,310.164971052632,179.602934191579
79584121806,79584605393,483587,746.293749032258,304.248805806452,171.346269999032
79584638433,79584938444,300011,820.690858947368,303.536804210526,168.425028910526
79585088543,79585221753,133210,453.405808888889,317.694535555556,174.015786328889
79585255115,79585738333,483218,422.134362666667,329.150696,175.676690385333
79585771972,79586155125,383153,571.148675833333,327.7949175,178.023016286667
79586188479,79586505073,316594,662.434145,328.668263,175.0861996665
79586538333,79586876207,337874,798.587146666667,317.850541904762,173.640407445714
79586954983,79587477838,522855,385.506655,346.292975625,181.266000879062
79587538340,79587805052,266712,781.205528235294,337.631087058824,176.727810644118
79587838342,79588038248,199906,868.938430357143,371.786761428571,159.309721304286
