"start","end","dur","x","y","pupil"
369098151792,369098551702,399910,669.759603333333,281.520268333333,74.2204963026923
369098734991,369098834999,100008,445.995854285714,106.438814285714,73.1900354071429
369098868354,369099418443,550089,392.602305294118,105.378665882353,74.5900626202941
369099601830,369099951580,349750,539.522293636364,108.480613636364,82.70740924
369099985039,369100485058,500019,458.115465625,37.890388125,83.6567706775
369100518513,369100734942,216429,537.599892857143,44.8901228571429,84.9275084528571
369100768223,369100985043,216820,387.366318571429,34.5236085714286,89.2758517678571
369101151556,369101301845,150289,1217.635792,778.654282,94.251409054
369101351561,369101484934,133373,1099.68130666667,936.285193333333,99.9042046855556
369101518253,369101651562,133309,1049.96236666667,942.674895555556,99.0381654322222
369101751559,369101951453,199894,290.325283076923,932.540398461539,110.565208242308
369102168232,369102384974,216742,599.261964285714,95.3257014285714,102.693244562857
369102418283,369102634858,216575,593.171391428571,83.0417914285714,105.905360742143
369102668229,369102834837,166608,521.214463636364,117.621323636364,98.84318713
369102868100,369103251456,383356,416.149821666667,116.785956666667,93.1022012291667
369103284930,369103601524,316594,366.118519,108.058212,91.5642432245
369103634731,369104218140,583409,476.748428888889,92.5225538888889,91.1000026580556
369104251452,369104601389,349937,591.861401818182,84.73541,88.9423268977273
369104634731,369105518006,883275,570.360076666667,96.162802962963,83.1689588812963
369105551331,369105884938,333607,671.32082952381,100.736632380952,86.93081046
369106084834,369106284691,199857,732.767916923077,91.2663338461539,89.4152783861538
369106318058,369106784709,466651,698.211465517241,90.7328206896552,85.2876227468965
369106818048,369107567971,749923,757.731789130435,76.2657391304348,78.4906962508696
369107601334,369108501263,899929,811.304290181818,89.7582461818182,81.6308223112727
369108567850,369108901264,333414,536.466147619048,107.356252380952,83.68382505
369108934476,369109284720,350244,528.063045454545,100.976369090909,80.683547505
369109317892,369109751089,433197,625.765121481482,94.2919896296296,81.8549640981481
369109784584,369110301928,517344,706.848409375,92.48091125,82.7255261203125
369110334495,369110451079,116584,771.855905,74.411635,79.689262405
369110567720,369110784593,216873,473.669478571429,94.7575614285714,81.3737395178571
369110817809,369111201246,383437,490.210376666667,118.924441666667,81.5488726733333
369111234344,369111834365,600021,386.484937297297,119.410834594595,77.5998084318919
369112034346,369112167729,133383,467.547857777778,126.107217777778,76.9726517888889
369112201099,369112384468,183369,442.573016666667,125.401256666667,77.6795309541667
369112450947,369112567716,116769,787.2928125,85.39801,75.09198891375
369112601137,369113150942,549805,854.535454117647,75.9080623529412,73.9464053091177
369113334360,369113484440,150080,411.327878,113.417846,73.640665806
369113517666,369113867592,349926,363.129971818182,137.567393636364,75.1092784931818
369113901144,369114434229,533085,464.229326060606,125.564113333333,78.4890429524242
369114467594,369114802934,335340,556.026859047619,130.995380952381,80.5131880152381
369114834224,369115201004,366780,644.716109565217,129.176457391304,79.1215178856522
369115234233,369115601008,366775,733.698672173913,126.169007826087,76.3368328056522
369115634226,369116800768,1166542,778.249030985916,110.650469014085,76.1928488632394
369116834094,369117217519,383425,835.010465,105.697158333333,79.1304308475
369117250700,369118550686,1299986,765.492741518987,122.143613417722,78.4168514477215
369118584104,369119017627,433523,649.413982962963,131.310733333333,79.1109457003704
369119050693,369119217399,166706,537.931236363636,128.779754545455,78.7454393954545
369119250705,369119433979,183274,487.675926666667,130.705681666667,80.746509355
369119467349,369119684109,216760,592.958965714286,123.972648571429,80.62102181
369119717412,369120417425,700013,662.753642790698,116.653741395349,79.0923492753488
369120450590,369121267213,816623,748.6725544,126.2718412,75.6620508942
369121300785,369121917290,616505,825.371421052632,94.5751547368421,74.5094100276316
369121950467,369122233880,283413,886.93516,110.202912222222,78.6231951861111
369122317293,369122500615,183322,407.673233333333,146.109815,84.48545434
369122533846,369122900509,366663,372.131233043478,123.164584347826,96.9795584313043
369122933862,369123517158,583296,432.297515,157.869289444444,103.269318008333
369123617152,369123800731,183579,631.684333333333,132.178248333333,101.3010974875
369123833734,369123950456,116722,503.5597325,143.3227225,105.90900372625
369123983832,369124383854,400022,432.5496592,152.5963912,107.2784613844
369124417393,369124584351,166958,545.73456,157.699410909091,107.296358763636
369124617193,369124717185,99992,673.043954285714,164.287642857143,102.961232185714
369124750332,369124950362,200030,820.483516923077,163.823781538462,96.2662951984615
369124984102,369125283951,299849,866.420702105263,151.304369473684,93.6007589657895
369125366969,369125466975,100006,473.018274285714,163.820428571429,96.68721887
369125500561,369125983714,483153,371.572339333333,174.797998666667,96.803637479
369126017048,369126150312,133264,568.315342222222,173.940888888889,95.27238105
369126183718,369126433627,249909,628.315175,152.2838175,93.17443016
369126466979,369126750212,283233,679.423166666667,134.873572222222,90.5269740716667
369126783740,369127483709,699969,545.712369767442,152.243467906977,86.0921754723256
369127516907,369127866850,349943,514.678914545455,143.731712727273,87.0114961768182
369127900299,369128150186,249887,564.21841125,140.4375375,89.2528916475
369128184861,369128500485,315624,563.49806,158.350884,90.509826392
369128533481,369129116917,583436,630.539287222222,143.888617222222,87.3419637738889
369129150061,369129550090,400029,723.0337608,132.1636688,81.8410063464
369129583669,369130083648,499979,824.681885806452,124.616922580645,80.2999583093548
369130116772,369130616811,500039,895.213014193548,124.709777419355,77.651574413871
369130700157,369130817059,116902,424.6199025,147.878245,80.029993345
369130850094,369131416839,566745,390.350034857143,171.217,81.798544754
369131450075,369132116782,666707,488.409901463415,167.381974634146,80.1713206095122
369132149936,369133016656,866720,587.403793207547,171.673290943396,75.549881934717
369133049959,369133800119,750160,666.058939130435,175.861542608696,74.4214264347826
369133833225,369134116657,283432,605.948253333333,167.834515555556,76.1860778794445
369134149812,369134683372,533560,763.76658969697,157.657233333333,74.6266522306061
369134716878,369135166478,449600,856.586472142857,153.146494285714,72.5449443689286
369135200068,369135316518,116450,914.741665,137.34326,72.9525979
369135399989,369135599984,199995,404.189203076923,184.376863076923,77.1770315838462
369135633235,369136433130,799895,376.998523265306,193.586479183673,78.6057939104082
369136466468,369137533095,1066627,450.142289846154,187.450610769231,75.9757768352308
369137566357,369138283956,717599,507.266891818182,189.96745,73.9300949140909
369138316424,369138766344,449920,588.943771428571,197.897754285714,73.60331186
369138799840,369139199647,399807,672.5426448,182.4563472,71.22082975
369139232980,369140299638,1066658,732.898138153846,191.087517230769,69.6722163123077
369140332973,369140882975,550002,821.280113529412,184.944404705882,66.7186836176471
369140916533,369141332861,416328,879.566516923077,160.99601,66.8117340203846
369141416289,369141549449,133160,443.116706666667,198.041622222222,70.8760460577778
369141583706,369142183188,599482,386.039801081081,214.866674054054,72.1814735275676
369142216309,369142532827,316518,460.940438,197.925264,72.8770794645
369142566096,369143332741,766645,498.283905531915,219.890711489362,73.8345438725532
369143366116,369143699710,333594,434.544874285714,204.912899047619,75.3504116709524
369143732746,369144232716,499970,598.994532258065,201.576232258065,75.0244587077419
369144266093,369145149315,883222,651.143805185185,212.537718518519,70.2308346866667
369145182870,369146516276,1333406,698.565616296296,198.015932345679,67.2932761158025
369146549214,369147482786,933572,755.156910526316,191.527860350877,67.1608146854386
369147515915,369147632612,116697,779.9946625,208.3533275,68.3805340525
369147665850,369148265845,599995,857.10661027027,182.298403783784,67.2905250113513
369148299263,369148715910,416647,848.735444615385,195.501482307692,67.9523117803846
369148749207,369148999301,250094,894.39422125,184.06907375,70.285544716875
369149165851,369149283015,117164,411.577365,246.61269,71.731026345
369149315903,369149599240,283337,327.302936666667,240.548845555556,73.046280665
369149632491,369149949078,316587,426.534332,224.166723,72.150991021
369149982816,369150315806,332990,518.713208571429,238.399884761905,71.7929772561905
369150349099,369150583330,234231,603.51144,232.264148,72.973263538
369150749060,369151149080,400020,599.7826752,236.4731368,70.915791714
369151183095,369151548937,365842,657.719136521739,234.85864,70.2503364382609
369151584111,369152099127,515016,724.43380125,226.6918475,70.230777611875
369152132373,369152748942,616569,775.468286842105,229.092991052632,70.7828628163158
369152782624,369153315659,533035,659.266870909091,224.359101212121,70.7411318375758
369153348992,369153548948,199956,619.567847692308,204.952078461538,71.9390106446154
369153583697,369153915683,331986,703.244954285714,208.007401904762,70.4535494604762
369153948826,369154448815,499989,821.882769677419,227.679123870968,68.5277644106452
369154482706,369154683371,200665,887.096295384615,202.660907692308,69.0922670730769
369154765481,369154915836,150355,412.461138,233.761984,72.125838425
369154948849,369155283044,334195,356.763818095238,248.23838,72.2517470895238
369155315537,369155832115,516578,436.530454375,258.8831375,72.6629350584375
369155865485,369156532149,666664,525.073467317073,264.574621463415,73.473726555122
369156565490,369156898814,333324,607.982353333333,267.697902857143,72.523284227619
369156932131,369157165479,233348,659.0423,273.989850666667,71.3872410333333
369157198840,369157782925,584085,574.330460555556,254.192615555556,69.309392695
369157815426,369158415440,600014,647.986613513514,258.785695135135,68.06270751
369158448715,369159248586,799871,729.319445714286,237.091276326531,66.8461949791837
369159284402,369160048565,764163,780.689134893617,233.308360851064,67.988166127234
369160083302,369160248569,165267,790.960085454545,250.893610909091,66.8293570154545
369160282889,369160465230,182341,738.956518333333,251.258948333333,67.0752367575
369160515410,369160665444,150034,667.006468,121.990244,69.102188314
369160698644,369160815512,116868,556.92181,99.2239675,68.9349115525
369160848583,369161298742,450159,423.115468571429,99.1156821428572,69.7087231475
369161431863,369161798554,366691,730.965126956522,145.663387826087,72.6413252752174
369161831853,369162165115,333262,776.513831428572,207.362593333333,70.6164091219048
369162198566,369162815294,616728,844.159941052632,224.619034210526,71.7995379810526
369162948457,369163198525,250068,393.7293775,261.66044375,75.530206803125
369163231749,369163848317,616568,375.88736631579,296.440744210526,80.5808499168421
369163883668,369164582364,698696,415.416264651163,287.242894883721,77.4170047172093
369164615418,369165048310,432892,502.021137777778,282.379995555556,75.8179691074074
369165083271,369165564975,481704,371.687196,277.669667333333,74.527825048
369165598393,369165998399,400006,339.8027152,269.1723768,73.4722219416
369166031626,369166315058,283432,455.506244444444,269.864432222222,73.8516077772222
369166348255,369167564855,1216600,518.263074864865,275.791333513514,75.0754589294595
369167598304,369168698274,1099970,589.604939402985,273.802685970149,71.1901251570149
369168731493,369169598193,866700,692.164678490566,279.255676226415,67.5837564901887
369169631495,369170598237,966742,786.686675932203,266.09481220339,69.6416550247458
369170631441,369171398036,766595,781.452045957447,244.717388510638,73.0334437431915
369171431368,369171798013,366645,853.685307826087,226.688396521739,73.2687205434783
369171831369,369172647962,816593,792.2641852,266.7304476,75.2573775314
369172682916,369172982946,300030,862.169533684211,248.2957,72.8512564931579
369173198105,369173531206,333101,532.8994,271.311647619048,76.8198657942857
369173564607,369173897909,333302,561.834202857143,264.285524761905,78.1963140271429
369173931241,369174297994,366753,646.381817391304,268.860525217391,75.9617099978261
369174331239,369174547831,216592,712.543224285714,261.947642857143,74.8101756392857
369174583383,369175064474,481091,824.886115333333,241.822677333333,78.9291971573333
369175097953,369175231240,133287,899.631113333333,238.475011111111,78.3112200566667
369175314545,369175614563,300018,395.356277894737,275.936175789474,81.7270524042105
369175647823,369176047825,400002,398.5609344,296.8837368,83.1021642584
369176081692,369176664497,582805,482.568516666667,305.181846111111,81.2846951127778
369176697788,369176997790,300002,619.460769473684,297.192883157895,81.6725956036842
369177031131,369177964370,933239,683.332765964912,285.431801052632,76.2668067291228
369178331003,369179114677,783674,836.5106375,286.982755416667,73.3638190375
369179147565,369179847568,700003,898.881262790698,283.563739069767,71.7320182797674
369179930983,369180047586,116603,419.227485,312.987285,77.37231380875
369180082406,369180747581,665175,373.663065365854,312.949806341463,75.2370974946341
369180784034,369181630867,846833,461.419566923077,318.252165384615,73.7272885903846
369181664220,369182480947,816727,562.894158,331.0316335,73.83558317425
369182514341,369184014371,1500030,607.551138461538,318.244027472527,72.9925486351648
369184047340,369185064249,1016909,688.979675483871,317.250267741935,73.1778660674194
369185097422,369185547319,449897,794.422172857143,318.560380714286,72.2539292275
369185583876,369186380729,796853,864.820408163265,302.704456734694,73.7230020055102
369186414205,369186514320,100115,908.593048571429,302.257085714286,76.8678270128571
369186583343,369186697274,113931,462.6060875,345.6326325,78.00501639
369186730671,369187480687,750016,388.573706956522,348.152916521739,84.3955467154348
369187514177,369187797289,283112,487.502291111111,343.008013333333,85.4932777661111
369187830503,369188363992,533489,525.566531515151,340.293038181818,83.9070115472727
369188447234,369188547074,99840,905.127412,365.039817,82.60597548
