"start","end","dur","x","y","pupil"
349117087899,349117170961,83062,756.86694,515.511822857143,137.753585642857
349117270945,349117391080,120135,442.14208,120.6589125,140.8483791275
349117437696,349117670940,233244,355.513149333333,117.707805333333,136.001030654
349117704724,349117970945,266221,370.411574117647,69.7540517647059,132.888496784118
349118054270,349118354275,300005,470.133035789474,80.5766042105263,141.087311011053
349118391974,349118491818,99844,428.247751428571,80.1579685714286,141.277929457143
349118554263,349118654285,100022,439.49814,86.6374171428571,146.34024612
349118804222,349118921232,117010,388.230815,72.22534,143.73554310625
349118954143,349119191920,237777,374.301472,80.8664546666667,142.063864013333
349119254563,349119370930,116367,468.85612,74.062245,136.77393676
349119404240,349119688923,284683,476.089468888889,52.5810577777778,131.98218459
349119788004,349119904260,116256,521.757995,80.8060175,129.183664835
349119937567,349120054144,116577,538.7866975,84.4866325,128.23490832875
349120120879,349120220887,100008,616.59302,68.1633142857143,128.226288872857
349120292046,349120421146,129100,694.417502222222,62.3314066666667,125.879813987778
349120490719,349120720881,230162,809.431989333333,66.5081306666667,127.838482784667
349120754168,349120854149,99981,817.48106,64.58978,125.224597235714
349120905104,349121020896,115792,701.860485,77.903095,129.921708745
349121121093,349121304102,183009,527.462023333333,141.388116666667,136.249882738333
349121337482,349121437444,99962,583.625417142857,143.234645714286,139.346435488571
349121587533,349121770863,183330,352.15569,153.647055,144.835659370833
349121821107,349121937447,116340,410.2907875,148.3277425,147.631556545
349122220807,349122437465,216658,467.19732,185.256305714286,141.782122717857
349122487597,349122689024,201427,538.109583076923,180.805746153846,141.225100986154
349122720723,349122893168,172445,580.35758,171.480374545455,139.582923904545
349122954012,349123087479,133467,664.392188888889,176.665955555556,139.206256794444
349123120908,349123254079,133171,684.734106666667,184.051468888889,135.08768436
349123320910,349123491718,170808,754.511687272727,196.754345454545,140.142737509091
349123537317,349123637337,100020,816.092637142857,192.937354285714,139.610548738571
349123670697,349123853882,183185,835.576853333333,192.557715,144.789763849167
349123904035,349124004682,100647,904.23472,189.393525714286,145.519492101429
349124037325,349124153901,116576,916.270445,184.95034,149.3857462075
349124270687,349124487491,216804,378.32151,213.267584285714,152.282189302143
349124603986,349124770588,166602,469.457132727273,218.396130909091,154.724705871818
349124870575,349125053901,183326,562.697303333333,242.38711,152.013356944167
349125087453,349125253958,166505,591.901778181818,234.46656,149.378222703636
349125353903,349125453888,99985,638.23256,216.630528571429,121.730191714286
349125492389,349125637177,144788,664.41549,207.371098,137.48942843
349126193530,349126291016,97486,661.937548571429,181.171751428571,129.773337722857
349126320920,349126437220,116300,664.0932925,197.3653875,126.49815088875
349126553758,349126770558,216800,827.388927142857,215.897235714286,122.992246862857
349126803862,349127037218,233356,845.888618666667,207.418613333333,126.572902652667
349127070570,349127253840,183270,850.099135,193.929546666667,125.43850724
349127353777,349127520540,166763,822.267403636364,188.174838181818,124.040264257273
349127553779,349127803859,250080,859.40801625,192.0048625,126.520894488125
349127837221,349128189044,351823,875.189581818182,195.813166363636,125.306073655909
349128303983,349128453804,149821,907.739174,181.177508,121.301520474
349128537084,349128653830,116746,928.9310775,179.0677525,116.55849598
349128803787,349129053644,249857,366.03625125,209.80025875,122.25971628125
349129103798,349129237116,133318,414.972413333333,211.974242222222,122.273255221111
349129303748,349129420517,116769,466.84333,212.526695,114.82215294125
349129453648,349129637058,183410,482.51951,212.465321666667,118.394715411667
349129670446,349129937049,266603,476.579787058824,220.870355294118,122.323754990588
349129970316,349130070300,99984,466.296251428571,221.952622857143,119.802748
349130103750,349130203811,100061,497.796897142857,215.404491428571,118.145660325714
349130253693,349130570308,316615,563.759537,207.03555,123.2945271975
349130603844,349130736947,133103,601.354817777778,218.179904444444,119.316755208889
349130890789,349131188882,298093,693.435053684211,223.749545263158,121.065954286842
349131220383,349131370316,149933,742.88322,217.622454,117.827266459
349131436938,349131587046,150108,796.315488,212.713168,120.404500576
349131653541,349131753554,100013,836.873871428572,212.778462857143,120.545065437143
349131803594,349131903588,99994,874.839874285714,211.392668571429,124.506075328571
349131936961,349132053522,116561,908.6803275,203.2933975,125.01193634375
349132188988,349132320377,131389,379.560055555556,227.554604444444,131.80951621
349132353523,349132689714,336191,373.495367619048,242.145900952381,131.770587318571
349132736957,349132953529,216572,433.877485714286,263.073535714286,142.766340055714
349133003726,349133136918,133192,489.544231111111,271.879717777778,144.362170156667
349133236810,349133336827,100017,525.887922857143,246.0354,126.66873582
349133370200,349133536793,166593,543.480176363636,226.544603636364,129.428977170909
349133570202,349133688864,118662,570.6440725,244.91929,120.33390558625
349133720519,349133891021,170502,599.00784,247.973229090909,118.965188775455
349133953403,349134153413,200010,696.120427692308,246.276967692308,121.797523626154
349134220453,349134420418,199965,773.071589230769,248.101546153846,120.704445368462
349134586936,349134720372,133436,848.109144444444,230.747426666667,120.762745446667
349134770052,349134894527,124475,900.3517275,217.74002,117.284658935
349134920251,349135020217,99966,926.882902857143,211.616477142857,114.802679748571
349135253434,349135403550,150116,369.839404,236.260124,125.78039848
349135436796,349135536701,99905,389.194471428571,234.435868571429,132.484222598571
349135570053,349135736679,166626,409.439101818182,235.459885454545,130.009661336364
349135770175,349136003526,233351,435.516858666667,239.120194666667,129.571842872
349136136690,349136253438,116748,372.2876425,250.5082425,137.39430366625
349136320255,349136420380,100125,421.020205714286,282.404548571429,146.144792851429
349136491769,349136586816,95047,445.4584825,257.6069775,84.21247462
349136620284,349136753286,133002,471.761975555556,252.085624444444,134.359241363333
349136781181,349136986883,205702,524.374998571429,256.813515714286,132.082023769286
349137070058,349137303476,233418,606.324568,255.63772,128.804724542
349137336759,349137469930,133171,641.260453333333,259.108828888889,122.101074564444
349137536685,349137820157,283472,717.480916666667,255.763706666667,121.437757427778
349137853270,349138169944,316674,700.474538,250.71173,119.5517728215
349138203378,349138403966,200588,700.532832307692,252.734776923077,119.714236903077
349138453265,349138586689,133424,749.167726666667,257.880475555556,121.308598288889
349138620127,349138836593,216466,756.688717142857,255.265802857143,114.425695101429
349138869926,349139093675,223749,748.932004285714,262.159541428571,119.208993087857
349139153143,349139420013,266870,812.676796470588,255.671245882353,121.056678948824
349139492040,349139769820,277780,881.193291111111,240.317723333333,125.166246228889
349139803281,349140119966,316685,888.010428,252.549366,126.53213277
349140353144,349140453169,100025,905.052171428572,237.698777142857,125.49245381
349140553166,349140703242,150076,874.592014,242.21536,124.682726262
349140803217,349140953170,149953,913.731478,248.415236,127.01815922
349141203141,349141503118,299977,377.374532631579,265.397795789474,127.516272606842
349141536448,349141688810,152362,441.211918,271.04549,115.238798862
349141719883,349141919889,200006,438.016843076923,265.297223076923,118.586042051538
349141953022,349142104071,151049,391.52018,256.136994,115.561482712
349142369689,349142553073,183384,566.40048,285.584606666667,120.756223638333
349142586677,349142692192,105515,600.1222,297.461731428571,121.431460541429
349142719880,349142836459,116579,656.254265,299.0643925,119.686262175
349142869681,349143003130,133449,695.759175555556,292.868517777778,114.962732685556
349143136338,349143291608,155270,774.052036,286.276398,114.588538615
349143336321,349143469700,133379,825.902008888889,275.651626666667,113.788002241111
349143536328,349143803153,266825,888.741328235294,268.288676470588,113.847331103529
349143836341,349144069691,233350,901.786489333333,276.162952,110.407328627333
349144105162,349144203073,97911,917.632274285714,293.08846,109.70946459
349144302972,349144403292,100320,445.815274285714,311.194734285714,120.924735728571
349144519916,349144619893,99977,379.576845714286,275.519062857143,119.644242158571
349145369558,349145469560,100002,889.253662857143,224.536242857143,126.318347591429
349145503016,349145686361,183345,891.772823333333,216.224661666667,128.669663025833
349145719771,349146152923,433152,929.844751851852,210.542656296296,131.393937822593
349146390014,349146636248,246234,371.47438625,251.182835,140.061584348125
349146669566,349146819654,150088,372.62744,260.64363,135.665745112
349146852806,349147119815,267009,416.835109411765,263.295364705882,134.111190053529
349147152774,349147536217,383443,377.8402825,251.747166666667,132.270724160417
349147569440,349147791599,222159,384.710572857143,244.335712857143,130.860071095
349147819597,349147969430,149833,428.361928,251.494804,130.753653805
349148036217,349148152784,116567,480.845055,257.596665,133.8672488875
349148202877,349148336094,133217,534.802546666667,259.299268888889,132.646751601111
349148369452,349148591485,222033,567.848397142857,263.467247142857,132.845478630714
349148619605,349148936141,316536,614.496702,259.96419,132.6171897965
349149002757,349149136090,133333,673.206217777778,244.027408888889,129.022374602222
349149169445,349149552655,383210,666.70409,256.441075833333,128.22916080875
349149602751,349149769317,166566,754.534821818182,254.377936363636,127.596371361818
349149802740,349150069322,266582,766.9738,266.533705882353,127.803990438235
349150102790,349150219554,116764,721.6483825,265.0463825,127.3939597775
349150252707,349150452658,199951,698.712912307692,266.694703076923,127.706835875385
349150502735,349150669312,166577,770.177032727273,265.805301818182,126.572501322727
349150719537,349150869321,149784,822.809462,264.161212,125.298475158
349150902719,349151002676,99957,840.06458,257.80528,123.797409514286
349151035948,349151269317,233369,886.992609333333,264.678172,121.462637893333
349151319394,349151552554,233160,946.416813333333,256.602329333333,119.048867198667
349151791669,349151919390,127721,362.761191111111,277.171868888889,124.805340372222
349151952523,349152119457,166934,378.962716363636,265.181287272727,125.186408046364
349152152526,349152269223,116697,417.61568,267.93919,125.88788406625
349152369179,349152552523,183344,505.846735,253.409426666667,123.612636554167
349152692152,349152969192,277040,599.677447777778,274.059983333333,125.161680303889
349153052528,349153319473,266945,721.618601176471,276.144372941176,123.296042581176
349153402674,349153602798,200124,763.770943076923,282.665623076923,123.795918255385
349153635805,349153752529,116724,796.25566,285.19947,127.27117570375
349153791781,349153935809,144028,813.335594,292.601292,126.607600419
349153969195,349154235833,266638,862.974423529412,275.542917647059,127.123732702353
349154269187,349154369191,100004,891.192468571429,276.756528571429,123.079912988571
349154402475,349154502494,100019,911.711348571429,270.762151428571,123.226947354286
349154602532,349154819205,216673,387.527998571429,285.168324285714,131.698292861429
349154893659,349155002463,108804,385.95241,297.0153775,129.63188495375
349155091192,349155202508,111316,432.1819,304.430085,135.60604731875
349155235926,349155469073,233147,458.747637333333,299.057464,135.739623103333
349155535811,349155669086,133275,513.658386666667,306.472206666667,138.082121026667
349155702499,349155835695,133196,547.720646666667,302.623457777778,130.827820418889
349155869064,349156019166,150102,576.21644,303.136934,134.048166721
349156069055,349156192165,123110,637.33786,295.8990925,134.761982125
349156219156,349156369057,149901,651.661666,298.286788,131.217670532
349156403420,349156602370,198950,691.350929230769,284.140566153846,130.86116249
349156669077,349156835703,166626,758.692769090909,304.015372727273,126.679046593636
349156869047,349157019147,150100,803.801354,302.303196,126.153700976
349157085898,349157268968,183070,882.476525,304.849983333333,123.420209680833
349157302352,349157402346,99994,915.217937142857,290.3599,120.871707948571
349157619009,349157735696,116687,395.5150025,304.9487375,128.16085751125
349157768954,349157935690,166736,378.1496,307.828490909091,125.033145732727
349157968961,349158085789,116828,454.9297025,310.623465,123.43618512125
349158135587,349158268948,133361,494.417413333333,317.72704,124.850105755556
349158435633,349158652271,216638,402.292757142857,303.961418571429,124.876117388571
349158685742,349158868936,183194,364.764836666667,300.459673333333,127.614075288333
349158903424,349159019005,115581,421.686235,309.51044,132.35062049875
349159052178,349159152149,99971,440.36182,315.807,133.026113611429
349159191664,349159452151,260487,497.42248,312.787952941176,136.947743877059
349159502292,349159602275,99983,555.339094285714,320.048868571429,135.834521455714
349159635554,349159785789,150235,568.755512,328.644284,137.447491694
349159818966,349159952148,133182,600.280515555556,314.193313333333,139.806775686667
349159991867,349160118896,127029,648.18898,321.581564444444,136.698311546667
349160202229,349160419023,216794,729.930585714286,314.980151428571,133.186102947143
349160491512,349160702149,210637,789.946015714286,316.2505,129.080438817857
349160752140,349160892538,140398,893.883604444444,311.639604444445,124.037355166667
349161068855,349161318953,250098,389.42862,323.0533525,128.861146515625
349161391270,349161502126,110856,476.3385475,324.45638,127.71232598375
349161591359,349161752031,160672,539.239147272727,323.11444,124.994683179091
349161868804,349162052044,183240,590.03848,335.430208333333,124.71094212
349162091505,349162218891,127386,608.044086666667,340.636657777778,123.666157541111
349162268711,349162635473,366762,685.92797826087,331.29241826087,125.431600990435
349162689788,349162835490,145702,735.075142,342.86326,128.068209644
349162868697,349162968699,100002,749.117217142857,342.389485714286,127.465896322857
349163035511,349163135348,99837,794.085434285714,335.060205714286,130.479457005714
349163168695,349163318940,150245,825.558074,332.878444,130.975727309
349163352024,349163535325,183301,875.961748333333,329.507801666667,131.276732893333
349163568720,349163735322,166602,908.972072727273,322.093554545455,131.13513318
349163951923,349164151909,199986,391.952604615385,340.479686153846,135.816376233077
349164188855,349164351894,163039,369.565145454545,341.672,131.6626531
349164392746,349164551894,159148,421.837494545455,342.517650909091,125.455262197273
349164585443,349164751908,166465,425.355789090909,320.466476363636,123.306315221818
349164792683,349165002027,209344,465.388867142857,338.331862857143,123.592452903571
349165068595,349165192682,124087,532.409805,354.8897175,123.85853067125
349165251967,349165618649,366682,602.514637391304,363.324199130435,123.625381566087
349165689477,349165818645,129168,664.593906666667,364.026797777778,121.53536661
349165901988,349166051908,149920,721.788456,384.180036,118.196978979
349166091124,349166185334,94210,758.430331428571,391.136957142857,116.136778552857
349166218870,349166402004,183134,775.41733,386.245896666667,113.403354556667
349166451775,349166651786,200011,852.330427692308,386.355583076923,122.490791358462
349166768561,349166901960,133399,905.601048888889,369.933,136.523354534444
349167185427,349167335218,149791,919.027008,405.54058,145.190859631
349167368461,349167468450,99989,911.388766896552,428.382204827586,148.150807884286
