"start","end","dur","x","y","pupil"
354907582562,354907982439,399877,663.519105,465.0257275,88.8136040484615
354908015760,354908149042,133282,628.819537777778,260.092186666667,88.4204484344445
354908215736,354908349071,133335,448.929302222222,121.560364444444,87.1381303722222
354908382432,354908832375,449943,385.939294285714,123.809328571429,83.4883891175
354908865643,354909349096,483453,381.325908,92.0518613333333,81.1318142893333
354909382317,354909915864,533547,441.143382352941,134.589230588235,83.0661159170588
354909948939,354910148913,199974,448.601055384615,42.3937523076923,81.1015998169231
354910182312,354910348933,166621,406.272152727273,36.2761,80.7565984254546
354910382297,354910632614,250317,542.8130075,40.21472,83.246745216875
354910665504,354911105652,440148,644.832062222222,30.1923955555556,80.1914000514815
354911132497,354911399166,266669,616.410836470588,33.7037258823529,80.2853326323529
354911432383,354911882173,449790,737.393419285714,5.83287571428571,78.8182853625
354911915592,354912265523,349931,802.499735454546,15.0067763636364,80.3457898727273
354912299050,354912698899,399849,858.1796648,28.3512128,79.6552684596
354912782187,354912915483,133296,394.845046666667,94.5521111111111,85.1695063455556
354912948809,354914465415,1516606,372.34138,144.192861956522,84.3045915226087
354914500290,354915215525,715235,466.387095,137.716184545455,84.9377700979545
354915248688,354915682056,433368,523.41158,141.119231111111,83.6085903025926
354915715459,354916215363,499904,594.738763870968,98.4307935483871,81.6017964329032
354916248700,354917104592,855892,683.191941538462,98.9449215384615,80.1269178273077
354917132346,354917565305,432959,778.243045925926,101.318665185185,80.4478319140741
354917605767,354918465169,859402,809.645240754717,116.111873207547,79.1088190145283
354918500071,354918765130,265059,728.892594117647,116.400445882353,83.4883569747059
354918798790,354920081797,1283007,821.058943589744,114.686479230769,83.196194438718
354920116279,354920781812,665533,880.609277560976,107.888756097561,83.9305997431707
354920881887,354922381682,1499795,390.029718461538,156.622177582418,85.2478511468132
354922415196,354924305334,1890138,381.933158070175,164.786695438596,85.1922474342983
354924331839,354926781434,2449595,444.030790945946,156.757139189189,82.4883023325
354926814929,354927748088,933159,505.769831578947,136.730707017544,81.8456042589474
354927781436,354928464661,683225,584.884346190476,120.949368095238,79.96958568
354928505935,354929764645,1258710,653.013356103896,151.718468831169,76.6672285518182
354929805357,354930731568,926211,744.488537192982,136.59103754386,77.6826715457895
354930764511,354931915604,1151093,811.230907714286,139.63685,76.7364958937143
354931947925,354932914527,966602,867.313319661017,154.730482033898,77.7545410164407
354932947800,354933081187,133387,910.620888888889,161.558542222222,77.6219150511111
354933164393,354933364377,199984,408.615938461538,173.39498,82.6501307476923
354933405207,354934081068,675861,394.236238095238,213.976327619048,81.9687786364286
354934114505,354934481064,366559,461.510097391304,195.16497826087,79.2012266752174
354934604917,354935104920,500003,506.456255483871,168.258596129032,81.8145449948387
354935131296,354936647668,1516372,518.696268043478,174.385603695652,80.7313765219565
354936680936,354937905426,1224490,558.350974594595,156.36213,78.5501220727027
354937931223,354938798226,867003,652.945736981132,161.401980754717,76.9963950822642
354938831131,354939847723,1016592,736.770668064516,148.257811935484,72.6603596374194
354939880818,354940414357,533539,831.62346,138.952952727273,72.3424684787879
354940447453,354941904352,1456899,891.176468409091,144.879192954545,74.5309962395455
354942047452,354942180703,133251,568.630675555556,172.054511111111,77.6952594688889
354942230893,354942414021,183128,395.30571,185.83331,78.2037285216667
354942447309,354943316205,868896,388.56342754717,207.711009433962,79.7088943801887
354943347332,354943914538,567206,457.145924,202.624585714286,79.6163514525714
354943947305,354944113983,166678,532.137425454545,204.591514545455,79.2093632136364
354944147302,354944830852,683550,588.499234761905,186.042572857143,80.5619847959524
354944863899,354945613864,749965,700.103977391304,175.012949565217,77.1538005452174
354945647242,354946463787,816545,793.5167536,174.1607272,78.078367638
354946500394,354947730477,1230083,883.339244266667,179.404777333333,75.7470589205333
354947763775,354947880434,116659,738.2708525,190.25238,73.69540923125
354947947091,354948263648,316557,372.131928,211.268585,77.0408446925
354948306441,354948914317,607876,408.419064736842,215.250895263158,75.3997988402632
354948947078,354949913742,966664,469.904533220339,210.544881016949,75.9117880650847
354949946940,354950546956,600016,533.652184864865,196.433748648649,76.3380356416216
354950580311,354951730469,1150158,614.088513714286,202.770795714286,76.1396177378571
354951763510,354951980191,216681,698.808755714286,194.038522857143,75.0025195542857
354952013642,354952546840,533198,758.911025454545,168.876351515152,75.1988621581818
354952580191,354953000415,420224,858.956213076923,175.623286923077,77.9316744130769
354953114228,354953230236,116008,462.4462025,227.28765,79.74265022375
354953263411,354954146826,883415,383.55427,229.247715185185,79.5064748411111
354954230373,354954480063,249690,891.79145125,176.77176625,78.0054130625
354954563540,354955180050,616510,416.737570526316,235.392068947368,81.0785301836842
354955213521,354956063293,849772,498.300045769231,230.701018076923,78.7795334
354956104890,354956863267,758377,592.64268,236.215114736842,78.7965299142105
354956896860,354957463299,566439,693.595084571429,219.7388,77.8846286888571
354957496674,354957946584,449910,759.756895714286,193.076087142857,74.7217744321429
354957979937,354959063158,1083221,825.283444242424,219.171276969697,76.8981699551515
354959105012,354960013274,908262,887.674029642857,212.739708571429,75.4811752328571
354960063134,354960196527,133393,649.574506666667,223.964951111111,77.2864961044444
354960263137,354960713093,449956,382.181954285714,253.277978571429,78.1956090453571
354960746449,354961613110,866661,455.105268301887,265.022226415094,78.848833749434
354961646442,354962563048,916606,534.784723214286,252.573985357143,78.5077169996429
354962604763,354963529878,925115,616.536418245614,240.62497122807,76.8142572414035
354963562903,354964229776,666873,743.235837560976,243.322129756098,77.4933589929268
354964262897,354965029765,766868,848.715606808511,226.016791489362,77.258304437234
354965062928,354965846212,783284,903.6695825,209.023080833333,78.7955179210417
354965879563,354966014745,135182,782.397982222222,234.087335555556,79.55254539
354966079566,354966212913,133347,437.77036,245.379755555556,84.2880177744444
354966246214,354966729762,483548,373.741972666667,273.273796,82.8801380776667
354966762761,354968512789,1750028,466.504916037736,278.269696415094,78.7037022633962
354968546091,354969462688,916597,530.961586785714,267.59852,79.0423458417857
354969500122,354970045956,545834,608.841684117647,272.516991176471,78.7862085270588
354970079320,354970912612,833292,676.781419607843,265.841156078431,76.3584541143137
354970945946,354971507974,562028,775.00286,247.875384705882,72.7307824167647
354971529358,354972262561,733203,844.917772,255.951508444444,77.1179638235556
354972297572,354972429478,131906,870.092815555556,241.759248888889,76.9451831644444
354972500812,354972629262,128450,474.468837777778,271.845128888889,80.9952393488889
354972662510,354973362421,699911,391.564515813954,305.438189302326,79.451799327907
354973405257,354973779195,373938,499.2359975,312.486506666667,80.6668162495833
354973812551,354974329363,516812,546.354478125,297.23133625,79.378007428125
354974362400,354974862391,499991,645.386215483871,277.669258064516,77.7520813054839
354974912519,354975262387,349868,790.952998181818,270.583823636364,73.7696228618182
354975305195,354976262271,957076,804.950926440678,266.734962033898,78.0857876289831
354976295783,354976812410,516627,881.834508125,257.93399,79.54101096
354976895769,354977000768,104999,428.42202,302.980534285714,81.5875915928572
354977029150,354977729051,699901,398.0082,329.214466976744,83.8830937544186
354977762268,354978729217,966949,453.367036271186,319.624018983051,81.6261017369492
354978762156,354979428857,666701,546.483197073171,294.319175609756,82.6648859878049
354979462202,354980104558,642356,638.250545128205,306.044936923077,83.8288037253846
354980129087,354980545485,416398,714.415234615385,283.746623076923,84.0048026711538
354980578823,354981145510,566687,804.632632571429,284.498702857143,84.832426418
354981178818,354981728994,550176,859.461589411765,299.795751176471,87.9712918552941
354981762012,354981928956,166944,802.332429090909,296.139081818182,86.83306896
354981962014,354982203806,241792,927.578188235294,281.202744705882,88.1991613964706
354982278689,354982728952,450263,371.364341428571,316.094755714286,87.2333768385714
354982762026,354983328735,566709,397.724545714286,338.968926285714,86.2091039562857
354983361963,354984297698,935735,488.912206666667,349.302250526316,83.0992658561403
354984328779,354984978565,649786,524.4508445,325.2533365,84.53820286775
354985311956,354986297311,985355,656.204144,349.89654,83.7616129461667
354986328732,354987378440,1049708,721.5251665625,332.8440775,78.4077836142188
354987411985,354988411785,999800,803.027916393443,315.693625245902,76.6416186742623
354988445094,354989195586,750492,887.937337391304,302.360287826087,79.0804469202174
354989278324,354989461683,183359,385.484983333333,345.108333333333,84.0081247858333
354989506017,354989895132,389115,405.9650504,354.2481096,82.8050794556
354989928521,354990528452,599931,474.941949189189,359.598252972973,82.9275742697297
354990561640,354990995161,433521,562.796439259259,349.727772592593,84.95555447
354991028503,354991678208,649705,662.341651515152,344.234681818182,87.1210935175758
354991712442,354991978183,265741,706.116162352941,347.910018823529,89.1532773823529
354992011805,354993044847,1033042,820.643234920635,343.775511111111,85.317449975873
354993078198,354993861406,783208,894.119769583333,334.271726666667,85.09300375
354993944839,354994528103,583264,369.466980555556,373.324243888889,87.1712425222222
354994612198,354994711567,99369,557.853518181818,136.903550909091,84.76491736
