"start","end","dur","x","y","pupil"
20099726807,20100110311,383504,593.504069565217,265.537933043478,169.684457738
20100326782,20100510305,183523,374.756086666667,48.7276316666667,162.853897085833
20100543357,20100760030,216673,323.78885,130.789775714286,159.348301970714
20100793567,20101059998,266431,409.263163529412,149.159323529412,157.903166102353
20101110044,20101226661,116617,382.6913475,-26.4362,156.2278673825
20101260035,20101460067,200032,340.788804615385,-54.7631307692308,155.527390815385
20101493339,20101610057,116718,540.820365,-42.8033875,155.25540413125
20101643242,20102043228,399986,635.024507692308,-10.7651569230769,160.757367817308
20102194211,20102380950,186739,394.294935,15.3531883333333,166.54269519
20102410117,20102559896,149779,366.308392,-7.526602,166.229868086
20102593320,20102726668,133348,524.78832,-14.3592288888889,166.202130387778
20102782690,20103159895,377205,335.018655833333,51.508165,166.297771152083
20103193314,20103393299,199985,308.354646153846,49.4393507692308,164.860155809231
20103426533,20103843110,416577,420.997678461538,77.88819,163.726075577308
20103881729,20104280893,399164,393.6069704,34.5670496,164.2386947592
20104309959,20104959774,649815,504.5423465,78.572247,170.745824418
20104993178,20105482404,489226,566.880572666667,89.246666,175.255012209333
20105509824,20106126409,616585,684.893103684211,115.479345263158,167.639091696053
20106159787,20106909839,750052,635.40902,92.9317056521739,168.036223566087
20106942973,20108326276,1383303,695.885679047619,116.379139761905,177.589773679524
20108359662,20108842866,483204,790.162019333333,106.979306666667,176.398523795667
20108882373,20109881585,999212,839.062356065574,113.870211803279,172.063617016721
20109909796,20110526161,616365,905.242215263158,151.432735789474,173.017962373947
20110609569,20111609795,1000226,368.794119672131,123.417451803279,183.508044625246
20111642762,20112409481,766719,391.039161666667,79.0685995833333,168.300112504792
20112442730,20112759403,316673,424.450007,111.883934,178.099138646
20112792815,20113442738,649923,367.020647777778,52.6581155555556,182.733836720556
20113482501,20113692706,210205,392.065144285714,112.738687142857,188.418059311429
20113726029,20114026015,299986,454.847890526316,159.396057894737,187.489941859474
20114059401,20114542587,483186,515.003442666667,132.412082,171.690294807333
20115692771,20116042481,349710,524.505848181818,64.2712172727273,171.073612522727
20116078175,20116592663,514488,428.01956125,42.07859375,183.77354349625
20116693881,20116981872,287991,491.260445555556,106.290586666667,180.19901637
20117009202,20117242484,233282,569.801932,92.0046213333333,179.936411538667
20117309203,20117509204,200001,834.610164615385,95.1602246153846,172.879346091538
20117625913,20117759155,133242,718.948106666667,129.928057777778,174.666830581111
20117793651,20118159151,365500,631.220960869565,146.355510434783,173.905760354348
20118193754,20118642416,448662,641.97093,122.674407142857,169.204755946786
20118681513,20118909310,227797,723.323774666667,106.173926666667,165.337252932667
20118942363,20119359018,416655,817.830022307692,102.332228461538,161.273698410769
20119394916,20119509093,114177,877.8627525,113.102255,158.25221886875
20119581951,20119709103,127152,371.860208888889,126.820633333333,168.839496975556
20119742368,20120342377,600009,396.58185945946,99.6534481081081,164.436728519189
20120381510,20120893421,511911,415.554401875,84.5384175,162.537489882188
20120925682,20121084583,158901,353.613,67.075892,162.017316496
20121109285,20121309172,199887,537.225229230769,96.3328215384615,164.466252733846
20121342220,20121781337,439117,601.622262222222,114.722145925926,163.704137068148
20121809192,20122325667,516475,679.248171875,118.476409375,157.698644118437
20122358906,20122825587,466681,773.538991724138,108.789302068966,155.465405606207
20122858905,20123342257,483352,818.416978,120.495877333333,155.989590271333
20123382696,20123975657,592961,886.519453513514,122.220651351351,157.770224201081
20124058910,20124482280,423370,356.672956153846,126.204413076923,162.600889811154
20124509059,20124925540,416481,436.296383076923,101.534803076923,157.596899185
20124958781,20125292215,333434,545.428322857143,115.251008571429,157.792377126667
20125325420,20125708824,383404,593.4483675,146.004299166667,159.487915184583
20125742108,20126208843,466735,668.447937931035,144.943748965517,154.505787568621
20126241976,20126425404,183428,740.524978333333,132.390326666667,160.935340438333
20126458770,20126792129,333359,845.64382952381,133.641000952381,157.884327261429
20126882230,20127209464,327234,369.185567619048,142.64836952381,161.137210808095
20127241991,20127541976,299985,379.044412631579,132.708651578947,157.333602048421
20127581922,20127842088,260166,465.630021176471,120.552548235294,159.152576311176
20127882725,20128158653,275928,552.211383333333,148.292916666667,163.137767925
20128192928,20128808823,615895,578.945060526316,161.572926842105,166.278297379737
20128878456,20129041840,163384,640.232605454545,190.747790909091,169.165747220909
20129081503,20129741851,660348,687.691882926829,163.044857560976,174.176181960976
20129782043,20130025142,243099,750.4545775,161.01343,168.720479204375
20130058533,20130591964,533431,854.474376969697,184.840662424242,166.047352252727
20130681532,20130858527,176995,390.412895,196.145533333333,172.351135895833
20130891874,20131125196,233322,353.529746666667,170.029464,171.426508897333
20131158538,20131858411,699873,428.60068744186,179.816036744186,173.78840655093
20131891959,20132280778,388819,556.42044,208.846009166667,173.78660804375
20132308584,20132692292,383708,649.852225833333,209.167428333333,173.017619292083
20132725034,20133141719,416685,737.533446153846,217.38424,174.599644141923
20133182415,20134183062,1000647,777.221825245902,217.52721442623,169.86945099918
20134209827,20134641743,431916,854.268542222222,210.702185925926,171.830543058889
20134725059,20134892955,167896,372.317790909091,191.48038,179.633790667273
20134941645,20135041586,99941,306.968108571429,281.785785714286,175.133272108571
20135081562,20135182070,100508,334.435985714286,159.994402857143,174.390228101429
20135208512,20135558296,349784,431.68538,196.384904545455,176.399431374545
20135591735,20135858280,266545,366.566456470588,148.490041176471,180.176602468824
20135924878,20136241487,316609,394.067317,189.824916,175.782320461
20136280748,20136624902,344154,478.30381,189.31141,179.586190151818
20136658203,20138078252,1420049,501.527043023256,215.844631395349,171.829925127326
20138108364,20138624968,516604,592.50938375,214.987243125,167.2300452075
20138658150,20139341366,683216,699.32098952381,212.945746190476,166.19953830619
20139382423,20139982341,599918,639.109367567568,217.265164864865,163.393978631081
20140008140,20140558030,549890,729.845571176471,221.721106470588,161.018218605588
20140591446,20141191309,599863,559.025797297297,212.880882162162,160.176745886486
20141224671,20142357903,1133232,498.800532753623,212.967525797101,155.404617227536
20142508362,20142893993,385631,713.704138333333,229.6235375,157.388059420833
20142924551,20143091268,166717,747.813587272727,192.165803636364,167.229174053636
20143124541,20143308103,183562,786.13337,125.723798333333,165.3332478175
20143341109,20143541108,199999,751.654695384615,207.094693846154,166.801298692308
20143578257,20143883753,305496,837.1493,200.912584210526,166.408082817368
20143908144,20144257784,349640,893.224256363636,249.448834545455,169.494786563182
20144341136,20144524545,183409,390.242331666667,330.151606666667,180.6716493525
20144557779,20144757781,200002,351.286303076923,289.209953846154,176.433072847692
20144791248,20145841032,1049784,431.2832584375,255.197691875,167.55508328625
20145881900,20146182382,300482,524.666316363636,213.903890909091,155.020987050909
20146307848,20146507877,200029,606.823467692308,274.61294,163.156311940769
20146540963,20146640987,100024,636.557891428571,241.540062857143,162.508058951429
20146707894,20146907774,199880,654.771601538462,241.784450769231,162.642050202308
20146940961,20147657648,716687,677.180310454546,274.653699090909,170.439237679091
20147691549,20148091896,400347,754.421492,290.1403664,176.9066992612
20148124376,20148424330,299954,797.071417894737,289.688854736842,177.056582526842
20148457656,20149207675,750019,874.60257826087,288.90554,173.829501676522
20149291840,20149840873,549033,392.00162,293.432935294118,175.906460036471
20149881385,20150124168,242783,490.51151125,299.49008875,170.467421120625
20150157533,20150578224,420691,418.978662307692,261.302171538462,169.370574718846
20150607561,20151090830,483269,466.813635333333,283.513039333333,168.208131434
20151124226,20151791174,666948,567.979069268293,300.768808780488,160.452171268537
20151824139,20152390838,566699,661.372402285714,289.084370285714,159.787541285143
20152424032,20153157410,733378,758.768640444444,308.360705777778,167.340300678667
20153190711,20154193825,1003114,832.841225573771,306.65705704918,169.014955558689
20154340637,20154578271,237634,386.994612,356.874657333333,174.764595544667
20154607307,20154957289,349982,445.430576363636,288.702526363636,172.896022342727
20154991943,20155207426,215483,535.064911428571,304.167144285714,170.257155105
20155240591,20155490884,250293,553.08623875,299.77428125,167.644155388125
20155657279,20156657153,999874,618.022006229508,305.287466885246,162.093646464918
20156693142,20157123923,430781,683.193763703704,305.421599259259,153.238188137778
20157157147,20158407411,1250264,805.890577631579,311.363481842105,160.395089819474
20158440369,20159023794,583425,885.959045555556,304.316351111111,165.451346901667
20159090884,20159240337,149453,408.790634,321.334644,175.633210682
20159274105,20160140344,866239,390.258185660377,292.795090566038,172.429306051887
20160182713,20160790449,607736,509.531061578947,301.08498,172.214936911579
20160823703,20161207256,383553,582.6899425,323.7723575,170.568669328333
20161240215,20161590363,350148,571.097506363636,342.655957272727,165.758759382727
20161623674,20162007147,383473,666.471741666667,335.728141666667,159.74731438375
20162040235,20162856912,816677,711.4969664,358.3319756,165.0219663936
20162890931,20163090246,199315,787.966227692308,347.653190769231,173.774810501538
20163123547,20163623544,499997,862.751542580645,337.843557419355,169.177952289677
20163690186,20163990291,300105,396.873962105263,325.358823157895,176.686101823158
20164023592,20164194076,170484,389.574038181818,318.761807272727,173.675835618182
20164223531,20164506970,283439,476.525737777778,320.046298888889,166.906376362222
20164540090,20165084548,544458,530.772687878788,316.910535757576,167.140275001515
20165106940,20166039981,933041,632.810416491228,354.645527368421,167.614677387018
20166206869,20166556654,349785,626.503790909091,360.440838181818,171.795049887273
20166593203,20167823307,1230104,639.758301333333,350.393492533333,171.157525629733
20167856669,20168356669,5e+05,749.481205806452,359.349856774194,171.20277039
20168391225,20168493811,102586,895.525245714286,379.593088571429,171.99105878
20168523337,20168706918,183581,907.440158333333,417.404266666667,170.812711453333
20168739845,20168839906,100061,776.633575384615,390.484284615385,176.710052151429
