"start","end","dur","x","y","pupil"
15591684677,15591784774,100097,650.607312,457.663332,135.646579614286
15591847252,15592184468,337216,525.648186363636,321.578392727273,133.942330449545
15592217864,15592467930,250066,432.2591475,301.73012,121.78219602875
15592501228,15592934670,433442,375.106094814815,181.858896296296,108.775608368519
15592967929,15593467934,500005,375.015473548387,180.505616129032,105.3123063
15593534620,15593872134,337514,496.98574875,165.3639825,99.68315822375
15593901086,15594134622,233536,612.713817333333,127.861981333333,91.478399156
15594168024,15594451147,283123,650.051595555556,72.49212,88.3362406127778
15594484517,15594684504,199987,743.800764615385,90.5063338461539,85.4464841553846
15594717733,15594984367,266634,771.420455294118,97.2120082352941,86.4401684758824
15595051144,15595267804,216660,394.13349,115.007077142857,94.8653297214286
15595317729,15595684379,366650,512.311326086957,162.649295652174,102.075949180435
15595717744,15596134474,416730,550.788267692308,144.102297692308,104.965646953462
15596184391,15596317752,133361,391.17912,169.985226666667,111.555318565556
15596401007,15596651038,250031,550.790135,157.33168375,111.694350708125
15596684369,15596834476,150107,400.246638,127.06698,119.980462706
15596867701,15597267680,399979,356.4530384,196.9635064,118.072780364
15597300944,15598100836,799892,378.429685714286,236.533143265306,108.820703583265
15598135152,15598467734,332582,378.90812,238.973114285714,99.6633068633333
15598500854,15598784243,283389,422.776376666667,223.753717777778,95.1275817244444
15598817597,15598984240,166643,446.200414545455,154.249565454545,92.68162595
15599017487,15599634252,616765,387.152435263158,220.913239473684,98.0872746931579
15599667558,15600050907,383349,396.44064,242.260440833333,109.640280523333
15600217487,15600651254,433767,413.161718518519,235.076091851852,96.0784699962963
15600717499,15600817500,100001,366.085168571429,368.892617142857,86.0750393928571
15600850869,15601017487,166618,313.191501818182,354.007961818182,84.6596502081818
15601067558,15601200698,133140,493.708688888889,192.138302222222,86.0724225666667
15601234850,15601817366,582516,549.938312222222,189.701736666667,85.9597282208333
15601850915,15602417380,566465,640.422563428571,183.877125714286,99.5463415182857
15602450846,15603050652,599806,729.532991891892,179.947141621622,105.851478236216
15603083998,15603584002,500004,805.249148148148,139.034605925926,102.915301314074
15603617368,15604067585,450217,871.508648965517,140.304974482759,90.8744658575862
15604134174,15604267521,133347,391.320197777778,160.221611111111,95.7771460777778
15604300578,15604667298,366720,359.628470434783,197.772016521739,95.9980016856522
15604700620,15605300565,599945,394.684933513514,222.637788108108,97.5990475354054
15605334495,15605500478,165983,573.990358181818,212.323034545455,100.828490295455
15605536808,15605767302,230494,630.25016,202.728613333333,107.244749709333
15605800471,15606035771,235300,726.123954666667,196.130722666667,114.644916718
15606067533,15606283895,216362,803.307791428572,111.415077142857,110.398153047857
15606317121,15606450547,133426,853.652284444444,134.455904444444,109.794264258889
15606583885,15606867202,283317,420.270497777778,171.87324,111.935276933333
15606900465,15607267177,366712,504.61882,173.087603478261,98.0423904782609
15607300466,15607500466,2e+05,603.999253846154,208.924867692308,97.8762831176923
15607533896,15607933899,400003,451.322784,207.4232456,106.748782114
15607967183,15608183749,216566,543.829418571429,235.591557142857,107.561971732857
15608217122,15608683756,466634,609.966272413793,216.129085517241,113.04858199931
15608767173,15609067085,299912,763.402045263158,121.043225263158,121.710594462105
15609167065,15609383756,216691,590.918515714286,183.082645714286,129.206508275714
15609417002,15609750490,333488,630.288714285714,206.29393047619,122.340017554286
15609783614,15610153355,369741,734.321343478261,203.204074782609,110.869457626087
15610183638,15610600207,416569,772.462996923077,211.704264615385,106.997404921923
15610633916,15611200212,566296,847.795714857143,217.620805714286,103.33443036
15611266933,15611383625,116692,461.32708,196.3980625,98.95439591875
15611416880,15611916849,499969,352.399009677419,226.877238064516,94.6364951474194
15611950315,15612100204,149889,332.060806,206.959006,88.876795731
15612316864,15612616865,300001,386.437837894737,203.387121052632,86.6956069673684
15612650840,15613383521,732681,464.546041333333,227.168097333333,82.993059828
15613416879,15613950141,533262,577.136903030303,226.24768969697,94.2511727036364
15613983509,15614666810,683301,621.258346190476,206.316993333333,103.482027589524
15614700097,15615833833,1133736,681.647243478261,225.33656,113.593127458116
15615867051,15617366683,1499632,744.591146373626,235.902772087912,126.187224903077
15617399965,15617999839,599874,809.566825945946,251.748920540541,132.819295022432
15618034270,15618166778,132508,906.007211111111,240.110606666667,130.567600125556
15618238414,15618349921,111507,539.3809925,199.603115,135.18098735
15618399840,15618616622,216782,355.915085714286,233.165547142857,128.568098926429
15618649930,15619250005,600075,372.938307567568,280.496877837838,104.680448799189
15619283258,15620066695,783437,428.673785,295.475735,106.250115022083
15620099850,15620499715,399865,532.1530816,268.7005032,99.5928878996
15620533220,15621366477,833257,542.382119215686,231.242180392157,82.9840811629412
15621399710,15621716393,316683,617.092026,232.147422,84.798747717
15621749861,15622099717,349856,658.006770909091,167.0893,86.8968306113636
15622133088,15622468289,335201,711.312450476191,215.687316190476,98.1945327880952
15622499703,15623116374,616671,805.747547894737,241.85035,101.106603989474
15623199585,15623299565,99980,-2,-91,102.339297167143
15623483021,15623633087,150066,386.267494,254.048686,112.059291926
15623666522,15624249657,583135,377.052730555556,273.953532222222,97.4128769238889
15624283018,15624616223,333205,516.01582,275.664025714286,92.1504489790476
15624651288,15625199580,548292,594.379367647059,264.443061176471,91.6546893561765
15625232966,15625499531,266565,687.211683529412,258.775151764706,97.0356146505882
15625534800,15626166429,631629,813.986172307692,250.815364615385,102.92936967
15626399496,15626516129,116633,392.41424,267.979845,106.6436173825
15626549567,15626749749,200182,326.084527692308,278.59614,100.840015734615
15626899456,15627249583,350127,386.863134545455,275.753196363636,89.4674322672727
15627282757,15627566196,283439,440.405212222222,300.039024444444,82.8243155233333
15627599472,15628333590,734118,522.628799555556,279.711235555556,80.3561751857778
15628366188,15628815990,449802,581.982914285714,257.501710714286,92.3633472821429
15628849443,15629332901,483458,664.477721333333,249.26699,95.8864435856667
15629366072,15629549556,183484,709.642355,323.647073333333,97.450608135
15629650126,15629899352,249226,817.78757625,237.80778625,103.95826631
15629932775,15630282644,349869,844.968798181818,260.232523636364,99.2406372886364
15630449288,15630549278,99990,380.126508571429,288.375782857143,107.571095057143
15630582672,15630982631,399959,372.9162288,319.060176,110.5114862016
15631016009,15631432717,416708,452.327841538462,343.322784615385,111.869983251923
15631466215,15631882641,416426,537.100688461539,328.318125384615,114.936859579231
15631916260,15632615876,699616,580.413219069767,305.493120465116,110.092226498837
15632652570,15633232673,580103,673.881238333333,309.806326111111,104.1479889575
15633266139,15633399153,133014,717.359608888889,363.301473333333,106.772386135556
15633515882,15633782500,266618,731.211323529412,406.597188235294,100.420597197647
15633849141,15633965994,116853,839.1850775,327.9740525,92.7645545425
15634215754,15634335637,119883,363.80346,300.5558575,85.83375704125
15634365980,15634782377,416397,459.477546153846,316.567706153846,87.8488154703846
15634815748,15635249162,433414,519.846226428571,307.435333571429,94.4606477964286
15635632495,15635866037,233542,481.743664,288.293521333333,108.347630502667
15635898957,15636249029,350072,482.616577272727,310.218961818182,104.602864556364
15636282399,15636465812,183413,486.084346666667,228.985191666667,105.728869394167
15636498970,15636915626,416656,531.633438461539,317.572992307692,105.941287744231
15636949070,15637698968,749898,439.917812195122,322.170003902439,103.396496620488
15637732320,15638365701,633381,532.276844615385,321.03121025641,86.1355424864103
15638398840,15638565678,166838,595.148523636364,310.190389090909,77.1974556354545
15638598843,15638798826,199983,627.739764615385,276.554175384615,77.2826094130769
15638834839,15639065573,230734,613.178718666667,265.749925333333,79.8940160046667
15639098830,15639498844,400014,690.3211808,300.485976,85.8549225928
15639532276,15639865929,333653,742.626134285714,373.239848571429,86.8640752238095
15639898823,15640265718,366895,761.221984347826,260.567331304348,91.6417001739131
15640298696,15641348834,1050138,798.599073125,310.79803375,94.6699996753125
15641382128,15641498755,116627,858.600125,301.96255,97.12610641875
15641682129,15641782141,100012,354.549994285714,300.884902857143,100.144000127143
15641815366,15642615371,800005,371.573147755102,359.832324081633,92.5207615265306
15642650581,15643015373,364792,454.468333043478,354.776099130435,90.2952320769565
15643048645,15643651414,602769,503.294214594595,304.572775675676,94.2770149756757
15643681980,15643981992,300012,429.318041052632,311.054098947368,104.084663016316
15644015250,15644915246,899996,486.249462909091,331.429207272727,108.343762763091
15644948652,15645798466,849814,528.303588076923,350.908632307692,108.458303423077
15645834879,15646181894,347015,612.837718181818,322.711803636364,103.989506005909
15646215120,15646598454,383334,672.102823333333,333.937276666667,101.016553599167
15646631969,15646815125,183156,750.310641666667,345.964653333333,97.3775718916667
15646848588,15647015121,166533,737.383874545455,415.476792727273,95.8278857545455
15647048464,15648298330,1249866,785.512396315789,328.805718947368,105.750443663553
15648331834,15648515128,183294,846.563688333333,359.281796666667,103.845915435
15648581808,15648681763,99955,430.944497142857,349.099574285714,106.181389062857
15648734962,15648965054,230092,358.867184,305.582790666667,97.8423920546667
15649348474,15649537737,189263,631.921735,347.231125,102.852335635
15649635357,15649914999,279642,716.057022222222,364.160866666667,96.5719032505556
15649948422,15650431763,483341,807.054379333333,339.218463333333,97.760484743
15650598203,15650698226,100023,377.596837142857,351.628374285714,110.09430623
15650734916,15650865072,130156,359.730882222222,295.993022222222,104.494293207778
15650898238,15651031719,133481,351.522106666667,387.351711111111,104.407579806667
15651181635,15651765039,583404,800.189623888889,369.230420555556,107.397612221111
15651931591,15652148201,216610,405.172275714286,289.857205714286,122.097148817857
15652181519,15652281546,100027,420.63708,373.927568571429,118.462551078571
15652334874,15652481584,146710,540.564856,520.993606,107.749028038
15652548283,15652714883,166600,359.865910909091,228.246485454545,113.694136755455
15652781511,15653081470,299959,595.892427368421,381.839511578947,116.040122934211
15653314882,15653498082,183200,698.81418,400.193643333333,106.9481430725
15653531587,15653635363,103776,776.386457142857,402.717185714286,109.577369615714
15653664821,15653865104,200283,808.905247692308,376.361063076923,107.000613934615
15654081507,15654265014,183507,374.61688,369.90565,105.624209251667
15654298102,15654481414,183312,318.974983333333,385.156041666667,95.949576775
15654548196,15654748194,199998,716.838661538462,371.720141538462,91.4489929715385
15654931486,15655164877,233391,413.491333333333,398.976218666667,93.256691306
15655397977,15655597962,199985,425.587589230769,420.006044615385,79.9647809153846
15655631502,15655997972,366470,502.192759130435,389.596333913044,79.3323017447826
15656035130,15656131462,96332,560.459577142857,346.581165714286,78.0509002057143
15656164964,15656348054,183090,622.546313333333,358.251103333333,79.1815626041667
15656548076,15656735846,187770,738.330991666667,225.524815,92.4088245091667
15656781683,15656981270,199587,681.571990769231,352.865723076923,104.817581833846
15657014630,15657197958,183328,782.477915,371.351013333333,108.02464122
