"start","end","dur","x","y","pupil"
24612407286,24612628402,221116,659.264781428571,394.567908571429,244.729937432143
24612707224,24612857278,150054,467.131408,156.468764,235.862418054
24612890471,24613129539,239068,402.520402666667,122.947461333333,231.699009750667
24613157370,24613457294,299924,538.928854736842,136.342930526316,228.309282661053
24613490421,24613673961,183540,671.122213333333,131.123746666667,228.753375625833
24613740503,24614229011,488508,396.817777333333,182.67101,244.511479292667
24614257163,24614557375,300212,471.588058947368,187.868776842105,232.009115173684
24614740431,24615040374,299943,561.869245263158,185.279995789474,234.311306978421
24615073734,24616007002,933268,623.211296491228,190.325950526316,226.533128734386
24616040366,24616706971,666605,678.739186829268,185.655582926829,210.504547747317
24616740363,24617140372,400009,782.344452,176.8170816,199.9023069972
24617173604,24617506961,333357,860.05592952381,175.639721904762,199.670834094286
24617690162,24618290193,600031,397.835857297297,186.05434972973,207.461086610811
24618328223,24618690203,361980,489.82541826087,201.776143478261,199.117267322174
24618728022,24619129489,401467,576.1199792,204.2912088,201.8156814612
24619157044,24619557038,399994,670.5210656,206.9416064,206.9128857424
24619590172,24620027530,437358,766.309657777778,217.936737777778,217.405579070741
24620056909,24620228842,171933,841.213314545455,219.362941818182,216.555402559091
24620290062,24620406834,116772,405.0029575,217.083575,222.8817030175
24620440137,24620906721,466584,418.775259310345,217.717222758621,219.5243773
24620940137,24621473361,533224,459.790572727273,202.152298181818,211.652833996061
24621506737,24622340026,833289,552.842887727273,215.537813181818,222.931337572955
24622373356,24623173359,800003,621.343903265306,229.483179591837,224.011006954286
24623206602,24623826703,620101,720.763333684211,243.861645789474,232.393960372895
24623856887,24624228403,371516,818.039832173913,232.314849565217,224.890705777826
24624389961,24624629179,239218,394.39964,218.537689333333,230.466647904
24624656660,24625173233,516573,414.571243125,222.603945625,218.615828005
24625206583,24625373655,167072,493.122416363636,224.370858181818,208.051173245455
24625539870,24625756694,216824,566.099667142857,230.536762857143,215.746736625714
24625789782,24626039908,250126,664.131025,247.488735,221.215412029375
24626073204,24626873112,799908,724.248177142857,237.680015102041,213.319527204694
24626906476,24627439745,533269,805.772425454546,241.140676363636,214.044044526061
24627473145,24627628000,154855,876.396284,236.849926,203.916373885
24627728294,24627923274,194980,382.289944615385,253.547573846154,214.971205126154
24628189691,24628639829,450138,538.370312142857,244.615748571429,210.986551105357
24628673108,24629072975,399867,610.3867512,260.4850984,198.5730453884
24629106359,24629372984,266625,709.677064705882,257.735590588235,203.639605947647
24629406373,24629672940,266567,785.911152941177,259.411644705882,208.641877132941
24629706359,24629972976,266617,876.70274,246.390341176471,209.493086500588
24630056404,24630556267,499863,398.61549483871,261.023489677419,214.745495160968
24630589588,24631256498,666910,517.242694146341,271.554527804878,216.272717147805
24631289536,24631689592,400056,589.8197136,277.9765272,210.287582162
24631841407,24632089446,248039,668.0258975,282.1357525,208.449927665625
24632128473,24632589439,460966,746.807877241379,292.335787586207,204.219825303103
24632628344,24632956174,327830,857.565972380952,275.004901904762,190.176263068095
24633028355,24633539538,511183,416.790764375,276.405691875,210.6318994675
24633572860,24633972721,399861,529.6292736,281.4694592,201.4176188796
24634006098,24634472739,466641,636.003924137931,288.139687586207,204.933844877241
24634506089,24634841085,334996,735.02856,302.638721904762,211.574124491905
24634872724,24635228378,355654,801.976087272727,282.164767272727,222.845482455909
24635256250,24635472736,216486,881.212557142857,279.893791428571,226.338787981429
24635539435,24635689344,149909,414.841036,279.4439,248.179072594
24635722839,24636189338,466499,401.39136137931,290.213767586207,250.142230084138
24636372600,24636756364,383764,499.058120833333,293.555511666667,245.8036520525
24636789308,24637356182,566874,611.840120571429,316.050389714286,218.650993955714
24637389163,24637989181,600018,712.710885945946,320.440875135135,211.191861847027
24638028101,24638639367,611266,803.865268421053,303.455567368421,204.011820212895
24638672475,24638840758,168283,879.718930909091,307.005781818182,206.731553619091
24638905852,24639105838,199986,399.414364615385,318.954844615385,215.399481270769
24639141197,24639389217,248020,392.173335,319.8893875,218.131761189375
24639422669,24639955906,533237,507.314247272727,328.638780606061,207.840919141818
24639989072,24640405725,416653,641.354098461538,333.130573846154,208.158684493462
24640722670,24641055788,333118,779.096548571429,330.365301904762,216.728604227143
24641089095,24641505720,416625,831.81327,331.995413846154,190.211350709615
24641539133,24641689052,149919,890.882952,318.714696,183.906489415
24641755954,24642088964,333010,406.682219047619,331.938650476191,205.610630772857
24642305720,24642538994,233274,483.848621333333,337.496157333333,215.043559834667
24642572342,24643039047,466705,547.241949655172,326.216650344828,207.360658311379
24643072342,24643572292,499950,673.647598709677,347.463063225806,222.487661204839
24643605601,24644039057,433456,752.210075555556,348.026980740741,238.18034404
24644072238,24644655629,583391,848.126687222222,350.954229444444,231.978669189444
24644727689,24644988807,261118,407.541463529412,362.587597647059,247.466371277059
24645072218,24645172236,100018,494.623151428571,336.893728571429,248.129105384286
24645455537,24645855528,399991,522.0935832,366.7133368,248.2898121928
24646088829,24646588823,499994,591.93896,363.231631612903,210.711630755161
24646839498,24646988693,149195,680.326438,344.61146,189.316626676
24647027456,24647405467,378011,746.114488333333,373.5178125,202.6929048925
24647438764,24647738765,300001,833.478376842105,361.192788421053,186.842012417895
24647928636,24648124694,196058,381.205684615385,363.861450769231,201.470708156154
24648155628,24648355415,199787,525.888495384615,374.935750769231,204.685553453846
24648388684,24648788698,400014,652.4004632,378.6831752,201.2992061272
24648829360,24649188679,359319,722.891708695652,374.36814173913,204.977453224783
24649229076,24649322236,93160,892.083435714286,390.696125714286,214.499270707143
