"start","end","dur","x","y","pupil"
15880669605,15880769708,100103,204.534848,216.255628,111.38950094
15880902791,15881102780,199989,155.796021538462,37.0832630769231,110.320119903846
15881219387,15881386153,166766,348.916852727273,129.786227272727,121.604935483636
15881419409,15881769468,350059,370.821102222222,83.9697711111111,131.296802603333
15881986009,15882152900,166891,798.049412727273,281.0512,135.894661216364
15882219392,15882686022,466630,621.434854482759,158.657404137931,133.418465116552
15882719400,15882969762,250362,709.39382625,152.55938,128.024904798125
15883002648,15883352695,350047,813.875090588235,89.8318105882353,120.760251770588
15883386051,15883602636,216585,827.511031428572,78.5620671428571,113.5543274
15883802586,15883969331,166745,357.211607272727,93.8875563636364,100.666096447273
15884002632,15884136046,133414,363.011037777778,133.964733333333,98.1166362333333
15884169353,15884469337,299984,368.43776,189.447777894737,97.863982621579
15884502651,15885169347,666696,426.983369268293,205.107129756098,99.013491477561
15885202512,15885719153,516641,508.150431875,226.331541875,106.741616470625
15885752753,15886319154,566401,614.617731428571,216.608451428571,110.157622404286
15886352688,15886769213,416525,674.601768461538,198.085095384615,116.913654530385
15886885780,15887019159,133379,694.869837777778,246.7338,108.815698632222
15887052590,15887902386,849796,744.779485,165.186540769231,99.8948182148077
15887935938,15888635904,699966,816.999800465116,159.872295348837,107.5394498
15888669109,15888952498,283389,863.358046666667,170.634858888889,105.88808595
15889035835,15889135765,99930,389.615777142857,170.18472,116.286690461429
15889169246,15889269093,99847,294.018691428571,238.937802857143,114.561187571429
15889302387,15889402376,99989,323.357374285714,183.071837142857,112.807623035714
15889435765,15889852375,416610,390.124701538462,205.213037692308,109.57140415
15889885651,15890135846,250195,459.39722,224.18264375,115.475320279375
15890169097,15891052439,883342,388.301721111111,242.210032222222,124.71468252037
15891085671,15891585559,499888,496.326774193548,241.24279483871,124.423049411935
15891618897,15892052308,433411,541.644265925926,229.594380740741,119.74275655963
15892085547,15892552219,466672,614.935115172414,229.355123448276,120.934422798966
15892585524,15892835658,250134,689.3814825,204.94386125,121.455791778125
15892869079,15893302132,433053,753.942911111111,231.519347407407,114.055908384444
15893335726,15893468974,133248,781.00268,168.152913333333,109.466913037778
15893502170,15893785529,283359,862.351422222222,172.608191111111,106.381481164444
15893868840,15894052182,183342,379.555191666667,196.512323333333,110.826320045833
15894085441,15894518788,433347,357.486774814815,233.29764,104.627781202222
15894552237,15895318766,766529,424.042973191489,216.434423829787,101.258128200851
15895352065,15895552083,200018,497.960933846154,242.643555384615,109.728544001538
15895585431,15895852191,266760,528.218571764706,243.162215294118,113.970411348235
15895885410,15897118636,1233226,588.683292533333,223.8302768,114.7549709908
15897152076,15897618643,466567,683.844624827586,239.153731724138,112.033779595172
15897652040,15898201885,549845,752.565974705882,230.770722941176,103.631089006176
15898368570,15898668592,300022,792.746312631579,193.132928421053,106.991933452105
15898818528,15898968812,150284,789.921902,225.614268,92.706989504
15899001869,15899351946,350077,842.970167272727,174.237858181818,91.6205339277273
15899385179,15899485177,99998,869.029594285714,208.581271428571,95.8519188571428
15899551953,15899701982,150029,413.890196,215.403846,108.04032737
15899735604,15900351976,616372,365.548716315789,261.623891052632,106.364006579474
15900385138,15900918394,533256,444.694890909091,277.214615151515,110.913433385152
15901001754,15901318398,316644,554.889176,301.554379,117.068944928
15901351942,15901468464,116522,569.45088,263.73242,121.18424357375
15901501774,15902385037,883263,661.019518518519,251.763764814815,108.844583766481
15902418393,15902968739,550346,758.352824117647,242.598385882353,95.7465109720588
15903001621,15903218277,216656,793.952567142857,188.445485714286,94.3686556971429
15903251693,15903701994,450301,858.582081428571,238.779595,91.3508718371429
15903768348,15903951683,183335,388.610583333333,237.368583333333,85.26914037
15903984922,15904518277,533355,366.630013939394,269.834914545455,81.1871745033333
15904551762,15905151581,599819,414.112916216216,280.125631891892,91.1920982818919
15905184928,15905668231,483303,493.270846,285.853705333333,95.6210123553333
15905701504,15906318160,616656,532.431307894737,271.058552105263,102.570995040789
15906351716,15907384799,1033083,616.330889206349,273.221837460317,113.906199624921
15907451480,15907651499,200019,731.873421538462,218.425576923077,106.896699296923
15907684794,15908184765,499971,733.865878709677,270.184290967742,112.655477335484
15908218034,15908601420,383386,826.315465,248.6446925,115.0571743225
15908635693,15908751429,115736,863.1157775,206.94955,110.7361409575
15908818040,15908934873,116833,394.966935,239.625705,116.03881765625
15908968289,15909318035,349746,337.45514,287.449192727273,104.075573205
15909351449,15910034768,683319,407.988296190476,303.840223809524,91.9845322971428
15910068093,15910951325,883232,493.655179259259,293.07224962963,99.9280834111111
15911084638,15911934692,850054,526.451233461538,288.047454230769,99.1721691830769
15911967959,15913084572,1116613,615.710815588235,282.536015,103.830345668529
15913118138,15913717788,599650,690.110916216216,271.140580540541,104.586836774865
15913751276,15914251200,499924,780.292390322581,275.667690967742,97.7418659429032
15914284406,15914551250,266844,847.821275294118,262.622347058824,89.1720072876471
15914584408,15914751063,166655,755.414863636364,271.697630909091,84.8381202990909
15914817784,15914968910,151126,395.91241,287.68007,95.173869701
15915001002,15915417793,416791,366.099116153846,309.054288461538,91.6724464592308
15915451076,15915900997,449921,453.507689285714,324.866357142857,98.8905593407143
15915934540,15916384280,449740,572.286157142857,317.714575,107.019704669643
15916417656,15916784305,366649,629.950282608696,311.31504,100.860703110435
15916817644,15917384304,566660,693.271578857143,283.822632571429,106.878162484857
15917417652,15918067613,649961,791.276536,284.5562,109.11842859275
15918100906,15918284282,183376,834.130826666667,290.661806666667,107.603315654167
15918351044,15918500889,149845,424.135652,298.85935,110.351703458
15918534424,15919150937,616513,356.541459473684,306.046625789474,99.6288060781579
15919184180,15920000765,816585,419.2171068,343.9624068,93.7606084186
15920034323,15920417525,383202,479.951894166667,321.294075,95.4088582975
15920450848,15921250819,799971,546.582568163265,305.958488571429,97.9853597932653
15921384039,15922117413,733374,563.151189777778,296.098071111111,90.5634961808889
15922150813,15922817411,666598,619.326550731707,295.095837073171,90.0938655831707
15922850701,15923650794,800093,658.843788571429,295.309977959184,102.418889468776
15923684046,15924783932,1099886,729.90648358209,320.924302686567,111.45547381791
15924950559,15925500519,549960,816.995437058824,294.200594705882,97.5522882055882
15925567431,15925767213,199782,387.886426153846,299.793644615385,88.2911163676923
15925800509,15926167236,366727,355.355830434783,331.126592173913,86.5152947130435
15926200512,15926435146,234634,409.017112,362.218234666667,87.526685266
15926467219,15926867233,400014,533.1814248,355.7366376,87.4616839124
15926900528,15927317145,416617,634.999147692308,319.118800769231,102.352645566538
15927350659,15928117041,766382,741.177460425532,329.950513191489,108.547902511064
15928150459,15928467337,316878,833.03793,336.687485,114.433217014
15928533916,15928650463,116547,403.880135,352.51792,122.76347703375
15928717028,15928883675,166647,356.186847272727,201.787045454545,113.416848072727
15928917368,15929050446,133078,365.939308888889,356.402622222222,113.663153337778
15929083677,15929267231,183554,402.409801666667,386.702153333333,109.119310376667
15929300373,15929567342,266969,465.634497647059,362.296432941177,110.41394213
15929600331,15929800268,199937,598.066007692308,368.022243076923,116.860608267692
15929833782,15930017034,183252,702.406913333333,344.43302,117.272399844167
15930050306,15930334260,283954,784.166602222222,347.458547777778,111.915584373333
15930367093,15930516946,149853,844.6911,274.196886,102.156676589
15930583661,15930750300,166639,437.282029090909,329.942527272727,99.9430713454545
15930783674,15930916905,133231,420.001851111111,349.643875555556,98.2355484644444
15930950333,15931383557,433224,499.515964444444,369.756642222222,99.3998120896296
15931416915,15931567148,150233,546.297986,363.967642,101.094830704
15931600351,15931934708,334357,455.563658095238,347.427166666667,102.916295864286
15931966968,15932183560,216592,379.30496,261.315851428571,106.180718792857
15932216905,15932334220,117315,403.8192725,223.9681775,108.9844865375
15932366970,15932583541,216571,539.264342857143,284.196965714286,109.522346882143
15932616897,15933083551,466654,587.557245517241,341.183051724138,117.970260799655
15933116778,15933950199,833421,692.377903137255,359.094999215686,107.223496009804
15933983405,15934116797,133392,674.529668888889,336.044457777778,105.861336831111
15934150238,15934816772,666534,764.082753658537,370.567485365854,104.286586110732
15934850075,15934950070,99995,833.03492,343.417117142857,90.4317044714286
15935016785,15935167088,150303,390.017008,343.889816,89.874970543
15935199996,15935466996,267000,325.543247058824,374.137629411765,85.0948734482353
15935500003,15935716655,216652,386.226714285714,393.311322857143,85.3464793542857
15935750210,15936266731,516521,465.90044,360.952599375,84.9635750946875
15936299993,15936550086,250093,482.739065,324.8789325,90.899096414375
15936583281,15937116645,533364,480.938911515152,369.093703030303,98.1910858266667
15937149965,15937350009,200044,547.453283076923,385.833173846154,107.085045625385
15937383286,15937866736,483450,673.117996666667,377.39756,107.707039404667
15937899873,15938349939,450066,774.635155,382.346357857143,103.260859842143
15938516549,15938616543,99994,587.69796,264.587605714286,97.0627579542857
15938966769,15939099881,133112,457.779073333333,134.658991111111,82.2278077766667
15939490393,15939607165,116772,803.20119,415.6178975,87.1033173275
