"start","end","dur","x","y","pupil"
75690154176,75690504136,349960,459.875615238095,166.983656190476,243.003013071304
75690537392,75690837441,300049,366.708807368421,155.604718947368,254.332309926842
75690870772,75691255635,384863,347.105855,77.9469291666667,253.388691493333
75691287336,75691487337,200001,406.720096923077,122.346878461538,245.093360943846
75691637407,75691754113,116706,430.905595,106.7920325,245.91315775375
75691787371,75692020782,233411,362.8566625,47.3215425,258.04495198375
75692270788,75692504004,233216,567.939186666667,67.1527586666667,260.222528669333
75692637395,75692754314,116919,589.640315,-9.8018025,269.73518202625
75692887214,75693004011,116797,624.0401225,-82.0393225,270.25441432125
75693104002,75693221983,117981,499.8133925,-97.5046425,281.259150135
75693255677,75693387588,131911,537.046444444444,-59.7888444444445,283.965656272222
75693422224,75693803866,381642,611.896910833333,-56.8403116666667,278.976279884167
75693837298,75694103862,266564,700.796028235294,-52.1982376470588,280.088352705294
75694153924,75694387245,233321,801.293038666667,-5.80024133333333,280.473877962
75694422232,75694520568,98336,723.805337142857,-39.8208257142857,283.120251472857
75694603868,75694921949,318081,351.093861,45.918017,289.951783372
75694954121,75695270511,316390,432.160254,23.770004,290.9629656685
75695303879,75695470486,166607,541.455667272727,58.9175309090909,291.248000259091
75695603879,75695753967,150088,610.824404,-27.490306,273.367143763
75695787076,75695887081,100005,543.47864,19.0862257142857,285.591713127143
75695953931,75696054167,100236,361.047251428571,113.673334285714,274.317814671429
75696087097,75696403751,316654,342.15051,126.944803,274.376806173
75696437260,75697003741,566481,415.709147428571,110.367876,267.379537457714
75697037158,75697403743,366585,510.790314782609,106.725622608696,264.675056484783
75697437335,75698003751,566416,596.555399428571,108.601830857143,267.552410823143
75698037223,75698270363,233140,707.760170666667,93.1507813333333,266.745978094667
75698303734,75698586950,283216,818.585568888889,89.3478966666667,261.547370444444
75698622669,75699037044,414375,696.311004615385,82.5108453846154,259.815320664615
75699070412,75699503625,433213,621.26436,96.6515896296296,257.190957874444
75699537053,75699720362,183309,683.63266,60.7270616666667,259.164054496667
75699822167,75699986970,164803,738.704732727273,84.2720854545455,257.388520841818
75700022168,75700220332,198164,812.955666153846,68.8891230769231,255.956211255385
75700422605,75700803611,381006,866.270835833333,56.8940741666667,266.227640150417
75700903618,75701270264,366646,339.591713043478,113.237225217391,277.728380125652
75701303490,75701622580,319090,406.482832,112.374624,273.848652366
75701653549,75702520270,866721,530.992626037736,131.012030566038,272.744524583585
75702553775,75703153689,599914,637.907834054054,112.424777297297,272.861601005405
75703186701,75703753460,566759,743.980144571429,106.490395428571,273.077469386857
75703786719,75704036858,250139,816.45169875,68.52714625,263.702211750625
75704070148,75704386726,316578,861.219595,64.142369,262.5102810555
75704470022,75704986696,516674,333.435815625,108.8131675,281.53942635625
75705208900,75705353412,144512,417.374526,156.748008,259.932592157
75705437118,75705653431,216313,370.337601428571,160.429925714286,274.038602832857
75705753632,75706022502,268870,887.596598823529,97.8831035294118,263.714983748235
75706121307,75706422195,300888,382.202656842105,138.789491578947,276.000072428947
75706453329,75706821856,368527,466.657022608696,116.70097826087,277.095018621739
75706853301,75707053312,200011,560.684210769231,105.12242,279.361402187692
75707086597,75707422027,335430,644.591152380952,106.161957142857,269.94542562619
75707453316,75707819942,366626,732.411428695652,102.146544347826,264.85326878
75707853341,75708069875,216534,757.364582857143,79.3149014285714,262.917693127143
75708103249,75708269872,166623,702.934529090909,117.299203636364,261.78426061
75708303243,75708703122,399879,870.7653128,77.8258632,258.801234426
75708803144,75709220015,416871,338.7236,110.058630769231,272.294386215769
75709254946,75709621358,366412,427.914286956522,115.48145826087,270.534179968261
75709653163,75710136522,483359,549.257843333333,132.371558666667,271.648064789667
75710169715,75710486347,316632,643.18413,135.351557,260.9491826245
75710519880,75710853415,333535,531.497362857143,127.492794285714,254.80093127381
75710886333,75711319835,433502,663.540312592593,136.187048888889,260.59993448
75711353320,75711536440,183120,788.54558,152.322148333333,252.624407710833
75711569747,75711870093,300346,856.957578947368,143.692029473684,252.514933292105
75711953073,75712569637,616564,356.668064210526,140.731755263158,264.641338286053
75712603002,75713036275,433273,474.444163703704,151.75244962963,267.509088257778
75713069661,75713503007,433346,585.855828888889,170.729821481481,268.463381905926
75713536281,75714086210,549929,671.70342,175.064827857143,262.368485611429
75714122656,75714353019,230363,729.81703,192.9510475,261.884245418125
75714386227,75714936282,550055,802.094290857143,171.498850857143,246.930628121714
75714969522,75715269520,299998,870.299213684211,143.963157894737,239.782891218421
75715352976,75716369864,1016888,356.929051612903,176.407523870968,263.255856087097
75716402751,75716902751,5e+05,370.090252903226,163.66798516129,268.827789063226
75716936570,75717652823,716253,368.990109545455,146.920314090909,269.240982548636
75717686095,75717936025,249930,375.030205,144.68971125,267.890270981875
75717969370,75718636211,666841,443.607227804878,171.186843902439,262.851624280244
75718685948,75718952932,266984,466.403331666667,193.353555,253.729167148333
75718985946,75719202623,216677,518.820512857143,213.651732857143,263.737386647143
75719236024,75719685950,449926,606.634133571429,200.001277857143,254.5775939025
75719722062,75720052832,330770,693.837403809524,204.598805714286,248.022696277143
75720085957,75720402632,316675,783.977957,187.301188,248.931173977
75720435892,75720652806,216914,819.826917142857,135.99332,250.979614828571
75720685820,75720952852,267032,895.207184705882,128.185994117647,252.399155624706
75720985836,75721269263,283427,877.784715555556,140.690913333333,248.724796648889
75721352558,75721536356,183798,374.404946666667,186.522093333333,259.7827594425
75721569250,75721922091,352841,354.675581818182,189.443268181818,261.914552144091
75721952791,75722502520,549729,381.011280588235,174.514931176471,256.762136892353
75722535896,75722719245,183349,430.455083333333,161.933905,262.8468323425
75722752724,75723102501,349777,451.338596363636,193.117318181818,263.987192317273
75723135767,75723552784,417017,379.42995,169.80158,264.377529625
75723585753,75723722484,136731,320.119791111111,133.051737777778,250.139916561111
75723752450,75724152435,399985,470.032656,196.9758544,255.2329647764
75724185704,75724722270,536566,535.184778181818,178.892245454545,252.419594635151
75724835798,75725036065,200267,583.314078461538,223.458581538462,255.827591214615
75725069032,75725385584,316552,656.602784,224.246342,255.7313854455
75725419259,75725902384,483125,747.176056,209.511173333333,256.104818947
75725935678,75726069002,133324,717.951217777778,199.644768888889,257.122325066667
75726102369,75726485606,383237,820.664100833333,206.959601666667,252.020968609167
75726521513,75726752351,230838,907.172853333333,183.428997333333,257.859519016
75726835710,75727035666,199956,361.057063076923,196.582407692308,266.300570869231
75727068865,75727302248,233383,315.267190666667,137.183874666667,265.002036136667
75727335731,75727852300,516569,412.790565,180.122884375,262.294725053125
75727902249,75728122674,220425,552.978742857143,207.530657142857,255.063341005
75728152306,75728435557,283251,623.246312222222,191.464908888889,253.251796692778
75728469085,75728902116,433031,657.417217037037,176.007562962963,241.863166774444
75728935533,75729385464,449931,740.081019285714,215.002763571429,246.246307114286
75729535569,75729902116,366547,780.114973913044,258.518826956522,247.522786028696
75729968749,75730285479,316730,894.881674,177.675704,241.0029367075
75730322292,75730652411,330119,896.295804761905,171.783754285714,240.526074965714
75730752297,75731435399,683102,366.107951904762,221.197168095238,260.257248258095
75731468746,75732135391,666645,444.613270731707,219.336409756098,245.584268083902
75732168623,75732535423,366800,491.92384,233.200342608696,246.572667970435
75732568655,75733552194,983539,492.896570333333,215.570967333333,246.744800115
75733585211,75734318773,733562,573.505774666667,223.39358,246.857681818
75734352262,75734735276,383014,677.4837175,235.928256666667,242.95095501875
75734768524,75734985199,216675,716.599087142857,303.926257142857,244.974529594286
75735085292,75735352121,266829,609.650132941176,226.602130588235,239.698444534118
75735385223,75735501869,116646,702.596645,256.2870125,239.935967615
75735535226,75735901889,366663,736.722443478261,267.223236521739,242.96558805913
75736101882,75736485089,383207,767.495805833333,267.49182,246.992829995
75736522390,75736785090,262700,831.070677647059,254.061527058824,242.130964477059
75736818620,75737201757,383137,716.696883333333,280.827946666667,246.75658159625
75737235171,75737451838,216667,821.272757142857,264.26787,249.203919917857
75737485087,75738635050,1149963,884.399674571429,246.277713714286,248.227729496143
75738722242,75738851813,129571,376.599308888889,250.497068888889,261.857486926667
75738884958,75739684968,800010,363.67632122449,243.133453877551,262.254861840408
75739722528,75740018338,295810,485.714455789474,301.043601052632,247.881819043158
75740051829,75740601636,549807,531.651229411765,277.541282352941,254.461868216471
75740634934,75741384849,749915,619.883824782609,258.609633043478,247.271725708696
75741422890,75741884845,461955,734.224237931035,272.324263448276,246.693506801379
75741922758,75742318196,395438,799.8642728,272.5355472,249.7777460732
75742351699,75742722032,370333,716.91765826087,265.492987826087,249.687974404348
75742751606,75743434809,683203,902.64192,270.258391666667,244.534754123889
75743518246,75743684720,166474,370.578698181818,276.817272727273,257.564255931818
75743722116,75744084721,362605,346.675227826087,268.507104347826,259.351301336522
75744121585,75744434799,313214,439.905676,257.577916,246.992211049
75744468124,75744934786,466662,567.088292413793,266.953531034483,247.183379674138
75744968061,75745468002,499941,648.04827483871,281.20188,241.811261204839
75745501378,75745851555,350177,746.740258181818,301.095737272727,241.078690385909
75745884612,75746284578,399966,788.3414576,271.1649288,237.4143608636
75746318113,75746421953,103840,862.38166,273.998834285714,233.216980917143
75746618106,75746951454,333348,867.170279047619,280.335842857143,242.848358574762
75747151439,75747518009,366570,350.074684347826,257.848139130435,251.5286441
75747551393,75748101257,549864,459.052910588235,273.722353529412,247.138086114412
75748134539,75748701263,566724,533.771900571429,277.959682285714,243.606081383429
75748734546,75749301131,566585,612.332908,289.578256,238.719100962286
75749334590,75749634542,299952,697.18678,281.860267368421,236.520455247895
75749667744,75750151182,483438,780.274766,304.827505333333,234.939334422667
75750184455,75750384468,200013,705.189933846154,272.348741538462,237.16713927
75750534857,75750921804,386947,735.498428333333,362.645885,241.04932404125
75750951346,75751051441,100095,635.756682857143,334.814554285714,242.29892984
75751084352,75751367727,283375,572.053221111111,311.279791111111,237.614093316111
75751401042,75751518498,117456,528.2692575,298.66625,239.18652074
75751551080,75752251059,699979,658.424472093023,250.915463255814,237.41437081814
75752284365,75752667611,383246,746.951514166667,236.390341666667,241.5900464125
75752701009,75752834427,133418,686.231768888889,237.887633333333,245.116206208889
75752867601,75753334330,466729,767.063867586207,236.493547586207,240.686331012759
75753367627,75753534339,166712,873.184474545455,261.456038181818,232.560646155455
75753734332,75754100869,366537,341.551027826087,279.695943478261,241.153718403043
75754135855,75754550946,415091,432.342803076923,254.910086923077,251.808739478846
75754800878,75754951059,150181,394.64137,246.567248,269.405557701
75754984635,75755384237,399602,527.8589736,262.1073104,254.9067940368
75755422207,75755634569,212362,603.671342857143,276.966624285714,253.709530685714
75755825957,75756267519,441562,673.416050714286,328.570163571429,251.842998352857
75756300754,75756534175,233421,746.13062,306.301032,243.85146019
75756567544,75756967518,399974,822.7430672,269.0318256,238.4351416304
75757000767,75757522281,521514,893.21093125,297.532635625,244.932858882188
75757621697,75757767393,145696,374.677378,251.852372,268.119324195
75757800747,75758118456,317709,351.236196,247.275362,266.592810292
75758150821,75758800751,649930,394.791194,265.157242,249.72393802975
75758834055,75759034050,199995,488.996952307692,272.943212307692,243.129937495385
75759067403,75759534164,466761,570.613447586207,287.59391862069,237.633447864483
75759567396,75760600704,1033308,613.75818031746,283.168268571429,234.657680482381
75760719099,75760850873,131774,646.033086,387.152764,199.752119683
75760883832,75761067320,183488,644.890945,359.232831666667,240.974121196667
75761100630,75761200635,100005,767.85008,383.004611428571,247.473535782857
75761233964,75761500507,266543,789.434150588235,303.715234117647,240.364065917647
75761534017,75761767252,233235,873.998462666667,286.526441333333,235.819482875333
75761800505,75761900513,100008,893.946518571429,353.342587142857,238.980077252857
