"start","end","dur","x","y","pupil"
100164216801,100164352017,135216,474.660177142857,59.9354485714286,165.388098894444
100164379870,100164550104,170234,503.51795,11.056275,172.560363613333
100164583409,100164816609,233200,542.931178666667,35.1554893333333,171.297467836667
100164850094,100165749964,899870,423.567674545455,34.0320054545455,159.865051507636
100165783314,100166049997,266683,499.168934117647,24.4468117647059,154.089658013529
100166083518,100166516558,433040,615.726185,8.64498428571429,152.399090836429
100166549994,100166883261,333267,706.843431428571,18.1107666666667,144.572433692381
100166916573,100167066674,150101,585.317698,38.268424,144.120711177
100167099868,100167266546,166678,414.35076,84.6243945454545,143.138979827273
100167299852,100167399842,99990,398.873325714286,119.647,141.795189488571
100167483520,100167633217,149697,392.011376,134.971976,138.706662505
100167783150,100168299879,516729,483.38801375,135.4598425,131.56592925125
100168333101,100168666534,333433,573.001467619048,120.690427619048,128.009332059048
100168699774,100169466517,766743,630.40874,112.661379574468,126.815063483191
100169499721,100169899723,400002,714.5785192,101.1734456,125.6249407408
100169933097,100170516366,583269,763.955911891892,103.422842162162,124.103790701892
100170549883,100170916324,366441,791.382675652174,113.236992173913,120.970381232609
100170949801,100171616334,666533,799.165757560976,78.8996882926829,120.43253881122
100171649759,100171949727,299968,892.089468421053,73.0794652631579,118.400060587368
100172032975,100172249732,216757,408.142887142857,129.334377142857,124.379991917857
100172283280,100173499459,1216179,390.720237297297,141.013036216216,122.142988225
100173532839,100173799469,266630,471.6364,154.859437647059,122.830664101765
100173832881,100174482920,650039,569.0414285,147.848057,120.11634234325
100174516084,100175049567,533483,653.517465454545,130.221358181818,119.264922127273
100175082899,100175432726,349827,745.311914545455,116.088090909091,117.171926191364
100175482790,100175732717,249927,524.4496825,132.02430875,119.15720971125
100175766279,100175899462,133183,499.1936,132.174908888889,119.316939796667
100175932742,100176132722,199980,734.292543076923,125.498035384615,118.054940674615
100176166143,100176749616,583473,800.973276111111,111.177109444444,117.040676814444
100176783031,100177099347,316316,897.178185,93.258937,115.660483166
100177182828,100177332740,149912,430.187506,163.949218,124.524554663
100177366131,100178249347,883216,398.973794444444,165.41834037037,121.287699888333
100178282946,100178682934,399988,505.5444664,161.2735224,119.9357527704
100178715929,100179066062,350133,580.171465454545,140.035453636364,120.115159556818
100179099217,100179782646,683429,520.254732857143,149.237306190476,121.215216210238
100179815832,100180015831,199999,617.316069230769,158.837153846154,119.927341259231
100180049316,100180615827,566511,722.058162285714,148.055777714286,117.327957815714
100180649205,100181149225,500020,833.194672258065,136.693641290323,112.510662548387
100181182526,100181665887,483361,932.124383333333,119.646465333333,112.67895083
100181699093,100181865849,166756,896.246674545455,140.867385454545,116.83682993
100181932485,100182083389,150904,463.42658,178.381418,118.763347565
100182115701,100182665759,550058,378.347541176471,183.32452,121.980980215882
100182699082,100183115738,416656,507.381173846154,189.354443076923,119.308685878462
100183149085,100183582467,433382,637.400211111111,183.219622222222,119.320117007778
100183615686,100184182400,566714,761.977061142857,166.349230285714,118.374407955714
100184215702,100184332365,116663,797.09205,254.225095,114.3025678725
100184365640,100184649082,283442,841.813932222222,154.247812222222,113.444525838889
100184682417,100184949103,266686,906.881571764706,139.217564705882,113.508106568824
100185015571,100185132250,116679,509.6329275,193.8421025,119.01216204375
100185165733,100185282304,116571,385.3466175,200.711975,119.29845569125
100185315625,100185432233,116608,372.396795,246.8221875,121.06564929
100185465629,100185982408,516779,373.5218175,199.369825625,120.985210139687
100186015576,100186498873,483297,444.370815333333,203.233479333333,119.149970115667
100186532219,100186732233,200014,506.146409230769,205.013778461538,117.372941349231
100186765521,100186882276,116755,593.20816,253.0443625,117.34658363625
100186915449,100187165618,250169,586.1329875,157.432905,116.701743715625
100187198847,100187582167,383320,653.1098025,199.5761375,115.735030906667
100187615455,100187949026,333571,781.340387619048,191.277452380952,112.535039110952
100187982295,100188465522,483227,848.262145333333,176.21111,110.934767005333
100188582307,100188682170,99863,907.790614285714,169.194088571429,107.886578402857
100188765503,100188865617,100114,449.703425714286,211.294654285714,116.702952104286
100188898678,100189332093,433415,375.307627407407,213.486848148148,119.538357667037
100189365620,100189732093,366473,488.89238173913,230.669768695652,119.711496209565
100189765499,100190548802,783303,558.859160416667,233.815089583333,119.2314802125
100190582302,100191115314,533012,703.113896363636,234.659147878788,115.76961386
100191148688,100191598606,449918,766.853303571429,220.358331428571,114.973630367857
100191632019,100192065307,433288,866.52134962963,190.31168962963,113.609078869259
100192248710,100192365271,116561,502.986595,242.2094125,119.55908245625
100192398631,100192598655,200024,399.616287692308,252.262201538462,119.823468954615
100192631881,100192948756,316875,400.773958,269.12488,121.378929032
100192981930,100193315193,333263,490.38965047619,264.651755238095,120.625087712857
100193348752,100193848547,499795,585.817672903226,254.788860645161,119.243310611613
100193881916,100194081919,200003,676.996244615385,255.784683076923,117.529727079231
100194115183,100194698486,583303,757.338419444445,240.396854444444,115.420793296389
100194731851,100195115073,383222,873.879823333333,222.31932,114.577918408333
100195181844,100195298479,116635,458.6221725,257.07268,118.30598313
100195365245,100195665151,299906,361.40204631579,283.651907368421,119.354295973158
100195698485,100196231726,533241,411.083141212121,275.212312121212,118.283303296364
100196265140,100196481809,216669,497.733622857143,280.554857142857,118.258699136429
100196515087,100196748470,233383,538.077601333333,277.273741333333,119.29282423
100196781802,100197265159,483357,651.971564,282.783836,115.250521681667
100197298370,100197465019,166649,737.0572,267.602552727273,113.088987312727
100197498334,100198498267,999933,873.294920327869,232.092328852459,112.885963661148
100198681883,100198798226,116343,509.8316975,275.716045,121.31435225375
100198831598,100199114953,283355,386.645667777778,289.977376666667,122.883333356667
100199148302,100199798235,649933,424.96222,289.9850895,125.78019820975
100199831612,100200414805,583193,512.963472777778,291.579295555556,125.039189758889
100200448321,100201148214,699893,583.803525116279,300.236979534884,125.30046627
100201181543,100201498109,316566,695.582036,304.972502,122.8846821695
100201531864,100201748241,216377,781.44401,292.345171428571,119.617170788571
100201781521,100202264779,483258,861.073153333333,271.649005333333,118.009116726667
100202298130,100202398118,99988,920.392551428572,256.359677142857,115.641116494286
100202481425,100202614686,133261,488.398873333333,305.571235555556,121.32903456
100202648202,100202864920,216718,370.061148571429,315.191721428571,123.908896865
100202898113,100203098099,199986,343.112172307692,331.472998461538,122.238985226923
100203131363,100203497982,366619,424.425199130435,316.440420869565,120.826629692174
100203531357,100204381676,850319,506.749132307692,320.530095,120.416401005962
100204414562,100204831353,416791,605.227266923077,312.542143076923,121.944320340385
100204864635,100205131235,266600,674.800674117647,290.822907058824,127.769817582353
100205164731,100205914572,749841,787.566882608696,301.930026086957,129.28757746913
100205947955,100206248116,300161,865.821114736842,296.332597894737,125.43876665
100206281306,100206564513,283207,909.732338888889,281.198726666667,125.355456871667
100206648017,100206781304,133287,497.755006666667,312.999351111111,127.82132499
100206814457,100207314451,499994,379.250789677419,335.138952903226,131.810398424839
100207464524,100208164536,700012,433.536829767442,345.828564651163,130.468115484651
100208197883,100209097720,899837,538.571361090909,348.252336727273,129.529779180364
100209131135,100209930983,799848,558.918634285714,345.87789877551,127.134122192653
100209964374,100210364554,400180,489.7029704,339.5016712,126.2493218492
100210397724,100210830985,433261,580.172399259259,346.371431111111,125.847288812222
100210864588,100211447698,583110,670.773550555556,332.056819444444,124.018782180556
100211481064,100211947717,466653,822.569455862069,314.6017,123.572625633448
100211981066,100212397628,416562,876.099316923077,311.091288461538,122.401723674615
100212481065,100213280903,799838,376.447646938776,360.214504897959,129.374561688163
100213314220,100214047609,733389,354.867821777778,367.016247555556,128.180231957333
100214081097,100214847586,766489,445.999972083333,390.937710416667,128.477354551667
100214880769,100215647582,766813,499.36511106383,373.897980851064,131.629219619149
100215680785,100216181012,500227,572.194056129032,384.013090967742,131.515021053548
100216214084,100216664073,449989,664.548121428571,368.793440714286,126.111972217143
100216813959,100217313946,499987,697.427172258065,373.995274193548,117.202692199355
100217347838,100217964025,616187,717.360602105263,360.240530526316,113.807074693947
100217997362,100218547415,550053,833.707586470588,334.377498235294,112.095338242353
100218580882,100218764011,183129,863.853778333333,327.651393333333,111.141944083333
100218830622,100219213842,383220,376.769376,395.7695992,118.8479627692
100219247874,100219547666,299792,383.390242105263,392.770133684211,116.225279237368
100219630621,100219997255,366634,903.16053826087,393.733023478261,113.249575462174
