"start","end","dur","x","y","pupil"
361888267075,361888677224,410149,382.515949166667,135.803140833333,78.6166801730769
361888710578,361889077236,366658,404.402044347826,66.6434904347826,81.90879684
361889110567,361889527151,416584,517.116699230769,71.2653253846154,81.92982991
361889562150,361890127322,565172,637.75667,76.944425,87.31056716
361890161471,361890543800,382329,704.021809166667,85.8163741666667,81.84950544875
361890610474,361891043808,433334,372.573334074074,77.5444451851852,82.2020796785185
361891077182,361891593759,516577,471.819901875,108.518370625,85.0215919915625
361891627050,361892477434,850384,563.629932692308,119.557876538462,85.2180486265385
361892510343,361892976985,466642,652.762930344828,109.988573793103,86.8988023237931
361893010316,361893264678,254362,718.5550575,144.1793725,81.18814633125
361893293755,361893626936,333181,796.028502857143,143.883994285714,78.3311973528571
361893660407,361894143558,483151,869.807652,98.2515466666667,77.253737936
361894176992,361894276985,99993,912.979405714286,78.2502114285714,77.6175826842857
361894343566,361894526912,183346,390.076305,114.152531666667,80.01362472
361894560477,361894793634,233157,363.007885333333,163.953694666667,80.2856522093333
361894826925,361895693857,866932,421.598467169811,164.609086037736,78.2467183020755
361895726778,361896010246,283468,500.847951111111,171.507545555556,76.852499085
361896043565,361896367481,323916,573.948467,146.470478,74.8528682915
361896393779,361896826782,433003,669.078142962963,140.792497037037,73.0382268607407
361896867686,361897293527,425841,785.179294074074,141.359918518519,70.5501758092593
361897326798,361897793748,466950,858.087500689655,131.868404137931,67.2163046793103
361897826793,361897943441,116648,898.430615,137.0108675,69.00151477625
361898010135,361898143436,133301,438.983493333333,147.826513333333,74.6061064344444
361898176733,361898393486,216753,348.32146,171.038785714286,76.2653505628572
361898426643,361898693507,266864,428.061803529412,198.052291764706,76.08897062
361898726677,361898993586,266909,493.071138823529,159.967828235294,76.2244020494118
361899026655,361899966867,940212,572.330198245614,148.407601403509,76.4383188989474
361899993362,361900843319,849957,601.286957692308,175.560503846154,77.6686176136538
361900876621,361901660087,783466,700.720280833333,185.923149166667,77.7829630845833
361901693465,361902043183,349718,781.680367272727,167.658246363636,78.6797745045454
361902076897,361902568522,491625,856.358450666667,155.935994666667,75.7380567836667
361902593473,361903467536,874063,901.770773584906,140.224693584906,71.50530381
361903609828,361903876469,266641,420.909722352941,159.319774117647,73.6923428864706
361903909825,361904243067,333242,402.247040952381,167.241633333333,73.1040047095238
361904277600,361904776531,498931,503.155061935484,173.761380645161,68.5735503654839
361904809713,361905426401,616688,593.933542631579,165.867064736842,67.714047625
361905459944,361906993277,1533333,714.580059784946,182.590789462366,68.811644460215
361907026310,361907277630,251320,793.90510375,184.85683,67.56416320375
361907309561,361907693138,383577,874.869206666667,148.5987975,66.4461611191667
361907876374,361908442944,566570,411.622825714286,173.242356571429,69.0848361914286
361908476249,361908867870,391621,516.007675,168.376483333333,67.7930286195833
361908893015,361909542814,649799,564.5471215,167.0819105,70.171302073
361909576310,361909742796,166486,653.170170909091,175.776987272727,69.6891371609091
361909894512,361910393225,498713,742.725801290323,197.672656774194,71.4902692087097
361910426153,361910842819,416666,841.970856153846,202.759306153846,67.7059993996154
361910876563,361910976113,99550,879.917797142857,210.858105714286,66.64072355
361911042816,361911193087,150271,436.161478,215.454168,70.779181018
361911226027,361911467813,241786,355.398578666667,261.596297333333,74.3896096446667
361911492992,361911776726,283734,452.622537777778,288.940098888889,75.3534236416667
361911809493,361912092925,283432,513.540967777778,244.508848888889,78.1827275177778
361912126040,361913192939,1066899,551.718132923077,206.839201538462,76.2671696270769
361913225920,361913509338,283418,642.615798888889,205.04341,75.9971146505556
361913542694,361914075986,533292,730.421591515152,217.978252121212,72.3716640012121
361914109323,361914576347,467024,745.369063448276,232.197566896552,71.4591708572414
361914609332,361915092633,483301,740.859978,220.382162,71.5813356386667
361915125922,361915376235,250313,847.70121,200.63046,73.5364884925
361915409220,361915576000,166780,902.047794545455,195.190952727273,76.4318389863636
361915642562,361915825811,183249,415.711161666667,215.212335,81.5813701866667
361915860937,361916078163,217226,372.82216,230.083391428571,79.9189586078571
361916109216,361916492594,383378,482.016416666667,259.361634166667,74.8401404729167
361916525792,361916766960,241168,566.468096,215.706213333333,70.895708912
361916792738,361917092510,299772,658.487834736842,219.320429473684,68.3947427047368
361917125791,361917509055,383264,746.559123333333,230.871305,66.2940916704167
361917542441,361917942441,4e+05,885.863096,227.700724,63.412455574
361918025785,361918767596,741811,392.324669777778,237.540302222222,71.3261223791111
361918792525,361919075734,283209,485.657546666667,246.309927777778,71.6913265355555
361919109089,361919609123,500034,605.845689032258,226.252958709677,68.2534254996774
361919642326,361920009000,366674,693.061531304348,247.252071304348,65.6911939073913
361920042320,361920567823,525503,770.54253125,246.562973125,66.0802319565625
361920592587,361920942309,349722,844.309890909091,262.774973636364,66.9369390904545
361920975626,361921475628,500002,866.992541935484,247.340752258065,67.7099448516129
361921625549,361921942181,316632,403.604246,257.442386,70.8747833625
361921975639,361922175637,199998,421.031989230769,272.240387692308,70.0017165676923
361922209011,361922592454,383443,490.454335833333,241.315114166667,68.55514220125
361922625568,361922792430,166862,555.067318181818,261.361198181818,66.3014093981818
361922825525,361923042199,216674,636.772801428571,265.451775714286,63.9966162192857
361923075702,361923542199,466497,747.13618,269.028562068966,62.9638524206897
361923575473,361924242056,666583,827.15022,276.192276585366,61.5741523170732
361924276612,361924892139,615527,904.395752631579,251.45676,65.0715594218421
361924975559,361925125420,149861,484.902688,252.303794,70.717500322
361925167546,361925692257,524711,379.283784848485,282.277367272727,68.7520545787879
361925725278,361926458773,733495,463.758179111111,302.341062666667,68.1758823524444
361926491977,361927225276,733299,551.479791555556,277.255333777778,63.4557951446667
361927263881,361927858633,594752,646.131518378378,270.373746486486,62.8710164605405
361927892437,361928392166,499729,725.772687096774,269.098856774194,63.3120661867742
361928425155,361928975241,550086,803.629258823529,284.684610588235,62.6773056847059
361929008566,361929575267,566701,874.89014,285.304037714286,60.7294353365714
361929608595,361929775255,166660,928.130047272727,267.486569090909,61.0857956554545
361929860025,361930408489,548464,399.914384117647,298.689414117647,64.3245724211765
361930441819,361930763927,322108,494.019039,303.253821,62.1029992965
361930792111,361931125025,332914,561.378097142857,292.085114285714,63.375509267619
361931308461,361932076349,767888,650.548934042553,310.76137106383,64.8093837557447
361932108493,361932341679,233186,743.786893333333,287.150121333333,59.6023918773333
361932375317,361933241672,866355,810.46502,281.919758113208,62.2842887369811
361933277155,361933708347,431192,879.182574074074,301.081502962963,67.6242574914815
361933763877,361934041575,277698,630.766046666667,306.804562222222,70.7164574255556
361934108333,361934766999,658666,413.778068,315.641907,76.37900961575
361934791840,361935641594,849754,452.720831923077,346.025656153846,72.9546874823077
361935676447,361935958963,282516,540.090807777778,321.388791111111,73.5631469888889
361935991801,361936358472,366671,635.541328695652,311.17710173913,67.028168193913
361936391702,361937341428,949726,712.230596206897,300.838525172414,66.1135167737931
361937374928,361937591637,216709,771.588968571429,318.450264285714,69.4275602178571
361937624828,361937724819,99991,928.501793333333,350.911036666667,70.1857427414286
