"start","end","dur","x","y","pupil"
345314865266,345314967163,101897,685.660435,284.2023175,183.791577365
345315233848,345315367199,133351,435.474744444444,67.3321644444444,175.432167752222
345315450438,345315550455,100017,380.171574285714,108.46764,160.622056387143
345315583803,345315683791,99988,356.595245714286,113.196651428571,159.552139558571
345315767110,345315854646,87536,437.569688571429,11.4216485714286,167.088641957143
345315878314,345316017083,138769,446.670728,7.173218,170.259026976
345318584020,345318678145,94125,462.037305714286,86.7913028571429,185.70336859
345319300459,345319400282,99823,484.822731428571,95.1957542857143,189.932032668571
345319433567,345319550202,116635,482.0314,113.68117,187.1247986375
345319700451,345319800495,100044,661.120857142857,85.7582342857143,188.471178172857
345319833563,345320100270,266707,651.399527058824,58.58346,192.632288873529
345320166968,345320333573,166605,769.198209090909,53.2358709090909,180.091279961818
345320650216,345320750206,99990,941.652074285714,27.9876628571429,178.790432488571
345320783619,345320900292,116673,930.361995,61.7062625,176.8410677175
345321033438,345321200402,166964,385.752303636364,146.711036363636,173.76396968
345321233414,345321350094,116680,363.78373,127.70586,172.63641131
345321433442,345321616892,183450,494.803818333333,101.886471666667,184.034105324167
345321866933,345321983505,116572,600.3464175,76.5781,188.73717145875
345322200122,345322300150,100028,745.55798,77.0860142857143,183.059460095714
345322333399,345322483640,150241,756.521776,50.156738,178.514233302
345322850100,345323066809,216709,884.413035714286,53.7416314285714,168.529611900714
345323983440,345324083386,99946,602.982754285714,57.3566228571429,185.327442044286
345324116718,345324216725,100007,637.360174285714,70.5719114285714,185.550819657143
345324533313,345324633322,100009,478.78386,99.6057257142857,185.86112608
345324666654,345324783474,116820,466.156755,120.6345475,188.37838624625
345324849969,345324949972,100003,438.676351428571,99.7887971428571,184.635138518571
345325000009,345325166747,166738,414.280938181818,133.145769090909,181.674367174545
345325216589,345325316594,100005,378.992348571429,128.126608571429,173.169670374286
345325349978,345325466679,116701,372.2241075,137.6355525,180.06619042625
345325650119,345325800222,150103,639.127326,153.8626,190.113211
345326133171,345326249948,116777,807.5424025,40.9550375,168.82486434875
345326316577,345326433194,116617,882.652165,32.319155,160.57449222875
345326516594,345326633170,116576,929.3662775,47.41661,162.853169165
345326816583,345326933192,116609,410.0481575,97.40186,165.1613706
345328433065,345328549836,116771,496.21772,139.5589775,174.71387227375
345328683524,345328799881,116357,552.3230075,219.15166,174.54003029125
345329066596,345329233048,166452,626.395910909091,129.653567272727,177.405642193636
345329283122,345329383116,99994,671.12194,113.673731428571,177.258825641429
345329416482,345329616476,199994,692.894189230769,107.245655384615,181.556371502308
345329816352,345330283225,466873,783.365155172414,99.4524337931035,170.179781708621
345330316334,345330416348,100014,790.19748,108.083402857143,167.619303914286
345330516326,345330616344,100018,850.606345714286,83.5182628571429,165.719906421429
345330649747,345330783174,133427,847.787846666667,76.7233555555556,166.679674226667
345330916313,345331066432,150119,896.421618,22.67538,166.283988703
345331099788,345331182981,83193,905.133468571429,8.66040857142857,167.22094524
345331467084,345331566437,99353,891.31882,99.7681942857143,174.786773907143
345331616326,345331849593,233267,908.672533333333,65.4101506666667,176.124797974
345332083055,345332183075,100020,740.749322857143,28.3998228571429,173.633684084286
345332216221,345332366309,150088,727.381328,47.16992,178.139735735
345332466317,345332566304,99987,941.732348571429,76.95028,175.168235662857
345332599664,345332749595,149931,932.531446,98.982132,179.914479408
345332849599,345332999628,150029,394.803364,156.464952,183.518749182
345333032816,345333132801,99985,375.3564,176.940137142857,180.98319715
345333416214,345333516221,100007,431.79718,170.498811428571,183.211244912857
345333616216,345333749597,133381,557.4499,149.88916,180.523134705556
345333949451,345334066335,116884,539.016835,164.9772425,183.952949845
345334182967,345334283047,100080,650.171902857143,99.4796028571429,185.822975521429
345334383116,345334566295,183179,757.047168333333,104.566076666667,175.758325015
345334666314,345334832816,166502,846.457769090909,59.7673709090909,168.92675497
345335516097,345335666222,150125,543.389676,149.206568,184.756504707
345335699531,345335899530,199999,596.152163076923,145.719956923077,188.238288641538
345336066195,345336199523,133328,671.177715555556,139.33822,177.917284984444
345336266189,345336382742,116553,603.04181,111.117045,184.23568096
345336466187,345336566189,100002,746.86378,119.714317142857,185.56375809
345336632682,345336816469,183787,622.339723333333,128.049901666667,190.591235705833
345337132691,345337249326,116635,913.85905,70.1440325,180.805477815
345337282908,345337499394,216486,934.946501428571,54.6778242857143,186.468773713571
345337549343,345337649325,99982,848.72132,64.7704285714286,180.570043187143
345337815998,345338066093,250095,713.29507,109.09297875,195.045694595625
345338299391,345338399369,99978,720.507168571429,139.714231428571,188.125889068571
345338482781,345338782720,299939,838.433591578947,141.242687368421,179.259590291579
345339115964,345339215985,100021,357.001442857143,180.576157142857,166.24758017
345339249218,345339349215,99997,358.830997142857,194.665308571429,171.325123805714
345339415966,345339566058,150092,432.583498,187.037086,171.767726607
345339816218,345339982707,166489,498.168230909091,189.955314545455,182.762995455455
345340015810,345340199245,183435,538.615578333333,184.398853333333,186.044343895833
345340399277,345340515833,116556,602.2012225,192.10834,173.4689437625
345340766246,345340932435,166189,563.804774545455,244.324449090909,175.949642141818
345340965931,345341066104,100173,579.78766,243.251977142857,176.23326086
345341099274,345341282487,183213,598.46871,231.470721666667,170.9553257925
345341482479,345341599160,116681,511.6149425,227.5775775,172.82343884125
345341682524,345341866001,183477,636.553441666667,226.18727,181.860803940833
345341899175,345342115873,216698,603.280724285714,218.129675714286,188.113542895714
345342149092,345342282536,133444,594.829448888889,194.965044444444,190.7603872
345342315693,345342549095,233402,596.029166666667,170.346657333333,198.379212690667
345342582523,345342699128,116605,633.3901,165.94809,198.56847853125
345342866809,345342965805,98996,733.501414285714,182.085511428571,202.39944217
345343215713,345343432290,216577,739.101182857143,197.333945714286,197.596985065714
345343549092,345343682466,133374,779.446348888889,172.508928888889,181.265179703333
345343865838,345343999002,133164,867.670506666667,176.225886666667,174.348323755556
345344032317,345344132310,99993,873.401845714286,164.907254285714,170.147554012857
345344248948,345344482544,233596,787.115717333333,190.259818666667,174.15826769
345344548964,345344699003,150039,870.423624,165.473628,175.316588835
345344765674,345344899019,133345,931.750364444444,142.161713333333,177.094371145556
345344932322,345345048959,116637,937.79378,148.1555075,178.4694737225
345345082389,345345315609,233220,940.821597333333,186.698413333333,181.437002394667
345345432311,345345532180,99869,404.56314,219.371145714286,180.97558898
345345566543,345345715604,149061,355.88901,224.014042,182.170017199
345345799019,345345932201,133182,397.498035555556,232.119844444444,179.091407993333
345346199028,345346365834,166806,788.174812727273,160.590950909091,182.509569049091
345346398918,345346598909,199991,762.734661538462,149.602336923077,184.055616288462
345346798887,345346932188,133301,400.545811111111,216.905417777778,176.540981202222
345347348837,345347448830,99993,473.105411428571,223.90646,172.625762408571
345347648853,345347815480,166627,616.716770909091,225.014001818182,176.09433838
345348082221,345348182144,99923,695.512402857143,217.584262857143,174.998588748571
345348232063,345348482211,250148,745.67917,211.36553625,172.16557557375
345348515450,345348682285,166835,774.271510909091,208.967070909091,171.939951162727
345348848711,345348998780,150069,840.578852,197.664466,177.688199298
345349032039,345349148706,116667,854.5507625,170.464715,175.86218465625
345349198896,345349315466,116570,883.30494,183.158275,178.10149177
345349348715,345349598898,250183,900.94633125,189.5098575,179.4650047375
345349632054,345349732063,100009,904.783282857143,208.519274285714,182.258367675714
345349832056,345350115528,283472,373.572421111111,302.437307777778,187.04297474
345350332078,345350482134,150056,793.7593,191.061828,192.209816021
345350531915,345350798769,266854,770.734227058824,187.098241176471,191.549390724118
345350831935,345350965692,133757,797.293517777778,199.88914,191.442144593333
345351115347,345351265458,150111,709.474088,208.042908,191.597565888
345351298989,345351398880,99891,716.012602857143,203.343037142857,193.183407458571
345351431939,345351631931,199992,654.939090769231,204.435838461538,193.975667583077
345351815330,345351915350,100020,891.313548571429,177.739254285714,184.008466
345351965443,345352098656,133213,922.927088888889,154.403408888889,180.671734326667
345352265315,345352365280,99965,396.988265714286,220.8607,179.675561644286
345352731952,345352831952,1e+05,421.458468571429,234.929648571429,178.755722615714
345352866332,345352998651,132319,439.442653333333,221.297031111111,178.741096734444
345353165329,345353382111,216782,399.231375714286,255.935862857143,170.599589376429
345353415224,345353582047,166823,424.250503636364,237.144183636364,176.692999881818
345353648591,345353848596,200005,514.177633846154,253.189406153846,182.201327972308
345354265349,345354366525,101176,680.961065714286,233.37234,188.788993617143
345354398516,345354515221,116705,685.7864175,213.6772125,182.73960760875
345354565334,345354798497,233163,755.411216,198.16926,177.314841368667
345354931794,345355148466,216672,629.544407142857,187.201088571429,178.931480704286
345355181868,345355331793,149925,621.335376,207.997094,178.71046662
345355365151,345355515101,149950,589.846994,214.705404,178.245652836
345355815115,345355981905,166790,535.065707272727,244.65094,175.180217859091
345356031662,345356165528,133866,584.333977777778,229.23734,175.639935601111
345356198517,345356315199,116682,609.28537,225.369965,171.009431035
345356398394,345356498409,100015,682.809114285714,207.358828571429,165.14694367
345356531691,345356715095,183404,704.054056666667,211.68885,169.189436043333
345356815074,345356915097,100023,653.359945714286,230.758477142857,168.39291321
345356948342,345357048424,100082,636.471794285714,212.554811428571,171.326320147143
345357081747,345357181756,100009,612.761811428571,206.757182857143,172.947225147143
345357414984,345357514976,99992,677.479614285714,238.98306,178.860849967143
345357548356,345357665099,116743,695.97241,237.69275,179.59553758875
345357731684,345357848381,116697,774.9823775,193.44853,169.30522999375
345357881894,345357998624,116730,792.6266525,185.473435,167.43385738
345358031686,345358231538,199852,826.747170769231,201.233727692308,165.060697406923
345358265076,345358381706,116630,857.5580025,187.75262,164.3837952525
345358465095,345358614973,149878,787.962446,200.4489,179.173533963
345358648336,345358748338,100002,792.070737142857,213.168302857143,181.687317752857
345358781745,345358881784,100039,830.467434285714,217.184114285714,181.015097905714
345358966686,345359081906,115220,863.383015,224.83172,178.9157065225
345359114963,345359248208,133245,882.405804444444,210.79358,174.770510278889
345359281626,345359381633,100007,912.80398,201.469865714286,172.696605754286
345359498503,345359765321,266818,377.610397647059,278.524744705882,180.277084045882
345359831544,345359964938,133394,447.505313333333,270.631413333333,179.227413678889
345360431542,345360531542,1e+05,458.036148571429,283.320948571429,179.501657838571
345360698317,345360848215,149898,533.617066,254.69277,185.280336077
345360881672,345360998267,116595,490.444675,252.370465,179.25093210625
345361031430,345361131442,100012,473.50876,248.322517142857,178.62553057
345361181492,345361314872,133380,548.237653333333,244.220506666667,175.794489017778
345361381498,345361481510,100012,587.899831428571,276.17152,176.278805208571
345361515218,345361648123,132905,594.230966666667,275.447088888889,177.409056423333
345361865059,345362148078,283019,680.80624,229.141424444444,175.949633797778
345362264952,345362548089,283137,742.907343333333,228.837586666667,172.055097626111
345362614728,345362781607,166879,823.288707272727,216.918523636364,170.583403151818
345362814706,345362914716,100010,802.437137142857,189.645788571429,175.018220398571
345363048092,345363168624,120532,841.6812525,205.6599,173.18270479375
345363231305,345363414730,183425,917.639116666667,191.721836666667,180.134296701667
345363481470,345363598187,116717,798.63294,207.829395,190.07276647
345363631301,345363781471,150170,798.093966,224.190044,193.604547422
345363848099,345364181541,333442,911.550341904762,215.222873333333,192.072940267619
345364398043,345364498019,99976,386.018254285714,310.391117142857,191.138322602857
345364531311,345364681377,150066,392.170142,304.534108,194.089927215
345365131293,345365247968,116675,542.6765075,322.4693425,187.00657955125
345365281366,345365381372,100006,512.579654285714,303.678471428571,180.936537627143
345365481361,345365598092,116731,559.374135,299.02354,172.487782325
345365714670,345365947961,233291,494.482489333333,282.747328,169.675714076
345366031196,345366147968,116772,569.856495,277.6376325,176.62406242375
345366264726,345366381279,116553,632.42899,240.8188475,181.08632623625
345366447846,345366547837,99991,687.34714,246.543685714286,183.28086508
345366864789,345367047832,183043,719.332843333333,271.823781666667,188.766002155
345367114601,345367314478,199877,784.983561538462,247.525983076923,184.52779516
345367347833,345367747852,400019,797.4643856,246.4709088,181.578952338
345367814465,345367931233,116768,877.85641,236.7877475,185.53746691625
345367965356,345368114463,149107,872.998962,241.888046,183.553607944
345368147827,345368264579,116752,871.12672,235.40165,187.44692899625
345368447835,345368614464,166629,397.830061818182,285.280269090909,190.053760369091
345368647856,345368764747,116891,361.70665,304.72626,194.91747955375
345368847851,345369114467,266616,521.857776470588,278.577064705882,187.207192808824
345369197796,345369314483,116687,574.163675,284.987375,196.318700105
345369514481,345369681167,166686,941.635510909091,223.478492727273,189.880806126364
345369814353,345369931050,116697,415.0735675,278.398985,191.13395402125
345369997876,345370097768,99892,377.457865714286,308.436605714286,186.828594507143
345370131067,345370297772,166705,371.882943636364,328.629469090909,186.949220586364
345370747708,345370914351,166643,811.966958181818,270.344614545455,189.832664617273
345370947725,345371047715,99990,843.70068,261.205574285714,181.537341977143
345371114351,345371230981,116630,909.885615,231.437115,178.9638927275
345371365843,345371514369,148526,741.331168,263.308176,174.900048096
345371564459,345371714365,149906,686.654914,266.704426,175.720236619
345371747601,345371864417,116816,667.4490025,261.4910575,180.5575074425
345372047592,345372597667,550075,668.280691176471,267.209860588235,173.868808459412
345372697863,345372947589,249726,801.17596,262.10110875,167.45518617
345372981021,345373164323,183302,771.701,264.953618333333,171.73589471
345373314216,345373567421,253205,821.68756125,268.33712625,173.866375513125
345373897714,345374014216,116502,841.8147875,235.48885,174.9806286275
345374047460,345374147462,100002,879.796191428572,235.167128571429,181.77836507
345374214231,345374314223,99992,786.657497142857,259.161254285714,177.967198771429
345374381052,345374480899,99847,740.661797142857,284.48114,173.854091971429
345374514220,345374681012,166792,733.267209090909,272.782621818182,173.045336119091
345374764460,345375014103,249643,897.935705,252.54334375,177.70700700875
345375047458,345375180884,133426,917.474695555556,270.611415555556,178.190251031111
345375330802,345375497775,166973,357.067596363636,292.742029090909,179.417187974545
345375566682,345375664186,97504,386.275425714286,324.810968571429,177.125296134286
345375897741,345376030686,132945,440.779768888889,303.119228888889,178.616594203333
345376080846,345376214089,133243,520.3811,307.853273333333,182.269634994444
345376247473,345376580769,333296,529.914335238095,322.864901904762,177.668365626667
345376614103,345376847342,233239,553.815518666667,313.228946666667,177.731828058667
345376880842,345377064729,183887,544.081441666667,317.986265,180.252033819167
345377230680,345377397632,166952,633.422789090909,302.347729090909,182.232975136364
345377430718,345377565490,134772,649.561877777778,306.143806666667,180.646724654444
345377765339,345377930683,165344,721.565689090909,290.368643636364,170.210672513636
345378197394,345378297410,100016,781.006948571429,275.947785714286,174.138574284286
345378330555,345378614056,283501,797.284575555556,291.478811111111,177.46300751
345378697418,345378997271,299853,888.696796842105,265.894896842105,176.21343452
345379030555,345379147212,116657,881.16187,283.224175,182.80719946
345379180646,345379330565,149919,928.375544,274.499884,184.320322006
345379430546,345379697266,266720,354.663964705882,337.998810588235,188.246577476471
345379730559,345379847233,116674,384.6854225,350.0165975,192.6206999125
345379913858,345380047214,133356,461.077882222222,332.663344444444,187.935702487778
345380247224,345380380705,133481,577.084137777778,307.859666666667,187.286781012222
345380413864,345380597288,183424,580.018355,325.25751,188.787468046667
345380697260,345380813844,116584,662.993925,323.3117975,190.74075
345380847228,345381047211,199983,664.558550769231,314.619449230769,191.20397555
345381163963,345381297504,133541,759.463188888889,312.367526666667,186.143183371111
345381330412,345381447222,116810,800.201075,316.58335,187.8407773225
345381513867,345381797420,283553,661.081636666667,321.92678,194.690576354444
345381980522,345382113943,133421,777.221906666667,310.488191111111,185.192683242222
345382230458,345382430445,199987,915.066841538462,348.45704,184.954160188462
345382530435,345382663885,133450,834.858142222222,317.34314,182.317712738889
345382697359,345382813724,116365,804.1869,301.8581775,180.7311406525
345382880654,345382980509,99855,662.696508571429,301.710757142857,181.68842691
345383013731,345383247088,233357,662.223304,306.182674666667,185.095981314
