"start","end","dur","x","y","pupil"
79608154138,79608404027,249889,427.771628235294,229.245972941176,206.753069710588
79608437270,79608604232,166962,400.720129090909,120.817116363636,202.43642043
79608637188,79608970769,333581,366.617883809524,43.0169876190476,189.830520907619
79609004102,79609487304,483202,389.896917333333,25.4089006666667,182.491190103667
79609520625,79609820506,299881,485.987952631579,40.8804484210526,182.388840588947
79609853899,79610303998,450099,592.619912142857,22.4681014285714,187.210764049286
79610337197,79610720531,383334,733.574308333333,14.2063983333333,191.293415806667
79610753878,79610878031,124153,805.4679575,28.6384825,190.18158145875
79611004004,79611287751,283747,389.395872222222,49.0239088888889,195.903242226667
79611353744,79611453737,99993,746.995928571429,41.82826,195.143514761429
79611487190,79611770676,283486,866.04683,26.86993,185.412580227222
79611837105,79612020560,183455,468.979613333333,62.4161716666667,196.263233858333
79612053736,79612337088,283352,381.183872222222,54.9090033333333,196.620660580556
79612378349,79612737091,358742,532.999004347826,67.4140469565217,196.4441246
79612770449,79613020371,249922,403.28883125,108.9449925,197.22117704625
79613053754,79613620355,566601,390.035990857143,142.617194857143,194.89328755
79613653736,79614136957,483221,511.517566,136.129144,186.139217905
79614173106,79614536971,363865,558.214316521739,129.884699130435,182.915086286522
79614576403,79615170440,594037,697.370666486486,123.727181081081,175.191854300541
79615203956,79615670470,466514,720.917997241379,121.415493793103,171.709235863103
79615703815,79617036880,1333065,683.587290864198,127.687463209877,171.535530691975
79617078170,79617686933,608763,792.017281052632,125.507516842105,167.383219441842
79617720142,79617853494,133352,840.530431111111,112.985497777778,166.477909494444
79617920142,79618103581,183439,419.429705,137.150128333333,168.569678420833
79618136712,79618778265,641553,396.133799487179,144.419001538462,168.078006809744
79618803395,79618903492,100097,514.373402857143,141.659954285714,170.089252644286
79619036727,79619636705,599978,542.09455027027,151.685768108108,176.043758364865
79619686807,79620353329,666522,677.936765365854,146.52013804878,169.408859947317
79620386810,79620787717,400907,732.9223104,142.520496,173.9028697924
79620820074,79621286719,466645,817.693354482759,148.133955862069,171.039658036207
79621353271,79621470260,116989,461.744265,157.871495,180.6684146575
79621503517,79622003413,499896,392.889551612903,169.360408387097,183.760374235484
79622036631,79622986971,950340,504.952895862069,169.327603103448,180.44215158069
79623019882,79623570019,550137,588.956612941176,159.974764117647,178.513727469706
79623703392,79624519836,816444,615.368722,161.9225828,174.8066919092
79624553127,79624986955,433828,709.626351111111,156.826827407407,169.269179267778
79625019790,79625553121,533331,841.95701030303,162.97150969697,170.34179523697
79625636352,79625753109,116757,445.926325,194.4666375,183.53965682125
79625789828,79626003430,213602,367.675547142857,200.15859,183.769458013571
79626153115,79626819823,666708,405.917656097561,191.181277073171,180.99271523878
79626852998,79627419658,566660,519.711364571429,195.814894285714,177.430802226
79627452992,79627986455,533463,612.019786666667,191.518093939394,177.607057230909
79628019743,79628136203,116460,660.134095,208.896745,175.6713819575
79628175236,79628303060,127824,744.156126666667,185.823922222222,172.635867224444
79628336226,79628852866,516640,828.61021625,187.69830375,171.211154084062
79628886376,79629619518,733142,835.505006666667,194.139360888889,172.540746567111
79629803124,79629903008,99884,469.203525714286,194.746682857143,183.110724771429
79629936213,79630578331,642118,396.978290769231,202.998785641026,180.604084027692
79630603009,79631770374,1167365,505.365354929578,207.413985915493,173.919522048451
79631802962,79632402785,599823,599.510994054054,209.268328648649,172.411730403243
79632578367,79632678036,99669,651.634594285714,220.858897142857,168.933704598571
79632702894,79633952609,1249715,633.625273947368,208.060065,173.869397508947
79633989124,79634319403,330279,594.005695238095,207.445528571429,179.91634021381
79634352626,79634452619,99993,652.015222857143,211.97634,182.515781327143
79634486113,79634919540,433427,468.38448,215.14958962963,184.305113393333
79634952615,79635119310,166695,452.166554545455,221.913456363636,186.582649781818
79635152589,79635419267,266678,562.075929411765,222.502738823529,185.004354851176
79635452594,79635619278,166684,663.511325454545,216.365389090909,186.459646206364
79635652625,79635770782,118157,763.41053,220.3138,187.20331021375
79635935824,79636135852,200028,829.441173846154,212.543929230769,185.173069889231
79636202662,79636376198,173536,426.824441818182,241.097609090909,196.864426930909
79636402530,79636878231,475701,400.05511862069,242.454986206897,193.528721597241
79636902594,79637502761,600167,510.835431351351,249.604751351351,200.266423931892
79637535863,79637702845,166982,636.746703636364,242.065658181818,201.622162001818
79637835849,79637935698,99849,668.42254,249.780694285714,205.30305044
79637977357,79639202625,1225268,721.676958933333,248.161472533333,226.686628064267
79639352386,79639678212,325826,782.017847,256.285686,238.398659385
79639702658,79640402408,699750,798.082362790698,256.748234883721,226.924434591628
79640477222,79640588912,111690,443.5958175,272.114765,231.10359955375
79640619062,79640919046,299984,383.561407368421,278.578628421053,228.43101675
79641177845,79641819021,641176,422.72288,272.761921,244.8150185195
79641978087,79642152258,174171,415.853473333333,280.090791666667,224.311140641667
79642335635,79643218898,883263,454.5025388,280.6838296,222.7397739894
79643369156,79643888281,519125,399.336019259259,269.242098518519,209.824894287037
79644202394,79644385542,183148,459.677828333333,267.30812,213.375683361667
79644618809,79644818840,200031,457.266396923077,256.639238461538,209.647898423846
79644918787,79645078048,159261,801.084248,263.37083,200.726953708
79645302379,79645635322,332943,742.293011428572,229.398665714286,197.188485175238
79645678364,79645876918,198554,821.083430769231,229.899050769231,202.492116493077
79646002493,79646202406,199913,411.16098,238.590463076923,192.305153432308
79646385454,79646578230,192776,498.52732,238.724681666667,183.238272068333
79646602024,79646885513,283489,594.29604,251.587545555556,199.984178424444
79646918812,79647118675,199863,683.435103076923,259.658810769231,186.867241668462
79647285439,79647418645,133206,781.15994,232.37486,172.388733588889
79647652008,79647835364,183356,846.933605,261.579776666667,191.349204935
79647902132,79648078192,176060,450.239807272727,293.845596363636,205.6944498
79648376189,79648568857,192668,496.991138461538,295.275930769231,196.887166182308
79648602153,79648735199,133046,583.186704444444,302.636957777778,213.372082334444
79649051888,79649251886,199998,694.758569230769,288.524947692308,200.790780775385
79649289317,79649518573,229256,725.293251428571,328.55044,200.939181245714
79649552252,79649851873,299621,767.344292631579,269.675152631579,204.173975366842
79650086490,79650502090,415600,774.786499230769,275.904102307692,210.455766985385
79650768523,79650868730,100207,837.006548571429,278.088685714286,194.163807844286
79650951876,79651201933,250057,406.37727125,297.60082125,215.404179143125
79651485488,79651835132,349644,419.038174545455,298.482964545455,206.435831239091
79651876929,79652218412,341483,457.074855454546,300.095518181818,202.900535378636
79652418426,79653251755,833329,582.561463529412,296.220566666667,206.896646046667
79653285044,79653734949,449905,676.96748,284.851572142857,201.854116504286
79653777196,79653901910,124714,733.586224444444,290.211555555556,202.049400683333
79654118400,79654334993,216593,790.756661428572,290.645912857143,191.916252865714
79654368610,79655135004,766394,715.771943829787,304.834119574468,194.205635029362
79655434829,79655677361,242532,840.084230666667,278.624613333333,180.183689892667
79655734829,79655901861,167032,420.236236363636,312.2036,190.631249788182
79655934841,79656078176,143335,380.753773333333,319.315622222222,187.483023613333
79656201735,79656401539,199804,415.229824615385,314.511450769231,186.033403232308
79656434848,79657034908,600060,505.732102702703,316.418237837838,188.565679482703
79657234826,79657401700,166874,562.863385454545,305.775709090909,187.278049782727
79657434825,79657934701,499876,649.970569032258,313.795578709677,191.88352111871
79657968347,79658218149,249802,721.48116875,303.15848875,191.499223911875
79658251505,79658401667,150162,826.199396,296.14874,186.445160546
79658586966,79658834704,247738,836.95503375,288.3471525,193.217180386875
79658918156,79659084801,166645,436.258756363636,332.636232727273,197.842787109091
79659118147,79659434705,316558,385.302861,323.702884,189.5640280765
79659734699,79660101594,366895,576.387957391304,298.624173043478,187.986129447826
79660134717,79660385666,250949,628.71631625,288.99139375,181.61188337875
79660418081,79660618058,199977,504.112198461538,305.04496,183.235014289231
79660651396,79661151383,499987,412.891449032258,318.662515483871,184.155510006129
79661184694,79661401414,216720,528.170768571429,329.686068571429,189.924725994286
79661434592,79661985307,550715,621.445203529412,331.826014117647,195.677946937353
79662017891,79662367940,350049,731.714860909091,344.95132,193.933786170455
79662588031,79662751259,163228,812.224014545455,315.539329090909,188.579555341818
79662785924,79662885461,99537,834.90338,334.606728571429,195.792895202857
79662977613,79663284526,306913,389.007917,355.245578,188.149090383
79663501515,79663701579,200064,407.775286153846,350.008296923077,175.579900851538
79663734454,79664034534,300080,542.842490526316,365.776224210526,188.878855058421
79664077057,79664284583,207526,662.222621428572,365.536585714286,179.803358576429
79664317932,79664618032,300100,692.07842,357.123745263158,180.700940474737
79664651074,79664884631,233557,798.097672,354.514548,180.352513617333
79664951112,79665267803,316691,378.751183,362.775567,196.2438119685
79665301281,79665417773,116492,530.2218525,347.75888,197.84995469375
79665468212,79665601344,133132,540.746268888889,66.1733977777778,188.260755697778
79665677640,79665834779,157139,624.170998181818,-40.9293854545455,189.049711659091
79665868344,79665985809,117465,714.298295,-27.6045675,194.05224270625
79666151114,79666251034,99920,876.95638,383.884578181818,200.083566181429
