"start","end","dur","x","y","pupil"
8324273744,8324372891,99147,616.897925,229.765355,205.0969921475
8324589555,8324706195,116640,422.51557,214.8008725,196.52708779
8324739631,8324956256,216625,399.913991428571,207.968952857143,187.725071478571
8325322955,8325423046,100091,416.472408571429,125.802962857143,165.143762758571
8325972828,8326189395,216567,606.343614285714,66.0635314285714,171.758117502143
8326225386,8326339479,114093,580.7158125,51.9842475,177.3066317575
8326406190,8326606208,200018,725.344070769231,67.3257046153846,182.572581016923
8326739476,8326872834,133358,767.162657777778,70.6264844444444,189.836677
8326906078,8327022927,116849,763.417045,76.2546575,188.7910221
8327056139,8327339474,283335,727.348197777778,70.5823033333333,190.708652232778
8327422911,8327522899,99988,446.977148571429,178.493754285714,198.432662892857
8327556132,8327689408,133276,393.743948888889,169.337111111111,194.708112841111
8328322850,8328489308,166458,697.251250909091,121.079096363636,219.700760844545
8328656283,8328772810,116527,773.5937925,156.7036675,218.141827595
8328839391,8329089312,249921,831.307625,144.232835,213.28566614
8329126167,8329427542,301375,785.09684631579,149.953615789474,212.148400724737
8329489305,8329605956,116651,830.6351775,140.45792,207.49869256375
8329855992,8329989297,133305,384.1605,172.030888888889,206.222842746667
8330189288,8330289285,99997,413.75528,196.088237142857,206.368232592857
8330325122,8330422660,97538,366.660717142857,194.695002857143,202.732622904286
8330522688,8330622709,100021,404.002714285714,188.200554285714,201.130605744286
8330739362,8330872581,133219,763.837644444445,158.081077777778,193.824663818889
8330922697,8331056031,133334,845.588408888889,148.408886666667,197.074515272222
8331256015,8331455997,199982,406.415376923077,170.915883076923,202.188878147692
8331539279,8331639253,99974,646.662914285714,163.42558,198.420120604286
8331705956,8331839210,133254,717.96678,146.974897777778,191.941067773333
8331905816,8332089176,183360,781.060048333333,140.098225,193.86887712
8332126250,8332256053,129803,822.238482222222,141.604348888889,193.233517543333
8332339245,8332626675,287430,686.53577,157.60208,193.815399571111
8332805823,8332972435,166612,510.849703636364,158.076927272727,197.47253633
8333005826,8333105823,99997,571.129722857143,160.137037142857,194.734441937143
8333172450,8333355876,183426,670.50783,165.503968333333,191.82914142
8333439217,8333589044,149827,394.145862,156.463722,192.919127017
8333672448,8333789052,116604,648.20787,166.0599925,192.29997647
8333872456,8334039525,167069,421.962845454545,161.321470909091,189.394914304545
8334072469,8334239098,166629,372.062643636364,167.248941818182,190.924397625455
8334305846,8334439107,133261,448.783768888889,161.059486666667,190.14474088
8334505703,8334672469,166766,548.733552727273,160.436830909091,189.267039717273
8334739112,8334855753,116641,706.613575,159.49717,187.70778171125
8334922552,8335105696,183144,793.84713,162.295401666667,186.4658307625
8335139111,8335339110,199999,772.726670769231,152.832304615385,188.477394711538
8335372318,8335489037,116719,810.9570425,147.4001375,188.23079870625
8335522413,8335639113,116700,837.0368575,153.70475,179.01297232375
8335672347,8335805700,133353,862.270504444445,155.64056,175.775307924444
8335839099,8336005717,166618,860.094989090909,140.158109090909,173.51466088
8336105702,8336322447,216745,519.647622857143,179.614147142857,178.097324101429
8336388914,8336525180,136266,610.1026,182.902833333333,178.377221027778
8336556023,8336688929,132906,645.288631111111,185.012255555556,176.805333
8336788939,8336888911,99972,732.375814285714,175.106425714286,174.516913485714
8336925903,8337038983,113080,743.18638,170.0178675,172.66496160375
8337222455,8337372365,149910,859.210328,162.779772,171.636225531
8337539492,8337672234,132742,397.952186666667,190.067184444444,183.430556118889
8337705558,8337905574,200016,386.066481538462,193.905990769231,183.616028952308
8338038997,8338272243,233246,490.996277333333,192.613993333333,179.299285840667
8338305566,8338422283,116717,534.2753975,189.228245,179.31762488875
8338455774,8338588795,133021,541.088588888889,194.537346666667,183.895729796667
8338625805,8338738878,113073,483.6394825,199.2074825,185.02806957
8338805578,8339040378,234800,598.963105333333,204.210297333333,185.431316002667
8339072192,8339222286,150094,639.149092,209.123822,187.049721099
8339255653,8339388779,133126,682.351728888889,202.934291111111,184.766248702222
8339438876,8339605447,166571,745.378821818182,192.89112,181.833551608182
8339688800,8339789540,100740,858.733688571429,183.702934285714,178.70879595
8339822312,8340072497,250185,888.20993875,181.05365625,178.927802555625
8340105444,8340225497,120053,857.286655,179.953455,184.02035395875
8340405447,8340522165,116718,405.7202225,212.74327,191.11694567375
8340555517,8340672094,116577,372.6697,217.2253625,190.806015525
8340738895,8340872085,133190,514.438375555556,226.059502222222,186.350596665556
8340938844,8341205473,266629,598.429136470588,224.482282352941,186.377697626471
8341355990,8341525375,169385,741.50892,219.268018181818,185.835081363636
8341672124,8341788867,116743,853.5057475,208.13437,186.78017768625
8341972049,8342072083,100034,399.487202857143,235.067505714286,196.302295168571
8342225583,8342488686,263103,442.998085882353,250.600544705882,197.181159595882
8342525070,8342655489,130419,497.936873333333,254.382044444444,194.511696487778
8342724446,8343038781,314335,567.821592,248.410534,192.669889419
8343088723,8343205324,116601,637.458375,243.698295,191.62858523375
8343271955,8343371994,100039,710.740431428571,234.18468,187.345186698571
8343605327,8343705324,99997,844.543394285714,214.51534,184.62077212
8343871956,8344005317,133361,704.442488888889,224.988164444444,184.237947636667
8344038604,8344138604,1e+05,735.540897142857,233.289991428571,183.553200825714
8344224824,8344322134,97310,895.312748571429,216.715471428571,183.284999704286
8344525621,8344755495,229874,383.329968,250.414610666667,186.317387060667
8344822109,8345071962,249853,501.316105,268.55778,186.813399305
8345122078,8345271836,149758,605.087946,276.58773,186.668770136
8345355266,8345488540,133274,727.400344444444,256.489833333333,183.300465174444
8345555271,8345671822,116551,802.55999,243.502755,178.67502319125
8346088402,8346255391,166989,377.602658181818,274.641450909091,186.729296453636
8346321995,8346638478,316483,477.563493,286.902466,194.0078745645
8346671841,8346855339,183498,536.971698333333,287.72453,191.022433920833
8346888426,8346988429,100003,577.903688571429,281.87838,189.634698594286
8347055208,8347238492,183284,667.589401666667,277.536918333333,186.563745753333
8347271832,8347371811,99979,712.274071428571,278.929185714286,190.061510177143
8347438464,8347588436,149972,766.812054,271.736452,187.384660266
8347955145,8348138485,183340,394.865436666667,298.279166666667,183.29916317
8348221821,8348321843,100022,450.613065714286,313.963228571429,183.229556425714
8348421801,8348538381,116580,513.55123,327.66584,177.82302174875
8348588290,8348705077,116787,477.8843075,306.086055,175.59710344625
8348771738,8348905085,133347,579.01148,293.741011111111,173.368559841111
8349021782,8349271709,249927,672.65111125,294.30809,171.5784851125
8349338348,8349571691,233343,560.198069333333,291.62266,176.40629659
8349688284,8349821808,133524,697.147777777778,288.902237777778,180.046417252222
8349971669,8350126112,154443,767.251264,271.804888,182.3973156
8350155259,8350271575,116316,814.6119825,275.22543,182.76714155625
8350538369,8350655011,116642,380.269275,311.00457,189.62045753
8350788313,8350925220,136907,477.537328888889,311.137831111111,193.364525252222
8351071580,8351224572,152992,533.319222,326.676888,191.153650164
8351271588,8351371574,99986,587.335508571429,326.272528571429,194.839646417143
8351455024,8351555062,100038,713.759834285714,319.269048571429,191.95226157
8351638224,8351755015,116791,872.373175,300.59106,191.53198545
8351921705,8352121746,200041,387.233755384615,335.217592307692,196.7880641
8352171601,8352288152,116551,461.2403275,339.9796975,198.1326791325
8352355046,8352471591,116545,553.5817925,346.81278,197.6130286525
8352538239,8352638237,99998,645.457997142857,344.917545714286,195.64840985
8352788217,8352888176,99959,745.673905714286,337.96938,191.375270862857
8352954892,8353125012,170120,824.439914545455,338.048283636364,196.564117742727
8353204826,8353504831,300005,578.480956842105,342.12252,200.078054216316
8353625834,8353771456,145622,663.532802,337.255928,199.912909722
8353804820,8353927489,122669,689.31703,340.630145,198.21677763125
8353988054,8354171461,183407,620.223641666667,350.37141,193.618221109167
8354224805,8354338113,113308,689.3986625,333.7316125,191.73106925
8354404697,8354654945,250248,746.72531625,330.8993475,187.31990776875
8354854797,8354954772,99975,853.386648571429,322.08922,183.473160842857
8355021552,8355154993,133441,911.98248,308.773753333333,183.52729014
8355271332,8355504708,233376,395.062592,354.211196,187.674158784
8355554753,8355671341,116588,453.7989975,355.58338,188.80952468
8355738124,8356204707,466583,541.612789655172,361.804642068966,191.07120857931
8356237997,8356339119,101122,590.474965714286,361.69906,196.3798754
8356387917,8356521455,133538,659.325526666667,362.958462222222,196.196302653333
8356627231,8356771347,144116,730.725466,363.179196,194.973717965
8356837978,8356954641,116663,799.88596,350.5599425,194.75507964625
8356987928,8357137987,150059,821.590802,345.965276,193.474942845
8357204569,8357304579,100010,885.196991428571,339.899468571429,192.401141554286
8357421418,8357621433,200015,393.356,374.836701538462,195.321048346923
8357771330,8357954714,183384,477.412411666667,386.427391666667,191.006923781667
8358087916,8358337986,250070,602.28845125,372.4371225,188.259907954375
8358421305,8358554829,133524,701.314937777778,379.380786666667,188.677164827778
8358625967,8358721346,95379,780.957142857143,387.575482857143,189.671717044286
8358787849,8358887808,99959,861.276008571429,352.77042,202.28103824
8358937860,8359037908,100048,902.95626,345.126194285714,201.706493125714
8359254631,8359471212,216581,396.304827142857,401.67436,201.124752412857
8359604938,8359725811,120873,830.27474,365.66872,200.367645005
8359787817,8359937853,150036,903.369862,359.665222,199.151974719
8360021976,8360121292,99316,759.2959525,369.874775,209.599279917143
