"start","end","dur","x","y","pupil"
431720046464,431720129325,82861,468.224382857143,110.359994285714,149.772583418571
431720229266,431720329258,99992,882.009114285714,118.648034285714,144.966997735714
431720429318,431720529263,99945,594.767194285714,63.1750514285714,147.839976814286
431720779339,431721212533,433194,380.034191111111,122.556983703704,153.539313876296
431721246049,431721362584,116535,421.3269725,128.37344,154.38501028125
431721395950,431721629310,233360,444.223930666667,126.337866666667,155.894206957333
431721662583,431721795907,133324,479.40504,122.940711111111,156.456404484444
431721829293,431722312518,483225,511.20712516129,122.163414193548,157.875680481613
431722346049,431722512554,166505,542.644305454545,112.699607272727,160.816875011818
431722546039,431722662716,116677,573.40828,105.98885,156.7041404775
431722695936,431723079225,383289,607.39138,102.96058,155.48935960625
431723112511,431723362674,250163,637.03433,104.747915,162.01902227625
431723395790,431723845961,450171,676.146362142857,116.113395714286,163.074473848929
431723879239,431724195801,316562,709.87965,116.345011,159.595881251
431724245932,431724345921,99989,754.188148571429,122.618142857143,158.370674865714
431724379240,431724579120,199880,775.705286153846,112.104375384615,154.472968023077
431724612378,431724795812,183434,824.66375,114.085301666667,153.596791244167
431724829041,431725079351,250310,855.69293,123.716545,155.934829506875
431725112396,431725279133,166737,884.021925454546,113.261101818182,158.263477401818
431725395695,431725545797,150102,393.726542,110.462188,164.427484005
431725745768,431725879107,133339,408.82228,159.747544444444,171.522027627778
431725912405,431726045804,133399,412.585311111111,148.452066666667,172.350963995556
431726079094,431726362447,283353,454.216298888889,135.994846666667,166.431353555556
431726395686,431726495669,99983,442.923197142857,129.840708571429,162.371835987143
431726529042,431726829048,300006,495.243635789474,126.278769473684,160.813279944211
431726862314,431727028920,166606,530.075874545455,120.010109090909,161.898497122727
431727062332,431727179237,116905,577.2698175,123.871465,159.78506366375
431727212266,431727462337,250071,601.26483625,116.9286775,160.593622175625
431727595673,431727812288,216615,708.095934285714,118.003212857143,160.554717368571
431727995553,431728145691,150138,1195.555836,840.582086,168.011736112
431728179005,431728312266,133261,1206.22663333333,881.300193333333,170.578688138889
431728395550,431728578960,183410,1000.57310166667,903.417801666667,163.332269878333
431728728924,431728828919,99995,636.483685714286,162.833791428571,164.593382695714
431728862211,431729128930,266719,631.915198823529,142.833355294118,173.293298537059
431729162289,431729462222,299933,593.22082631579,148.766475789474,181.921928077368
431729528802,431729945678,416876,711.22831,137.96162,175.872322326538
431729978867,431730162213,183346,684.26397,129.798735,178.7361693725
431730195553,431730412142,216589,726.950637142857,133.62186,177.314314336429
431730445525,431730628800,183275,755.466553333333,136.188861666667,178.708959215833
431730662404,431730945518,283114,802.050573333333,130.845174444444,173.717013487778
431731012138,431731179012,166874,854.852638181818,117.531694545455,172.177132889091
431731212017,431731562076,350059,852.38288,114.737482727273,172.477275336818
431731595432,431731778852,183420,890.400536666667,122.66953,169.567074481667
431731878853,431731978801,99948,428.54836,138.084448571429,188.815103472857
431732012034,431732128674,116640,396.7254,141.955735,184.33309967625
431732162353,431732362175,199822,383.367849230769,135.343009230769,182.199812896923
431732395426,431732595430,200004,417.252546153846,146.107507692308,177.470327120769
431732628676,431732762184,133508,459.373864444444,153.479448888889,173.701056878889
431732795425,431732945482,150057,481.024272,158.33031,170.992801359
431733078747,431733262124,183377,454.71051,155.076526666667,168.3449665175
431733295320,431733495311,199991,442.166749230769,156.155489230769,166.722645375385
431733528670,431733728683,200013,491.850346153846,156.861201538462,163.861304460769
431733762113,431733945377,183264,519.009731666667,152.234681666667,161.234165498333
431733978739,431734128680,149941,555.186778,151.904146,163.369868689
431734162118,431734478754,316636,494.872546,153.036094,160.492990558
431734511910,431734611882,99972,501.58442,161.72102,160.27513337
431734645394,431734761958,116564,537.399785,151.721545,159.63717252125
431734795303,431735028544,233241,574.197208,150.672694666667,159.592078468
431735061954,431735211896,149942,604.888918,148.836716,160.108314309
431735245391,431735478786,233395,644.926830666667,146.760852,156.542265152667
431735511890,431735678656,166766,684.414092727273,145.481214545455,155.285949225455
431735711889,431735828546,116657,704.2586825,136.7191725,153.921135985
431735862071,431736278621,416550,723.983097692308,142.11002,155.394225296538
431736311780,431736411778,99998,757.940477142857,138.229425714286,152.93752717
431736445276,431736611764,166488,806.162583636364,131.038167272727,153.284931226364
431736645304,431736761948,116644,832.047745,139.405815,151.16421159875
431736795189,431737045311,250122,858.1198,144.98923875,151.67778683375
431737078716,431737228432,149716,891.660374,145.396332,150.685082133
431737345260,431737811790,466530,396.792226896552,168.919050344828,154.437143871379
431737845206,431737978510,133304,408.483977777778,175.496537777778,154.195517668889
431738011779,431738278467,266688,432.032724705882,172.818163529412,152.723605072353
431738311787,431738428424,116637,460.1402425,177.8187525,151.93129897125
431738461951,431738561921,99970,505.599725714286,170.616408571429,149.44212427
431738595073,431738778490,183417,523.5844,156.012291666667,150.823364846667
431738811662,431739011633,199971,559.981001538462,159.248523076923,148.542424470769
431739045134,431739545187,500053,585.659062580645,165.020213548387,149.507536732903
431739578374,431739761816,183442,620.093598333333,158.813318333333,147.752022568333
431739811637,431739928349,116712,673.913295,145.08326,150.5533495
431739961716,431740311646,349930,685.136828181818,164.409128181818,156.074396522727
431740345043,431740594940,249897,720.112665,162.11529,160.952055656875
431740628308,431740878433,250125,753.612455,156.2887525,159.97285046625
431740911642,431741078409,166767,775.933556363636,164.827605454545,156.427564114545
431741111502,431741628298,516796,819.103940625,162.92081,153.565088004375
431741661587,431741894936,233349,863.686281333333,161.982224,155.161780688667
431741928332,431742111511,183179,891.463316666667,167.776618333333,152.519597441667
431742211514,431742411511,199997,408.697026153846,180.109836923077,160.351937936154
431742445058,431742578247,133189,399.022826666667,189.047206666667,164.048845154444
431742611514,431743211510,599996,443.616284864865,199.388324324324,163.303583381351
431743244959,431743461763,216804,402.650527142857,192.324994285714,152.172339883571
431743528183,431743628176,99993,432.747522857143,193.471342857143,153.40381731
431743744937,431743844943,100006,498.75176,186.153828571429,160.72963294
431743878232,431744061499,183267,520.004045,191.110063333333,162.320002416667
431744094824,431744278264,183440,553.776846666667,198.653226666667,165.371307255
431744311380,431744511387,200007,591.084707692308,197.201275384615,164.411293631538
431744544936,431744644943,100007,631.383468571429,196.146314285714,161.248721891429
431744678100,431744894815,216715,657.276701428571,192.619421428571,159.624605359286
431744928079,431745128047,199968,704.981370769231,185.516129230769,153.980185948462
431745161500,431745461468,299968,743.485256842105,181.198124210526,149.991759461579
431745494703,431745661605,166902,776.557974545455,188.784281818182,148.821700458182
431745694693,431745794691,99998,804.902682857143,194.171614285714,150.408100795714
431745828044,431745928082,100038,833.651214285714,187.548591428571,153.498802788571
431745961512,431746194683,233171,874.912385333333,185.349608,154.552619082
431746228061,431746328065,100004,892.681554285714,177.454014285714,155.960837307143
431746561338,431746661479,100141,399.903108571429,201.459271428571,163.437479407143
431746694693,431746894700,200007,387.990596923077,208.880243076923,161.925077592308
431746944744,431747227927,283183,384.598268888889,104.138225555556,157.777617579444
431747261339,431747394681,133342,419.397148888889,105.963313333333,157.616052217778
431747427941,431747661368,233427,419.717470666667,110.994976,156.861904492
431747694700,431747794587,99887,467.777057142857,117.241514285714,159.535794145714
431747827936,431747927988,100052,509.045348571429,130.62434,163.897101982857
431748077995,431748277990,199995,609.384044615385,122.186335384615,164.477507703077
431748344665,431748444653,99988,655.23696,115.775131428571,159.198628781429
431748477995,431748594564,116569,670.29138,108.5262525,157.596496075
431748627965,431748845955,217990,712.885858571429,113.753017142857,152.961685177857
431748894552,431749044669,150117,787.19615,120.680558,151.223612713
431749111141,431749211141,1e+05,858.947888571429,114.333782857143,150.438909671429
431749411139,431749577869,166730,413.204887272727,140.105083636364,159.162379866364
431749611158,431749744622,133464,407.749811111111,145.194311111111,162.530820953333
431749777874,431749877841,99967,463.561528571429,144.000031428571,166.026422898571
431749944663,431750111157,166494,559.2264,149.067556363636,168.780755919091
431750144662,431750277873,133211,601.8246,156.624206666667,170.418715426667
431750361335,431750494448,133113,651.317271111111,159.930446666667,171.297731553333
431750527795,431750661326,133531,679.774473333333,151.25828,168.91039155
431750811147,431751044548,233401,619.343433333333,140.075348,166.992152678
431751077885,431751211018,133133,604.338502222222,138.987851111111,169.64915641
431751278028,431751527799,249771,729.789565,132.302,167.61146058375
431751561084,431751678112,117028,710.670035,128.0509225,170.777566065
431751744552,431752027672,283120,827.394071111111,136.910224444444,164.951158221111
431752111030,431752227687,116657,682.1188,45.9692525,165.47770614
431752327680,431752544528,216848,456.504807142857,26.87442,166.793983831429
431752594431,431752694343,99912,413.591171428571,32.8242657142857,166.237156845714
431752811019,431753127680,316661,718.178891,139.171341,166.6077111305
431753161106,431753261080,99974,755.910622857143,125.411742857143,168.582766447143
431753311019,431753461084,150065,811.317124,120.394424,164.134837411
431753511026,431753610901,99875,852.318054285714,123.489168571429,164.036978164286
431753644534,431753761106,116572,863.892335,126.38425,163.132720225
431753794310,431754044885,250575,818.24361625,130.01402125,164.253170890625
431754077711,431754227690,149979,862.345012,123.606036,163.99403523
431754344487,431754510903,166416,416.130941818182,159.056903636364,170.633959761818
431754544388,431754927546,383158,400.909919166667,155.945623333333,164.986073852917
431754960951,431755194204,233253,433.801790666667,160.749665333333,161.916608536667
431755227574,431755510913,283339,462.094517777778,149.219401111111,161.736763311667
431755544310,431755660963,116653,492.9077475,149.19234,162.30992881875
431755694194,431755861064,166870,527.416287272727,162.526401818182,163.680026174545
431755894189,431755994200,100011,566.756474285714,161.215691428571,160.890436091429
431756027552,431756177625,150073,589.825264,151.443018,159.77711584
431756210772,431756327548,116776,625.10185,153.572535,159.43251668625
431756377634,431756527567,149933,697.304812,150.563464,155.206500905
431756560942,431756760844,199902,699.850981538461,142.114826153846,154.651996370769
431756794181,431756927434,133253,744.49028,142.914657777778,151.035498627778
431756960850,431757194193,233343,796.44128,137.041970666667,148.773430016
431757227421,431757394203,166782,802.345041818182,141.847763636364,150.003426142727
431757427440,431757594207,166767,846.020952727273,138.4312,144.543372685455
431757627429,431757810786,183357,884.43936,143.589608333333,146.127451725
431757944193,431758194067,249874,378.49447625,168.24208,146.3269676225
431758227427,431758360943,133516,393.880733333333,177.215022222222,146.822543493333
431758394053,431758610662,216609,422.194658571429,181.126872857143,147.532160529286
431758644508,431758844185,199677,464.737184615385,171.534667692308,146.583129647692
431758877504,431759010653,133149,509.581642222222,164.706735555556,147.653457607778
431759044206,431759277533,233327,528.970285333333,162.096536,150.117999763333
431759310670,431759510662,199992,566.362356923077,164.342503076923,155.807542136154
431759544164,431759760723,216559,597.48339,169.937375714286,163.576665032857
431759794083,431759944146,150063,553.161622,174.798836,165.848178242
431759977388,431760227297,249909,526.3372125,177.96903625,170.76821580125
431760260868,431760444051,183183,564.941256666667,188.770466666667,172.295868100833
431760477361,431760710652,233291,602.318310666667,177.360866666667,170.398679956667
431760744052,431760877389,133337,632.986811111111,186.289206666667,168.61165797
431760993963,431761210509,216546,577.980915714286,162.942338571429,164.171722725
431761260589,431761510501,249912,660.79172875,163.747165,165.600179150625
431761544932,431761693943,149011,697.595576,162.034304,167.893274406
431761727300,431761877223,149923,721.141228,159.029148,162.120970037
431761910522,431762244072,333550,761.529673333333,155.872657142857,157.134602440476
431762277247,431762377229,99982,789.043668571429,163.271234285714,151.528810654286
431762410512,431762610519,200007,817.34836,165.29056,152.308602665385
431762644316,431762977488,333172,852.294262857143,158.527114285714,150.543678084286
431763010521,431763510389,499868,863.573573548387,165.404118709677,149.836587596774
431763544198,431763660459,116261,891.5441525,157.2472175,150.1998985725
431763777234,431763877224,99990,403.846934285714,168.816208571429,158.969976624286
431763910381,431764110391,200010,393.0359,183.351889230769,157.901605259231
431764143920,431764393816,249896,448.89318,190.76858875,158.56385699125
431764427071,431764793813,366742,403.632403478261,188.614462608696,157.334987466957
431764827048,431764977389,150341,440.747408,197.36066,160.910864315
431765010394,431765127075,116681,469.5814775,198.8987475,161.68614309375
431765160458,431765393712,233254,515.565525333333,193.284406666667,158.446011271333
431765427056,431765693691,266635,550.992371764706,195.537083529412,157.13303464
431765727051,431766010265,283214,602.197252222222,187.045407777778,155.533711311667
431766044246,431766160492,116246,634.76706,189.841305,153.405427205
431766277106,431766410261,133155,595.350875555556,190.998013333333,152.875793187778
431766445427,431766543785,98358,564.477537142857,196.075405714286,152.680871572857
431766577124,431766693694,116570,542.1095375,183.2506075,151.72246209875
431766743781,431766926925,183144,623.86884,172.919885,151.373067731667
431766993708,431767210281,216573,706.968188571429,179.433344285714,151.629347092857
431767243815,431767377023,133208,747.861484444444,187.01992,149.114905265556
431767410264,431767526927,116663,769.272665,182.7795225,144.2913429525
431767560338,431767710289,149951,814.2238,177.676274,141.401686753
431767744505,431767960343,215838,863.358545714286,173.782281428571,139.059282237143
431767993601,431768126949,133348,885.980282222222,178.615791111111,138.709100027778
431768243773,431768393550,149777,408.25578,183.862136,143.128125591
431768426938,431768693571,266633,381.886623529412,194.467476470588,142.348449555882
431768726932,431768893564,166632,422.929501818182,202.088067272727,140.146069858182
431768926928,431769093580,166652,462.247169090909,207.217987272727,140.573831928182
431769126944,431769244116,117172,477.73879,200.2224025,140.60617987
431769276984,431769410168,133184,525.422351111111,191.92044,140.372002365556
431769526804,431769626804,1e+05,576.9814,181.88072,142.046964274286
431769660335,431769776862,116527,593.5267925,202.463545,143.9068469425
431769810164,431770060316,250152,629.7191575,204.06454375,142.477843065625
431770093571,431770193449,99878,662.578762857143,207.530365714286,140.909237118571
431770226804,431770344573,117769,686.0082725,200.1073675,142.02014875375
431770376860,431770626815,249955,738.4272475,200.0389825,142.768807731875
431770660350,431770943567,283217,791.028972222222,188.565252222222,143.543176363333
431770977003,431771193457,216454,728.340264285714,197.735578571429,145.844785560714
431771226812,431771410011,183199,713.873533333333,204.2881,148.398412610833
431771443583,431771626817,183234,684.616121666667,190.832325,148.866922525833
431771660083,431771826680,166597,721.230507272727,192.221983636364,153.831489531818
431771876745,431772043708,166963,788.769747272727,196.056214545455,156.632641542727
431772076770,431772310035,233265,800.457525333333,200.398497333333,158.697717143333
431772343538,431772526698,183160,836.466938333333,212.555181666667,156.619796901667
431772560098,431772693304,133206,881.877806666667,211.980306666667,157.837321987778
431772893321,431773026676,133355,404.086473333333,230.547686666667,157.238141093333
431773060097,431773393327,333230,385.713573333333,241.241519047619,158.729628097619
431773509919,431773659965,150046,411.567416,228.022578,156.569158292
431773743505,431773843690,100185,463.703571428571,225.552711428571,162.54071931
431773976770,431774076722,99952,543.946251428571,232.077894285714,161.357535997143
431774109899,431774244505,134606,554.489275555556,216.80818,158.545922103333
431774276619,431774526564,249945,604.13679625,218.84306375,155.086311948125
431774560160,431774743566,183406,642.487315,211.310108333333,152.493684690833
431774776627,431774993341,216714,687.299472857143,221.783147142857,148.205834191429
431775026565,431775226552,199987,683.228578461539,232.824441538462,146.319838226923
431775259897,431775476694,216797,721.902274285714,226.8711,139.913048709286
431775544720,431775859966,315246,794.999309,215.12478,135.769816572
431775926546,431776043390,116844,845.6926225,214.017935,135.62847164125
431776076628,431776376616,299988,850.941956842105,207.349567368421,134.509497761053
431776409783,431776726550,316767,895.352388,206.886971,134.2304791
431776959841,431777076720,116879,451.3258375,230.6673175,143.75624245875
431777109769,431777326438,216669,389.735864285714,239.29327,145.236109739286
431777359839,431777693073,333234,384.084200952381,242.33938,142.728266115238
431777926427,431778176478,250051,908.87872,206.623915,137.316973975
431778209783,431778376530,166747,889.85374,215.246730909091,139.978291686364
431778509659,431778743134,233475,412.824096,252.403436,141.360151224
431778776540,431778926440,149900,390.56731,251.590268,142.625698809
431778959718,431779143210,183492,386.879046666667,241.545075,140.304584136667
431779176503,431779309668,133165,417.47808,250.83136,140.085875712222
431779344523,431779559821,215298,464.054447142857,252.106015714286,138.149711466429
431779593058,431779776388,183330,495.094313333333,238.628751666667,136.49383897
431779893052,431780243015,349963,570.894676363636,252.520540909091,137.032011968636
431780292934,431780409633,116699,622.82353,254.059835,134.74170815375
431780444369,431780559725,115356,639.6152375,254.55165,136.83469309625
431780592941,431780826305,233364,680.193129333333,256.879236,138.140034839333
431780859712,431781026301,166589,725.432916363636,255.767854545455,136.447987850909
431781076612,431781292935,216323,782.823834285714,247.9258,135.115748696429
431781376598,431781526324,149726,846.507028,241.646898,137.915471309
431781559585,431781676526,116941,842.7302825,240.4060875,136.016844015
431781776251,431781892941,116690,876.623685,217.692105,138.68165987125
431781926188,431782109527,183339,889.746046666667,222.516975,139.005140840833
431782226177,431782359709,133532,407.83164,253.907142222222,143.859689242222
431782392912,431782626201,233289,375.611178666667,263.249006666667,144.86422783
431782676277,431782876337,200060,458.870470769231,264.278807692308,147.443611549231
431782909508,431783109527,200019,489.690544615385,271.328066153846,147.344877455385
431783142920,431783276320,133400,534.237531111111,265.297933333333,146.660768904444
431783309531,431783409403,99872,557.327442857143,253.377762857143,146.283520225714
431783442964,431783559469,116505,589.4436325,258.5732325,145.83686164625
431783592838,431783792809,199971,640.069615384615,264.364512307692,142.707348589231
431783826190,431784009382,183192,684.820281666667,256.912583333333,139.6774629775
431784076260,431784176276,100016,734.950828571429,263.409131428571,139.805580268571
431784209397,431784326048,116651,752.83695,265.5533,135.21596343125
431784359496,431784526184,166688,811.752696363636,255.665252727273,134.287434685455
431784559636,431784709397,149761,825.701614,248.781196,130.336022203
431784742865,431784943055,200190,871.756555384615,251.137510769231,126.968770266923
431784976318,431785176319,200001,905.303286153846,247.521086153846,125.799338063077
431785244069,431785444976,200907,800.839324615385,270.609843076923,126.708086123077
431785476368,431785576334,99966,800.331228571429,249.25922,126.201988544286
431785626059,431785742755,116696,851.6055625,244.6089525,128.07779966125
431785792692,431785892684,99992,761.94496,257.902531428571,129.064486295714
431786192685,431786326052,133367,814.149215555556,269.172937777778,127.937247745556
431786376115,431786526059,149944,867.798864,246.759052,127.073213869
431786559488,431786692691,133203,902.423173333333,251.427077777778,126.438034982222
431786809278,431786909262,99984,374.972508571429,267.087442857143,128.195530627143
431786943909,431787243981,300072,362.530695789474,285.326431578947,131.368319983158
431787276046,431787444095,168049,386.454449090909,301.042507272727,130.264311614545
431787492721,431787609257,116536,439.893215,286.8561225,131.69703969625
431787643934,431787825939,182005,459.686563333333,279.145616666667,136.335617819167
431787859466,431788042716,183250,487.429648333333,282.892596666667,136.030676193333
431788075994,431788276007,200013,467.351269230769,299.21062,137.19636575
431788325926,431788525952,200026,518.222024615385,277.280750769231,133.296756110769
431788609155,431788759220,150065,397.927652,271.135372,139.398613694
431788792558,431789092578,300020,368.503285263158,252.180437894737,140.132839811579
431789209156,431789392539,183383,833.232145,210.63727,134.9371260125
431789425801,431789592573,166772,864.20548,208.658483636364,136.301242069091
431789625821,431789792578,166757,893.858407272727,206.516796363636,135.026121082727
431789909164,431790059230,150066,394.307624,260.101006,140.60385786
431790092455,431790342527,250072,379.13668125,265.92838625,140.538281335625
431790376017,431790492486,116469,388.98552,302.677185,140.8792045875
431790525808,431790659303,133495,408.088913333333,314.738104444444,141.344166107778
431790692455,431790892454,199999,442.579696923077,308.57992,142.591426444615
431790925816,431791076006,150190,472.562916,303.625184,141.190949195
431791125814,431791225813,99999,517.201408571429,286.58558,137.960019188571
431791259136,431791409010,149874,540.12706,283.746288,137.236155117
431791459083,431791592450,133367,622.350022222222,278.518355555556,138.878580951111
431791692460,431791843218,150758,698.814892,272.063536,135.967700157
431791992482,431792192443,199961,769.705504615385,258.158781538462,131.742559058462
431792259128,431792409010,149882,851.927588,258.626198,133.809134691
431792475754,431792709026,233272,909.975934666667,262.061565333333,129.66932574
431792775746,431792909019,133273,753.5402,265.331417777778,131.273205012222
431792943639,431793059139,115500,714.410695,268.5123175,130.022151365
431793159090,431793259094,100004,671.796834285714,289.317517142857,132.796098341429
431793292332,431793425691,133359,655.877068888889,291.844473333333,133.262087807778
431793458983,431793625701,166718,709.58758,299.501043636364,128.948367591818
431793742389,431793844417,102028,779.691185714286,275.260014285714,125.012098211429
431793875747,431794025681,149934,798.074652,266.853404,123.536871111
431794059163,431794242391,183228,845.422101666667,268.823486666667,125.302379711667
431794275639,431794392311,116672,904.7132975,268.24505,124.02778561
431794546044,431794808903,262859,438.671190588235,277.83438,134.721956225882
431794843735,431795125557,281822,479.131703333333,288.197341111111,136.046931172778
431795158968,431795425561,266593,515.210985882353,292.413887058824,135.944163817647
431795459079,431795675643,216564,474.628391428571,282.536458571429,137.324020815714
431795708913,431796142279,433366,449.606595555556,287.260387407407,139.551214422222
431796242259,431796344132,101873,526.015834285714,290.366305714286,140.765545432857
431796459044,431796558852,99808,606.907082857143,277.694214285714,138.975758624286
431796592201,431796792209,200008,627.691435384615,287.760056923077,137.497953173846
431796858833,431797192206,333373,510.160000952381,293.512920952381,135.828884762857
431797225435,431797425436,200001,555.529775384615,295.96074,134.315740052308
431797492115,431797592075,99960,611.226717142857,285.895794285714,129.494707735714
431797675719,431797792101,116382,660.6172325,267.840605,129.0801117875
431797825447,431797925443,99996,679.464291428572,270.114731428571,128.457603761429
431797958912,431798125451,166539,737.971338181818,267.577763636364,127.592759412727
431798158868,431798308670,149802,778.462224,263.852316,126.47776321
431798375501,431798658742,283241,839.6356,267.118503076923,125.803388273077
431798708641,431798808653,100012,881.617774285714,252.160591428571,124.100528598571
431798845167,431799075665,230498,904.999926666667,247.603290666667,121.320394696667
431799242148,431799443378,201230,379.605938461538,291.598923076923,131.087831453077
431799492104,431799708650,216546,438.865815714286,296.085707142857,132.490573716429
431799742126,431800091951,349825,461.800836363636,283.071170909091,135.578136415
431800125316,431800275378,150062,453.353744,277.293086,136.170711334
431800308657,431800458804,150147,494.50307,281.869236,138.155335304
431800608663,431800825344,216681,727.534691428571,275.736827142857,134.194691488571
431800858576,431801058642,200066,758.284267692308,279.387426153846,134.318985129231
431801091965,431801208526,116561,716.550325,276.9608375,133.7359862325
431801275575,431801525304,249729,872.67458875,284.55904375,133.610807189375
431801558595,431801675397,116802,882.83373,272.89725,136.19100663625
431801708532,431801925180,216648,840.36448,274.163785714286,137.044329985714
431801958597,431802175253,216656,847.28937,287.183254285714,136.717189625
431802208529,431802308542,100013,887.265502857143,294.423751428571,133.080325295714
431802343086,431802575269,232183,913.783928,294.22378,136.638411654667
431802675248,431802808541,133293,578.543975555556,322.8142,144.553667854444
431802844743,431802991869,147126,588.090214,327.553024,141.342660477
431803025185,431803208526,183341,605.1338,303.476138333333,137.0803132425
431803243772,431803375398,131626,551.286608888889,297.009262222222,132.445203908889
431803425187,431803525181,99994,501.104334285714,293.490697142857,131.429088964286
431803558500,431803758496,199996,481.090595384615,287.420361538462,132.055513206923
431803845276,431804091789,246513,686.18285625,281.93703,129.4873924625
431804191806,431804358482,166676,739.852723636364,283.54208,132.596585736364
431804391769,431804491820,100051,762.840657142857,281.038468571429,129.697587268571
431804525064,431804691809,166745,786.444903636364,283.036483636364,129.450586097273
431804725060,431804908396,183336,835.317796666667,295.054041666667,125.6192258425
431804975146,431805091699,116553,912.5752075,291.7279325,125.12077990375
431805325057,431805491707,166650,377.246456363636,302.27078,132.260999614545
431805525063,431805691687,166624,384.315145454545,309.476141818182,136.062754738182
431805725067,431805958348,233281,439.925064,303.193529333333,134.793531905333
431805991719,431806158336,166617,468.539474545455,304.479436363636,134.259677433636
431806243488,431806344433,100945,508.274734285714,307.852585714286,137.513849088571
431806458353,431806558392,100039,559.207285714286,325.059548571429,136.800590115714
431806591682,431806858361,266679,570.073807058824,318.398738823529,135.347944828824
431806891694,431807208275,316581,533.955249,299.531212,132.561760371
431807244049,431807491629,247580,519.18113625,306.62794375,132.925862640625
431807524944,431807844071,319127,570.508345,302.90735,133.1461748415
431807874999,431808024934,149935,595.819414,301.019526,133.748003049
431808058361,431808208281,149920,639.870656,295.030968,131.941803507
431808244479,431808343416,98937,655.567742857143,311.750845714286,132.001152964286
431808375035,431808624931,249896,704.28903625,309.16581375,132.6143555075
431808658232,431808908155,249923,666.96592125,295.1429275,133.42673416125
431808945389,431809091591,146202,745.116452,289.954604,135.665332753
431809158221,431809475096,316875,800.03936,287.685369,133.029071778
431809624812,431809844634,219822,592.231831428571,294.854332857143,139.712636568571
431809874876,431810044412,169536,560.062041818182,290.366269090909,142.785057426364
431810108146,431810258211,150065,773.479322,314.802104,142.319944956
431810291446,431810424799,133353,781.460677777778,304.927068888889,146.334495602222
431810458320,431810624817,166497,824.014901818182,307.653530909091,147.716520689091
431810658240,431810758115,99875,867.703797142857,293.165242857143,140.824703068571
431810791459,431810991570,200111,894.452281538462,284.570956923077,140.683055198462
431811024803,431811224810,200007,907.697375384615,275.691704615385,140.531928412308
431811258111,431811475038,216927,904.130465714286,275.471057142857,140.768497001429
431811675038,431811791455,116417,401.2337525,319.41079,148.56090260375
431811824690,431812058121,233431,384.494890666667,334.244721333333,147.168772053333
431812091437,431812242733,151296,421.914976,317.088018,146.570854573
431812274980,431812408035,133055,451.08878,332.124577777778,144.540339024444
431812458114,431812608024,149910,509.630578,338.03757,143.886279116
431812643801,431812791327,147526,530.632164,336.727138,145.40397936
431812942637,431813144398,201761,623.158169230769,323.874335384615,147.846345520769
431813207888,431813541678,333790,694.680376190476,327.74652952381,146.078481547619
431813875531,431814291328,415797,927.087270769231,369.817764615385,145.026065136538
431814324574,431814424579,100005,913.32924,360.860902,138.651218565714
