"start","end","dur","x","y","pupil"
96752606000,96752971917,365917,539.845985454545,117.564610909091,97.17702510625
96753005243,96753205499,200256,477.629761538462,115.45126,99.8372077253846
96753238380,96753472041,233661,408.375036,113.027649333333,100.939708275333
96753505383,96753855046,349663,401.755501818182,73.9937836363636,101.051691576364
96753888446,96754255044,366598,531.417260869565,51.3496947826087,103.484348594348
96754288685,96754788478,499793,494.802016774194,42.6526670967742,103.900789826452
96754821715,96755438267,616552,594.923234736842,18.2464036842105,105.991342542632
96755471888,96755705234,233346,690.622064,23.4646026666667,103.907055276
96755738262,96756521670,783408,755.583049166667,35.7675458333333,101.2540109175
96756571757,96756688341,116584,463.8022,87.7762975,102.343876865
96756721554,96756988440,266886,377.988290588235,136.476867058824,102.690724425294
96757021525,96757688210,666685,418.972515609756,162.975042439024,100.77081334878
96757721557,96758488303,766746,483.739167659574,139.885289787234,102.872472432979
96758521554,96759671558,1150004,558.133748285714,122.437838857143,99.6359339042857
96759705075,96760338020,632945,623.327928205128,112.521000512821,101.972335626667
96760374363,96760838015,463652,739.070544827586,120.01453862069,95.1251844393103
96760871542,96761188199,316657,773.938305,139.927401,92.6098967205
96761221421,96761971454,750033,854.784007826087,163.774507391304,91.117228725
96762054687,96762304726,250039,392.59055375,179.12320625,95.352734403125
96762338019,96762471419,133400,382.490251111111,192.812573333333,97.6547825077778
96762504711,96763121305,616594,440.644710526316,168.659449473684,93.5444500489474
96763154665,96763421329,266664,613.607077647059,163.865116470588,90.1506084723529
96763454548,96764237911,783363,597.09530125,135.985065416667,92.0367281166667
96764271342,96765021152,749810,695.515659565217,140.457868695652,90.5754520023913
96765054557,96765737772,683215,801.853927619048,162.000054285714,87.9917760914286
96765772964,96766571285,798321,832.036623673469,178.821087755102,87.2969423659184
96766604471,96766821056,216585,867.966058571429,184.007202857143,88.0039156157143
96766887946,96767071193,183247,411.710391666667,193.962248333333,92.2708240575
96767104466,96767421081,316615,366.255705,205.672462,88.1253147555
96767454435,96767937669,483234,453.643735333333,182.503222,83.259401011
96767971867,96768621049,649182,510.105064,172.441861,82.5951638785
96768654294,96769004349,350055,614.499487272727,170.379245454545,85.8541588540909
96769037628,96769554300,516672,642.2828175,168.524764375,86.2691008015625
96769587706,96770154303,566597,775.247303428572,189.099288571429,86.5983664788571
96770187887,96771187771,999884,842.976282295082,212.595209508197,87.4000019468852
96771271059,96771637509,366450,385.60544,227.105311304348,92.4483425821739
96771672382,96772487476,815094,404.167433658537,228.598564878049,89.3302210607317
96772520825,96773175034,654209,482.184471219512,197.381703414634,84.3105965536585
96773204154,96773870933,666779,549.687551219512,171.625779512195,81.929790695122
96773904214,96774504108,599894,661.188942702703,187.561179459459,81.62390102
96774537386,96775120687,583301,754.51584,202.031417777778,82.2542674452778
96775154050,96775837263,683213,836.316016190476,223.036221904762,81.5267802354762
96775870795,96776987543,1116748,866.620695882353,242.873482058824,81.8397407820588
96777053924,96777153921,99997,589.715362857143,227.820882857143,87.8670360457143
96777187442,96777353915,166473,427.431010909091,221.282221818182,88.5014129854545
96777387218,96778303888,916670,384.737939285714,237.1022375,83.2288927264286
96778337148,96779087334,750186,472.386284347826,243.99253,83.3495392991304
96779120444,96779620455,500011,560.705571612903,201.302406451613,85.3298922677419
96779653806,96780187258,533452,689.041445454546,204.59314969697,87.4751733015152
96780220481,96780720432,499951,721.804655483871,227.691492903226,88.0851432987097
96780753671,96781737017,983346,813.46297,245.330062666667,85.7813962998333
96781770442,96782187076,416634,873.422254615385,275.342944615385,83.4896415392308
96782371215,96782553674,182459,409.585188333333,248.931301666667,89.3078043141667
96782587131,96783436895,849764,390.965111923077,269.164518076923,86.6174865840385
96783471411,96783970302,498891,470.35630516129,258.507851612903,88.4321068532258
96784003890,96784820176,816286,543.9976488,227.4811584,88.6511238342
96784853560,96785103592,250032,667.91609875,224.3333175,89.124581415
96785136776,96785520197,383421,625.00761,236.032698333333,85.7523705141667
96785553426,96785820201,266775,571.785544705882,224.375662352941,84.8580935629412
96785948093,96786374471,426378,596.355525185185,226.150408888889,91.10916401
96786403483,96786586898,183415,735.524426666667,249.458276666667,84.54699458
96786620028,96787136645,516617,804.317175,264.9328775,79.5419231384375
96787170189,96787770124,599935,847.214640540541,295.643562702703,79.3950654597297
96787820074,96788053343,233269,648.266228,275.116406666667,83.8630350326667
96788103355,96788386725,283370,850.470364444444,272.489467777778,82.3767020272222
96788420066,96788520042,99976,863.099611428572,283.750037142857,82.1638123685714
96788570790,96788686694,115904,539.6821875,270.3775325,83.380763705
96788720065,96788936674,216609,395.980588571429,261.954574285714,83.6816894692857
96788970072,96789819945,849873,396.929438076923,271.174726153846,83.7371846242308
96789886619,96790319928,433309,465.194944444445,281.709361481481,86.7682738381481
96790353309,96791603485,1250176,507.139534210526,249.715126052632,88.5877450969737
96791636497,96792119842,483345,591.408456666667,252.945378,93.4912881016667
96792153182,96792671376,518194,641.366173125,277.40344375,93.6965168265625
96792703240,96794036407,1333167,673.067633580247,276.548620740741,85.934734327037
96794072053,96794236396,164343,663.604047272727,262.662992727273,83.2737348545455
96794271169,96794536410,265241,721.319136470588,281.615987058824,84.4365675264706
96794570966,96795386328,815362,789.3538112,280.3414116,82.5704850998
96795419703,96795703108,283405,887.698002222222,304.382198888889,82.387519895
96795772148,96795886351,114203,469.6733175,306.1697175,86.187368405
96795919721,96796652956,733235,384.583058666667,303.720145777778,86.1038789944444
96796686347,96797171124,484777,466.013066666667,285.967109333333,83.986361412
96797202986,96797602989,400003,564.4937872,275.2507872,86.1225577364
96797636144,96798019542,383398,670.469690833333,301.372984166667,86.16846171625
96798052808,96798586219,533411,589.981143030303,282.526392121212,87.7680126339394
96798619532,96799252796,633264,692.462017948718,279.182120512821,85.4943681048718
96799286203,96801436018,2149815,780.011798,301.170747384615,84.7662401401538
96801469403,96802452689,983286,811.440157333333,310.295320666667,87.5457925798333
96802486016,96803172254,686238,862.06134952381,336.193066190476,88.6216987104762
96803235902,96803385949,150047,424.931838,334.83147,94.657241325
96803419325,96804435785,1016460,394.501426545455,310.784708727273,90.7946642538182
96804471226,96805335773,864547,478.95979509434,302.287834716981,86.9566175139623
96805359870,96807335659,1975789,526.675238,298.69101,80.52349591525
96807369183,96808152297,783114,621.267910416667,305.21267875,77.28226980375
96808185697,96809035683,849986,743.617108076923,312.550507692308,76.9747353005769
96809069031,96809285714,216683,746.661124285714,302.9894,76.8109496664286
96809318930,96809971374,652444,820.6499165,329.0874055,78.1836320905
96810002630,96810371240,368610,876.497186956522,332.613976521739,79.5196457513043
96810435517,96810573200,137683,499.380031111111,322.233688888889,82.3978218444445
96810602238,96811371562,769324,388.556188085106,316.539224255319,84.7032533185106
96811402462,96812585487,1183025,480.838125555556,321.280316111111,83.5072272011111
96812618809,96813552058,933249,541.196802807018,311.110130526316,85.7980782796491
96813585367,96814035402,450035,635.776997857143,318.847152142857,85.8206113507143
96814068766,96814635267,566501,689.881798857143,328.213870285714,85.2356025688571
96814671402,96816385335,1713933,767.123345576923,331.646917307692,88.8249225564423
96816418557,96817185209,766652,840.837067234043,341.520828510638,88.3463377855319
96817251928,96817371208,119280,563.37645,346.268945,92.2923923625
96817402274,96817618580,216306,412.62998,342.53146,92.1077678628571
96817651798,96818501858,850060,403.722370769231,344.921045384615,89.7979091484615
96818535146,96819051793,516647,494.847815,339.94045375,87.333989984375
96819085201,96819935035,849834,566.248698461539,341.752858076923,87.1590645821154
96819968999,96820635016,666017,652.695666829268,344.664967317073,85.6626821063415
96820671621,96821373985,702364,769.041722325581,344.642301860465,86.0809661386047
96821401953,96821968993,567040,847.142763428571,359.223782285714,82.7235944605714
96822034879,96822184992,150113,453.74511,346.064086,81.517152834
96822218307,96823151552,933245,379.538758947368,359.403176842105,85.7267029589474
96823351568,96825434760,2083192,468.798265238095,355.764209206349,83.9923578028571
96825470722,96825984874,514152,549.3078025,356.820739375,83.1626504003125
96826018099,96826518072,499973,603.834116129032,367.07682,80.8950292129032
96826551432,96827718102,1166670,576.401547323944,370.789843943662,81.8641433429577
96827751328,96828317932,566604,694.370194857143,374.710287428571,84.4282433202857
96828351300,96828986523,635223,817.69126,382.265134871795,83.3199068192308
96829151321,96829451319,299998,789.754452631579,356.776590526316,82.9509103610526
96829486498,96829584584,98086,851.523624285714,372.74655,84.3740253357143
