"start","end","dur","x","y","pupil"
361480314282,361480447629,133347,401.587274285714,172.662322857143,77.79168032
361480568873,361480697773,128900,594.4284,89.7330244444445,78.5064651044444
361480730845,361480897590,166745,517.229905454545,56.4113345454545,76.9978299718182
361480930850,361481297570,366720,383.56156173913,43.3225539130435,79.0897639982609
361481330744,361482114152,783408,443.405735416667,66.9947208333333,84.083268613125
361482147379,361482630734,483355,535.273869677419,73.3908974193548,85.0005557835484
361482668005,361482766180,98175,554.074468571429,82.6433,89.6498604228571
361482797453,361483347385,549932,383.038945294118,99.9107405882353,85.2753692708824
361483380798,361484314007,933209,434.613597894737,111.594784561404,81.5779293724561
361484347387,361485314018,966631,471.734539322034,123.757273898305,86.008628448983
361485347267,361485713898,366631,557.749731304348,140.031673913043,83.64175262
361485747242,361486080683,333441,649.147395238095,119.640717142857,81.6547673642857
361486113900,361486547260,433360,741.74388962963,116.172233333333,79.4951395625926
361486581156,361487147146,565990,820.206488571429,90.9237651428571,76.0850906768571
361487180548,361488413778,1233230,889.259569866667,88.5114824,75.7743620688
361488480451,361488947181,466730,366.695120689655,114.410413103448,76.24525067
361488980425,361489347127,366702,439.10306173913,103.150893913043,70.8008828843478
361489380407,361489647004,266597,501.840816470588,134.968258823529,70.7444847782353
361489680452,361490030349,349897,557.533585454545,124.852102727273,75.2852400754545
361490065144,361490230345,165201,589.189209090909,66.90516,78.3115412745455
361490269061,361490480446,211385,583.427392857143,101.731404285714,78.2270110721429
361490513710,361490797281,283571,526.069752222222,82.8268611111111,75.5123646038889
361490830357,361491330206,499849,497.605390967742,93.0250458064516,74.3453341529032
361491367878,361491567145,199267,569.646936923077,108.674595384615,76.0540724507692
361491597078,361492030265,433187,629.489311111111,95.0765540740741,74.7708739214815
361492068039,361492581408,513369,726.182426875,116.6153725,72.706650356875
361492613694,361493267225,653531,813.5238345,107.9806055,69.9487918325
361493296949,361493913584,616635,902.529388421053,108.420571052632,70.7835974665789
361493946887,361494063600,116713,913.1910825,127.3033375,73.08002464
361494130096,361494313521,183425,404.311631666667,135.042025,74.9525383416667
361494346889,361494796831,449942,390.692759285714,135.642979285714,74.0574197010714
361494830085,361495046746,216661,497.963012857143,154.860694285714,70.0572221921429
361495080249,361495346749,266500,585.447242352941,196.742515294118,67.9766481252941
361495380224,361495797027,416803,633.746375384615,169.238623076923,65.9717036857692
361495830079,361496096982,266903,722.082309411765,159.970103529412,68.5348910594118
361496130103,361496746748,616645,775.975521578947,153.051207894737,70.6238908555263
361496780916,361497013393,232477,665.090744,167.587205333333,73.9336587146667
361497046782,361497546626,499844,594.889376774194,135.963767741935,74.2672795948387
361497580036,361497896915,316879,683.284487,137.903324,71.595700293
361497929976,361498082172,152196,745.329332,141.699554,72.901074323
361498113276,361499379956,1266680,845.125672987013,137.675721818182,73.6366000757143
361499413246,361500082089,668843,884.314274634146,152.079168780488,73.2627871846341
361500146505,361500513164,366659,380.278551304348,151.589735652174,74.1898139408696
361500546517,361500813155,266638,429.152738823529,170.128736470588,72.7027477382353
361500846510,361501667354,820844,501.7598752,166.4786772,70.2253422184
361501696779,361502096791,400012,549.9539232,108.1892016,68.8483097812
361502129708,361502446394,316686,632.450738,146.542279,67.9573780835
361502479797,361502979820,500023,723.196068387097,172.420717419355,66.2463796377419
361503013031,361503313016,299985,788.640122105263,150.860058947368,66.8356003668421
361503346402,361503868045,521643,859.774845625,125.92543875,67.2774471684375
361503896449,361504046371,149922,910.14541,153.871158,68.068999706
361504113011,361504246386,133375,410.864222222222,178.494946666667,67.2568549133333
361504279734,361504764751,485017,406.717394,161.12717,65.7347099993333
361504796673,361505063094,266421,511.460823529412,168.781107058824,63.5528976370588
361505096598,361505396373,299775,590.027618947368,179.958266315789,63.1645714457895
361505429592,361505812900,383308,675.9101075,175.656203333333,64.1851641841667
361505846252,361505996445,150193,754.856542,195.339396,64.032556338
361506029628,361506579609,549981,865.149268235294,169.190085882353,64.9120915505882
361506667675,361507229460,561785,402.253525714286,184.000225714286,70.5410093797143
361507267474,361507929476,662002,476.847510731707,188.957597560976,69.4129911136585
361507967722,361508529469,561747,535.560440571429,202.1753,69.0151199031429
361508565119,361509096194,531075,604.612642424242,207.010905454545,67.3589836133333
361509129356,361509767510,638154,689.635167692308,191.647336923077,66.9428862641026
361509796090,361510470197,674107,737.701415609756,203.646227317073,69.4785973546341
361510496073,361510796090,300017,833.419451578947,180.303989473684,71.9878877331579
361510829366,361511029363,199997,905.663836923077,175.548598461538,70.9789446853846
361511112653,361511512645,399992,377.942096,216.6125384,68.9831217136
361511646013,361511779305,133292,435.848944444444,269.627184444444,65.9229924977778
361511812669,361512096062,283393,476.825651111111,232.851843333333,66.3235988333333
361512129213,361512645892,516679,580.908493125,210.766081875,66.450648909375
361512679352,361513096228,416876,675.365644615385,205.179540769231,65.7398692992308
361513129227,361513629223,499996,749.086476774194,193.042647741935,66.816434743871
361513668906,361514312562,643656,861.5270855,206.148288,66.167771614
361514345897,361514629108,283211,909.753542222222,210.731245555556,67.1750901255556
361514695829,361514845766,149937,466.026858,244.64034,73.590513732
361514879180,361515595838,716658,407.542388181818,237.82055,71.1296055281818
361515629103,361516112406,483303,508.678792666667,238.398629333333,71.265196178
361516145774,361516467249,321475,601.219466,232.952955,67.0933982805
361516495963,361516667701,171738,661.804110909091,245.077858181818,67.14349385
361516695824,361517068000,372176,611.593286086957,252.517950434783,68.6606686421739
361517095834,361517479037,383203,712.673155,225.552105833333,67.1248906320833
361517512405,361517828964,316559,822.470556,214.122241,65.150213506
361517868053,361518712270,844217,887.879248461539,222.907426153846,65.3691051942308
361518845637,361519028868,183231,440.36783,253.29617,67.6804977816667
361519062366,361519267631,205265,389.604129230769,258.558973846154,65.0407884676923
361519295701,361519512258,216557,594.630575714286,273.173222857143,66.8456979778571
361519578957,361520512259,933302,583.988160416667,256.302265,68.401527413125
361520545515,361521079361,533846,649.571183636364,260.360728484848,61.3818045512121
361521112163,361521412132,299969,723.537887368421,240.960657894737,62.1299633010526
361521445521,361521778832,333311,805.72264952381,256.51108,62.3596475933333
361521812181,361522395634,583453,878.677041666667,239.530123333333,63.2275113644444
361522562290,361522767242,204952,429.59626,262.040198461538,68.1529896446154
361522795462,361522995488,200026,381.601293846154,256.789813846154,67.4255178869231
361523028727,361523395467,366740,530.832207826087,291.581760869565,67.3160142047826
361523428727,361523595636,166909,632.844767272727,285.685830909091,65.5001992990909
361523628736,361523795746,167010,777.982181818182,276.726203636364,67.1599101618182
361523828726,361524028622,199896,911.486426153846,242.397709230769,63.5534844123077
361524095643,361524345407,249764,549.64486,287.23561125,67.322551735625
361524378712,361524779309,400597,618.9818832,287.656456,69.2831188124
361524812016,361525228608,416592,560.918136153846,289.290216923077,68.9077078157692
361525267050,361525445265,178215,657.85884,289.941511666667,64.6199740758333
361525478699,361525611909,133210,741.242197777778,285.647466666667,64.7470983533333
361525645267,361526028619,383352,905.749583333333,259.453075833333,64.8293703295833
361526128603,361526511929,383326,395.443091666667,327.093535,68.8799616975
361526545266,361526745265,199999,498.721431428571,333.01675,72.2139692042857
361526778945,361527067179,288234,629.933971111111,319.153742222222,70.2892932338889
361527095371,361527345133,249762,713.5220675,302.883155,69.27562347875
361527395527,361527495210,99683,931.623495675676,324.166821621622,72.6851776628571
