"start","end","dur","x","y","pupil"
341411121902,341411240860,118958,830.118315,221.429615,154.47330167125
341411321812,341411438663,116851,841.8916375,349.161485,151.87345365375
341411538632,341411638666,100034,594.541305714286,136.17588,152.102523315714
341411721788,341411888584,166796,404.432407272727,50.2943927272727,148.641124238182
341412021802,341412155376,133574,334.596602222222,41.4718088888889,109.149884544444
341412271863,341412388544,116681,502.3973,55.78999,133.58875507625
341412505213,341412655243,150030,448.691916,75.469024,169.176115173
341412755235,341413066231,310996,523.715205,83.328565,148.684406979
341413121801,341413355314,233513,592.597322857143,73.4363028571429,146.957875922857
341413388470,341413521819,133349,627.205226666667,65.5268866666667,141.275513893333
341413555314,341413716248,160934,644.407521818182,73.1975,139.280265713636
341414121698,341414488483,366785,737.028994444444,77.1058788888889,150.741617966111
341414640056,341414738435,98379,315.553097142857,111.196325714286,155.828682105714
341414871982,341415021703,149721,417.189414,113.869096,168.861247333
341415088334,341415238408,150074,326.67777,123.839248,142.775888716
341415471742,341415704980,233238,444.352328,127.908698666667,143.264054885333
341415740202,341415888326,148124,463.84858,127.285472,134.03982796
341415921679,341416088301,166622,427.763998181818,120.133961818182,139.972057810909
341416121695,341416471626,349931,462.026146363636,121.531876363636,141.475610837727
341416504973,341416671652,166679,494.740185454545,120.272349090909,145.072185352727
341416704966,341416955126,250160,525.94659,124.84221,149.875304746875
341416988296,341417204950,216654,515.325218571429,127.991171428571,149.691388717857
341417255254,341417371623,116369,562.610125,135.0018325,160.18365912
341417404983,341417571627,166644,589.141210909091,139.271390909091,157.545665464545
341417671615,341418021563,349948,570.092829090909,141.576100909091,155.132893159091
341418055028,341418255012,199984,607.002676923077,137.550038461538,156.893225538462
341418288165,341418421571,133406,637.007748888889,143.613917777778,163.286364074444
341418454867,341418788177,333310,679.921011428571,149.746680952381,160.805803909048
341418838378,341418954866,116488,737.994195,155.248605,154.881242755
341418988220,341419321457,333237,732.754852380952,159.229782857143,153.932311832381
341419355021,341419621436,266415,760.315304705882,150.984092941176,151.038484281765
341419655112,341420071485,416373,801.344382307692,144.316046153846,143.484839262308
341420104858,341420338136,233278,782.064693333333,147.055814666667,148.653960367333
341420371533,341420671710,300177,815.127288421053,147.426305263158,149.796204750526
341420704704,341421138186,433482,839.125932592593,149.506457037037,145.394124359259
341421204761,341421354929,150168,919.42166,126.740606,128.416074184
341421571361,341421838141,266780,370.208897647059,136.849692941176,142.588878048824
341421871363,341421988066,116703,406.78456,138.471655,139.25171278375
341422021334,341422487913,466579,365.99316137931,132.075584137931,139.564844243448
341422521327,341422921372,400045,346.9846248,137.1211032,144.75553333
341422954634,341423087935,133301,377.435846666667,133.947977777778,147.026274516667
341423121295,341423354638,233343,419.486945333333,131.74914,142.957798448
341423404603,341423554732,150129,472.58144,150.971916,148.906874819
341423671382,341423787916,116534,536.36585,154.7562675,157.38214218625
341423821209,341424004597,183388,552.855231666667,151.721003333333,156.1409163125
341424039289,341424154902,115613,592.02204,147.0515075,154.30937501625
341424187957,341424371281,183324,630.941153333333,158.219785,156.7325493475
341424404602,341424654623,250021,666.9021225,165.2391525,159.31568169
341424721231,341424821218,99987,716.727965714286,161.627291428571,159.12521242
341424854615,341424954642,100027,742.732297142857,155.252151428571,157.53872252
341424987875,341425354914,367039,777.20195826087,161.353866086957,151.869054054348
341425387806,341425604465,216659,806.053547142857,168.679782857143,153.886870487143
341425637924,341425787833,149909,853.707242,163.907548,141.049829763
341425821202,341425937931,116729,839.45658,180.33601,155.89533249625
341425971248,341426171248,2e+05,828.515695384615,179.831850769231,162.632308465385
341426337893,341426437974,100081,928.996477142857,168.355608571429,141.444140474286
341426554650,341426687790,133140,376.443746666667,158.787904444444,153.801225716667
341426721055,341427087686,366631,362.133432173913,152.739705217391,151.749486755652
341427121045,341427337867,216822,401.231797142857,157.148258571429,147.942846813571
341427371130,341427721059,349929,431.043453636364,162.377745454545,146.121055610455
341427754644,341428054705,300061,467.185202105263,160.081555789474,140.230283915263
341428087673,341428237846,150173,508.427952,161.481756,138.616721006
341428271113,341428454367,183254,472.18796,153.438025,140.738313225833
341428571158,341428721081,149923,513.9514,149.623894,136.049032233
341428820956,341428987736,166780,592.894043636364,164.925810909091,131.101664331818
341429020970,341429171032,150062,611.321244,162.633602,132.9468626
341429204327,341429387711,183384,660.47899,166.111693333333,143.181327886667
341429420958,341429554561,133603,701.265806666667,167.2308,143.507693941111
341429587587,341429787590,200003,710.35534,174.444110769231,142.811108626923
341429820954,341430037736,216782,676.842218571429,171.994931428571,140.111325411429
341430070991,341430321008,250017,713.6958125,165.706855,141.24822878875
341430387606,341430520960,133354,758.808031111111,174.594068888889,145.126219628889
341430554241,341430820954,266713,766.083951764706,178.854843529412,146.121393588235
341430921009,341431054245,133236,843.177293333333,176.465986666667,149.127166137778
341431087596,341431254421,166825,859.973205454545,185.790923636364,141.552702555455
341431287536,341431487536,2e+05,905.600849230769,185.994093846154,123.855181653846
341431654446,341431870879,216433,374.981605714286,172.934674285714,136.206088345714
341431904209,341432004242,100033,360.563514285714,159.099314285714,138.637852791429
341432038133,341432470915,432782,417.913161481481,167.979898518519,136.57575447037
341432504195,341432620826,116631,445.671545,162.704145,128.0295267025
341432654248,341432754246,99998,484.926548571429,156.632457142857,145.437264312857
341432920831,341433120794,199963,553.798426153846,175.45446,148.846440188462
341433154299,341433420842,266543,585.533109411765,178.697887058824,146.429223166471
341433454365,341433670862,216497,572.411354285714,185.978081428571,141.002373167143
341433704092,341433920670,216578,605.41933,185.254574285714,144.351794775
341433954396,341434287418,333022,592.158495238095,181.519954285714,144.967609920952
341434387492,341434570844,183352,611.09786,99.876755,153.908149559167
341434604088,341434770846,166758,619.311336363636,144.426254545455,149.803790267273
341434804075,341434937437,133362,610.835993333333,156.993611111111,148.693171216667
341434970775,341435104084,133309,641.04956,174.776348888889,150.223137892222
341435137442,341435387383,249941,688.9915,182.2782325,148.5239347425
341435420721,341435603990,183269,695.376405,191.849491666667,146.16507003
341435637410,341435820673,183263,727.391528333333,192.060458333333,149.66232607
341435854130,341436137466,283336,782.364734444444,191.967572222222,140.846283112222
341436170775,341436353990,183215,797.501875,192.538195,137.3538108875
341436387370,341436820554,433184,847.677120740741,189.757197777778,130.696440813704
341436854173,341437039444,185271,876.653936666667,175.789761666667,129.848146543333
341437070609,341437270617,200008,906.017064615385,157.63458,136.640998763077
341437320568,341437620552,299984,849.012375789474,183.083668421053,133.730533705263
341437737355,341437920561,183206,922.686856666667,164.634605,147.344775465833
341438037375,341438170616,133241,394.210713333333,194.742353333333,151.30613716
341438203850,341438520572,316722,363.54464,188.969138,146.14205135
341438553868,341438870570,316702,407.549671,195.341892,139.5842243975
341438903835,341439037296,133461,382.852275555556,193.438677777778,142.043058986667
341439070536,341439320491,249955,439.78299375,198.42304,140.742538971875
341439370534,341439537262,166728,485.005550909091,184.487825454545,147.75532609
341439620420,341439937393,316973,554.996894,186.632062,150.462358694
341439970520,341440070484,99964,585.179671428571,194.191474285714,148.158184944286
341440103839,341440487130,383291,605.14483,200.042913333333,149.620783680833
341440520449,341440687122,166673,668.105014545455,206.871436363636,151.509215767273
341440837196,341441020465,183269,696.171161666667,211.44154,153.554989428333
341441103700,341441320346,216646,776.50229,229.398907142857,148.895782617143
341441353898,341441503724,149826,795.158072,216.17443,143.075155263
341441570368,341441703717,133349,876.125335555556,215.906377777778,135.441232193333
341441737168,341442054007,316839,873.076734,203.610407,141.890497333
341442087043,341442220295,133252,898.90528,195.879526666667,129.200227335556
341442253802,341442986974,733172,921.115466222222,196.462156444444,135.916534397111
341443020345,341443303560,283215,924.398248888889,173.609044444444,142.740456959444
341443337058,341443470422,133364,922.443848888889,187.962353333333,145.073767718889
341443586920,341443703591,116671,415.1545125,193.6530125,150.52085317875
341443737035,341444070273,333238,362.265841904762,193.098482857143,153.28181025381
341444103570,341444253720,150150,402.251602,199.657618,149.747873509
341444286945,341444403565,116620,426.181865,207.50134,159.39225537
341444437220,341444636911,199691,448.576138461539,181.779601538462,149.251013776923
341444670449,341444870294,199845,484.211704615385,191.315235384615,162.810871485385
341444903578,341445186847,283269,529.097788888889,192.797712222222,163.65274693
341445220224,341445453604,233380,548.532590666667,199.272234666667,158.614467946
341445486859,341445620205,133346,586.862793333333,197.711591111111,155.678296836667
341445653592,341445770248,116656,597.9730375,211.1737975,153.64363321
341445803448,341445970237,166789,586.253385454545,230.295689090909,159.637770069091
341446003480,341446303457,299977,623.873991578947,227.494741052632,159.415922488421
341446336920,341446486800,149880,643.123858,241.548354,162.461321564
341446520087,341446620052,99965,682.58536,246.245571428571,162.237945782857
341446770119,341446986802,216683,709.297197142857,235.886945714286,159.589543978571
341447020070,341447186675,166605,738.397749090909,250.664063636364,163.687098134545
341447236893,341447370119,133226,768.770824444445,233.359597777778,151.66594746
341447403474,341447536794,133320,782.523873333333,212.330882222222,142.581022296667
341447653639,341447803452,149813,860.67867,223.35753,140.753472795
341447836811,341447953609,116798,893.0638525,229.0367025,134.79001712625
341447986699,341448153496,166797,918.932125454545,222.332627272727,134.52427071
341448270150,341448586717,316567,376.652125,219.308734,146.853746312
341448620085,341448936791,316706,414.668169,211.642652,142.991867377
341448970038,341449170034,199996,420.673247692308,212.424586153846,137.024119528462
341449237192,341449403317,166125,495.599910909091,209.401392727273,141.94537618
341449436695,341449553636,116941,533.7095675,212.59322,152.34878004375
341449586718,341449719967,133249,550.826882222222,221.700137777778,154.667717296667
341449753505,341449936673,183168,588.437616666667,231.167986666667,154.182079245833
341449969998,341450269994,299996,623.387329333333,226.914244,149.09199146
341450303303,341450470059,166756,657.252989090909,238.371556363636,142.514708494545
341450503189,341450603183,99994,700.4102,242.493414285714,145.219616392857
341450636687,341450903212,266525,726.969265882353,240.532772941176,144.514369578235
341450936659,341451369900,433241,743.371672592593,244.40804,142.993279486667
341451403190,341451519850,116660,765.8617625,241.3447375,145.80449969625
341451553484,341451753490,200006,802.142966153846,248.858995384615,147.529746062308
341451786572,341451903191,116619,843.421725,243.5080575,131.54041906875
341451936669,341452036547,99878,867.567088571429,238.40778,135.493731465714
341452253393,341452686484,433091,410.750459259259,228.131031851852,135.759617547778
341452719837,341453219834,499997,433.419443870968,231.544866451613,133.766600746774
341453269880,341453419833,149953,478.850074,226.341992,136.530656329
341453453362,341453603078,149716,499.08387,227.112072,136.850045792
341453636582,341453769901,133319,534.19032,229.456668888889,141.543438536667
341453803046,341454153248,350202,586.078449090909,236.662223636364,147.801893191364
341454219716,341454336572,116856,644.4945825,256.1918775,154.2480620225
341454369874,341454553126,183252,656.02314,264.172305,151.447574601667
341454586484,341454686369,99885,692.333642857143,266.126385714286,148.456402974286
341454736446,341454953134,216688,764.17499,259.477927142857,142.239100926429
341454986378,341455253311,266933,741.562664705882,251.878835294118,140.420863648235
341455286292,341455469770,183478,758.257553333333,246.32124,135.58973015
341455503078,341455836449,333371,777.50912,256.651552380952,129.874813920952
341455869758,341455969759,100001,761.444565714286,249.213988571429,128.371019291429
341456002921,341456119733,116812,816.90738,262.644605,124.16334807
341456153089,341456269767,116678,839.84298,267.6490825,127.99221587125
341456302939,341456719592,416653,861.360913076923,264.989477692308,126.4442391
341456753109,341457036321,283212,889.612441111111,261.401896666667,126.193207399444
341457069629,341457702950,633321,855.375653333333,261.060274871795,128.213446489744
341457736368,341457919597,183229,885.340223333333,248.170721666667,127.539536299167
341457953217,341458236282,283065,912.903141111111,264.497423333333,134.574388927222
341458369727,341458469789,100062,333.740002857143,228.74728,126.285718412857
341458536312,341458652876,116564,356.22984,233.93535,132.20955303
341458686259,341458836302,150043,372.717428,240.650772,134.533502004
341458869541,341459186210,316669,425.315617,253.689892,134.4438612645
341459219458,341459319468,100010,452.521211428571,257.033248571429,127.695951205714
341459469543,341459869529,399986,484.1341936,251.4655248,126.4702421984
341459902829,341460319466,416637,521.485575384615,256.271780769231,120.134279500385
341460352881,341460552759,199878,549.269406153846,250.102147692308,112.970808613077
341460586116,341460786075,199959,561.218686153846,249.402298461538,116.335434778462
341460886895,341461002699,115804,594.7776275,264.43623,121.40666276125
341461036175,341461152857,116682,612.30179,266.881465,129.95959566375
341461186073,341461402678,216605,653.873545714286,276.682334285714,146.360209767857
341461436243,341461586080,149837,681.082848,275.552904,148.083269909
341461619330,341461752882,133552,710.791622222222,274.817182222222,147.662231215556
341461786082,341462186092,400010,723.5091368,285.7656544,156.1169034792
341462219338,341462402720,183382,757.005041666667,286.150058333333,153.1200818525
341462436063,341462569380,133317,788.458515555556,275.74318,144.176798877778
341462602691,341462752941,150250,821.917942,285.490898,143.024150389
341462785948,341463019349,233401,828.117692,291.343944,141.127007100667
341463052756,341463219332,166576,858.556656363636,277.894207272727,141.546635143636
341463252748,341463452859,200111,896.498933846154,277.925112307692,148.213443601538
341463552791,341463669418,116627,400.1094175,272.64549,146.37977305875
341463702554,341464285965,583411,364.130928888889,273.711915555556,143.970023015
341464319224,341464485979,166755,396.623070909091,279.792434545455,138.738638369091
341464519230,341464719218,199988,410.022663076923,291.916896923077,137.419697127692
341466852503,341467002443,149940,814.783904,244.365594,115.453624175
341467152599,341467335810,183211,805.16733,278.206393333333,144.0556368425
341467369196,341467819080,449884,787.197268571429,288.416349285714,149.998310138214
341467852693,341468019120,166427,826.494674545455,292.709167272727,147.95905917
341468052649,341468352378,299729,866.068421052632,286.277829473684,140.950263788421
341468785741,341468902357,116616,941.178085,276.439415,134.264381295
341468935822,341469152397,216575,935.959507142857,263.867277142857,135.126419446429
341469185714,341469302325,116611,934.3587125,273.415345,131.94040303375
341469402312,341469685709,283397,380.447476666667,281.383074444444,139.095028102778
341469718977,341470335771,616794,424.961797894737,290.483768947368,135.567559542632
341470369041,341470535663,166622,449.182747272727,290.286334545455,136.740321658182
341470569035,341470735721,166686,490.034705454545,292.399305454545,136.043046166364
341470769403,341471069254,299851,498.341071428571,290.147825714286,136.581388584286
341471102187,341471252501,150314,520.417902,302.218698,133.506543811
341471285579,341471485575,199996,555.230243076923,301.514669230769,134.719648119231
341471518856,341471652353,133497,576.198624444444,310.424088888889,135.376726414444
341471685591,341471818853,133262,618.40934,307.149055555556,138.732339507778
341471868881,341472018839,149958,684.164608,313.067888,140.857389351
341472052415,341472402193,349778,694.242007272727,310.436201818182,140.687251499545
341472435587,341472768895,333308,725.361428571429,307.914947619048,146.552945515714
341472802196,341472935560,133364,765.780882222222,311.252062222222,147.731900013333
341472968903,341473085463,116560,805.10295,310.02095,143.51850797375
341473118836,341473368906,250070,835.5275275,313.71414625,143.29715877875
341473452241,341473552250,100009,882.159542857143,301.081722857143,138.056940885714
341473585462,341473718843,133381,884.516726666667,298.546504444444,139.858296468889
341473752252,341473935544,183292,864.88294,302.196543333333,141.1684339275
341473968805,341474135609,166804,901.200089090909,307.699123636364,144.263116927273
341474335598,341474518729,183131,382.422201666667,300.99819,140.326927490833
341474552121,341474902057,349936,356.934769090909,296.370767272727,139.545303597727
341474952170,341475168786,216616,407.977088571429,316.030624285714,137.859540265714
341475202082,341475452302,250220,437.72947,312.12056875,137.68346279375
341475485344,341475852182,366838,405.26914173913,315.535047826087,138.583655402174
341475885379,341475985340,99961,425.389065714286,312.538248571429,142.66874075
341476135437,341476285330,149893,465.542934,317.958454,144.548105744
341476318723,341476501928,183205,483.560345,319.609731666667,141.656227066667
341476535457,341476768801,233344,515.695050666667,317.455098666667,131.2028748
341476801950,341477168655,366705,537.786604347826,309.617559130435,125.378979163478
341477201948,341477418602,216654,566.54677,310.209768571429,124.126419556429
341477452098,341477868659,416561,598.808970769231,306.949794615385,123.740487417308
341477935346,341478168647,233301,647.974332,326.547841333333,127.358843592
341478201823,341478335483,133660,635.987637777778,310.665206666667,128.760222255556
341478368679,341478601832,233153,678.465686666667,330.843357333333,146.881948781333
341478652049,341478768673,116624,714.56258,346.4331725,146.7254796575
341478801820,341478935342,133522,728.859826666667,348.333046666667,145.366925981111
341478968879,341479068543,99664,758.102671428572,333.436665714286,150.782186984286
341479101819,341479285210,183391,706.54255,325.515766666667,149.004297494167
341479318464,341479485201,166737,686.364712727273,317.070634545455,148.417529502727
341479535205,341479885106,349901,768.232055454546,329.353112727273,151.296088427727
341479918466,341480035186,116720,801.0562925,334.6916125,151.38331453375
341480068511,341480268522,200011,815.596681538462,335.975564615385,151.947160854615
341480301823,341480435179,133356,843.47378,334.5611,155.580079465556
341480468675,341480635193,166518,875.061310909091,332.490121818182,153.935994987273
341480718468,341480935169,216701,560.778082857143,317.321908571429,141.796641368571
341481035215,341481151865,116650,855.41701,332.0802475,151.154329075
341481235222,341481535214,299992,522.018778947368,318.741612631579,146.972277544211
341481568407,341481785073,216666,561.01951,316.722652857143,145.185852002857
341481818343,341481935244,116901,582.2932625,334.266595,150.22185019375
341481968412,341482201698,233286,599.538856,360.578985333333,150.556216662
341482235092,341482351745,116653,629.9163775,350.261305,148.65545089
341482601688,341482735082,133394,906.544886666667,342.749982222222,149.159372937778
341483118367,341483484984,366617,921.277071304348,345.98136,150.955687705217
