"start","end","dur","x","y","pupil"
361625207071,361625540405,333334,445.318906,108.713305,77.9284005868182
361625573695,361625940268,366573,388.878533913043,80.3467139130435,80.626522773913
361626173702,361626606964,433262,419.051827407407,143.578231111111,83.64808715
361626640242,361627240272,600030,509.22237027027,163.864571891892,76.9162908024324
361627275209,361627757116,481907,569.368966875,152.18467125,78.0920941578125
361627790201,361627940134,149933,643.424132,156.639568,77.482199453
361628006997,361628173882,166885,443.153985454545,38.4648309090909,78.8914673881818
361628206949,361628423499,216550,396.331101428571,57.3102271428571,79.4650236521429
361628467080,361628823521,356441,534.523572173913,74.7940539130435,79.4042298147826
361628856772,361629623428,766656,388.905765106383,114.793983829787,81.5195351229787
361629667299,361630340054,672755,399.898781904762,130.102929047619,81.608350287619
361630373601,361630790201,416600,516.009349230769,137.595541538462,79.1116602088462
361630823388,361631190314,366926,601.530046956522,128.23509826087,76.48335116
361631223372,361632240005,1016633,659.41069,119.189187741935,75.5907075443548
361632275517,361632574833,299316,747.887850526316,105.859187368421,79.7317186205263
361632606678,361632939875,333197,822.739077142857,135.98624,78.3055798733333
361632974002,361633257093,283091,881.790098888889,115.102228888889,75.7655237288889
361633339869,361634156529,816660,390.684694,130.3326904,78.8759764738
361634190090,361634556889,366799,476.540908695652,138.85839826087,78.7590116156522
361634590217,361635139811,549594,567.799374117647,148.100547058824,75.3519915576471
361635173995,361635766955,592960,572.827686111111,126.824117777778,76.3990051316667
361635789891,361636306426,516535,681.7624325,128.74920125,76.1936750859375
361636339785,361636775602,435817,745.000933333333,103.41786,76.4484777981481
361636806430,361637074393,267963,774.07595882353,107.89212,76.6661818917647
361637106426,361637389937,283511,742.648175555556,128.579924444444,77.7999230738889
361637576396,361638289917,713521,831.367761818182,135.872773181818,77.5678059815909
361638323022,361638766893,443871,899.334142222222,135.270503703704,73.9302219785185
361638839653,361639656242,816589,401.8860524,174.9419912,80.2848451164
361639689689,361640189721,500032,465.571619354839,160.732310967742,75.9054964258064
361640222890,361641139517,916627,551.237418214286,191.760323928571,79.30921557
361641173013,361641689641,516628,612.864920625,180.94049625,80.49815758125
361641722734,361642106360,383626,669.4781525,164.301155,79.6898880141667
361642139518,361642839396,699878,717.870373023256,136.591506046512,77.5649844960465
361642872893,361643506077,633184,781.401381538462,162.242774871795,74.3143454274359
361643539418,361644306052,766634,848.629206382979,179.805435744681,73.846842862766
361644339399,361644622644,283245,888.886545555556,143.215586666667,75.5678987722222
361644689749,361646072632,1382883,390.136952142857,166.860010238095,74.6862328584524
361646106220,361646773333,667113,473.058945853659,188.093923414634,72.4198948926829
361646805944,361648739179,1933235,519.999976068376,183.999509059829,73.0419000607692
361648773306,361649289422,516116,628.75987625,186.225753125,70.76264958875
361649322415,361649689218,366803,711.399537391304,163.357584347826,69.9258050221739
361649722381,361650122442,400061,818.4930104,168.9522344,71.9390194844
361650155760,361650389261,233501,878.303989333333,171.847517333333,72.2495599666667
361650422376,361650989359,566983,778.030107428571,198.451370857143,73.4524797851429
361651022389,361651439023,416634,884.571690769231,190.32586,71.9878130307692
361651522370,361652305700,783330,403.834961666667,181.219954583333,75.1453124604167
361652339033,361653605559,1266526,491.472414285714,201.046511948052,71.9831041202597
361653638883,361653755529,116646,537.31135,196.1080025,75.52013420125
361653938867,361654705555,766688,614.40231106383,205.383114893617,72.6877371470213
361654738851,361655505594,766743,724.504297021277,191.213804255319,69.8021578865958
361655538785,361656322102,783317,805.591525,187.543982083333,69.4280170629167
361656355355,361656889073,533718,878.640373939394,191.175247272727,71.7882694666667
361656938780,361657055355,116575,532.3030925,195.9987275,74.4694934025
361657105625,361657338775,233150,391.402825333333,204.012576,73.2688472026667
361657372449,361657572123,199674,359.125047692308,214.472009230769,71.9802032969231
361657605706,361657938855,333149,389.643408571429,241.672253333333,70.8737931990476
361657972115,361658621997,649882,469.050212,240.2428885,69.16902890825
361658655248,361659072070,416822,558.790177692308,213.621180769231,70.5730205469231
361659105298,361659621887,516589,645.0868625,213.739205625,71.195628409375
361659655264,361660138662,483398,715.21287,192.067264,71.759406486
361660173494,361660688739,515245,785.045795,193.96727875,70.1215777996875
361660721883,361661655148,933265,833.687581403509,199.975660701754,67.7350305501754
361661688581,361662438496,749915,895.641116521739,198.172630434783,67.511217601087
361662505185,361662638407,133222,401.253555555556,221.312222222222,77.5275691522222
361662671920,361663121770,449850,388.559424285714,236.497899285714,74.1465078785714
361663155138,361663521768,366630,501.994091304348,230.438991304348,71.7316726691304
361663555025,361663921744,366719,587.090453913044,205.159026956522,69.0478013413043
361663955005,361664721658,766653,648.139804680851,209.360452340426,67.4173249865957
361664755019,361665138410,383391,740.173451666667,199.4625225,66.8912577425
361665171740,361665738269,566529,831.761522857143,224.549224,64.4460235305714
361665774023,361666188480,414457,886.515570769231,243.776373076923,65.1545185384615
361666254894,361666438234,183340,429.791828333333,253.800526666667,70.0900301625
361666471813,361667054904,583091,406.017384444444,266.265577777778,72.5135269080556
361667088432,361667554911,466479,496.580208275862,272.371862758621,68.6917369851724
361667588322,361668238110,649788,579.0287515,256.784532,66.903290441
361668272288,361668688342,416054,689.58519,237.077646153846,65.8404299661538
361668721517,361669071657,350140,765.529897272727,235.816704545455,66.4445024772727
361669104838,361669454758,349920,814.348901818182,237.372589090909,66.6532239495455
361669488472,361670071676,583204,750.599210555556,218.12418,68.1600221280556
361670104808,361670354772,249964,852.46318375,237.23536625,65.90784239
361670388306,361670537986,149680,895.151794,242.261462,62.996714574
361670604843,361670821409,216566,407.001471428571,264.721151428571,65.6339344014286
361670854768,361672088066,1233298,414.1730424,261.142755466667,66.8455083378667
361672121289,361673037877,916588,489.9243225,266.746117142857,69.7049941898214
361673121286,361673371380,250094,801.40696375,247.83644625,71.307950099375
361673554507,361674171386,616879,558.190438947368,260.923084210526,70.936031955
361674204555,361674588069,383514,659.007146666667,257.500525,65.55939646625
361674621156,361674904598,283442,755.11061,227.615292222222,63.3699571238889
361674937904,361675454519,516615,850.713573125,239.883613125,63.016911881875
361675521186,361675704599,183413,431.064618333333,263.278178333333,67.4794987033333
361675737776,361676071226,333450,403.972804761905,276.285522857143,68.5421383485714
361676104463,361676354395,249932,489.6910475,293.8623925,70.12629842125
361676387951,361676587936,199985,608.850784615385,280.836778461538,68.3199001269231
361676621159,361677054405,433246,665.005284444444,268.551716296296,67.0204238711111
361677088014,361677487816,399802,737.9124584,261.287212,65.943280864
361677521048,361678687846,1166798,836.448934929577,270.90456028169,69.5595206278873
361678721077,361678971134,250057,899.71706375,282.76989625,72.035540144375
361679037624,361679237613,199989,419.933687692308,293.028549230769,72.5529977076923
361679271169,361679520930,249761,379.731145,283.3218575,73.57888582875
361679554283,361680337499,783216,464.984234583333,295.034577916667,70.3373877295833
361680370996,361681004350,633354,459.630651282051,283.275483589744,69.8367999064102
361681037492,361681837551,800059,543.665359183673,309.386530204082,69.2668653342857
361681870863,361682087568,216705,599.316804285714,305.315468571429,68.3061025342857
361682120791,361682704187,583396,692.71307,320.794534444444,68.315380365
361682737373,361682854164,116791,675.7709825,319.93655,69.09975083875
361682887550,361683204195,316645,808.875366,287.631119,68.70056983
361683237423,361683704309,466886,871.020008275862,284.101051034483,69.398470397931
361683853992,361684604065,750073,411.813005652174,320.378390434783,72.3788653586956
361684637412,361685070801,433389,504.445142222222,311.714317037037,70.5976100918518
361685104053,361685904180,800127,552.626601632653,310.520957142857,68.1842871865306
361685970744,361686153905,183161,895.703708333333,342.665143333333,67.3655098741667
361686187544,361686287490,99946,930.931986086957,344.443,69.1072425414286
