"start","end","dur","x","y","pupil"
14742780213,14742962916,182703,363.078155,174.325478333333,76.4329003441667
14743095970,14743195983,100013,401.130814285714,182.444942857143,77.7478971771429
14743279240,14743429361,150121,381.14214,109.767156,78.334007988
14743495824,14743595841,100017,418.680011428571,109.8872,79.6065950557143
14743779257,14743879275,100018,557.20928,131.490268571429,82.16266901
14743912636,14744079322,166686,542.851027272727,118.798792727273,88.9066927645455
14744312529,14744529378,216849,600.914947142857,106.260622857143,99.1151125428571
14744562626,14744812469,249843,627.51885875,121.16345125,108.323287975
14744846213,14744979272,133059,619.442497777778,136.580111111111,114.449859875556
14745045915,14745395844,349929,728.30694,138.57737,116.734205810909
14745433908,14745612513,178605,785.334083333333,131.702518333333,111.37866821
14745645891,14745879161,233270,786.927053333333,118.882942666667,108.979781503333
14745912505,14746045840,133335,741.260777777778,104.762546666667,108.476381081111
14746179159,14746379159,2e+05,835.332369230769,98.3102138461539,107.249572344615
14746412514,14746662585,250071,812.59919125,98.14607625,110.427945114375
14746695712,14746862704,166992,818.666572727273,98.4353672727273,114.707781839091
14746895720,14747235440,339720,813.726742857143,91.3146638095238,115.49543986619
14747562570,14747679027,116457,346.30723,105.3358375,114.603854465
14747962461,14748112389,149928,425.40861,108.374654,97.167446645
14748634631,14748745798,111167,459.54355,325.83028,85.13460463
14748779042,14748912372,133330,453.525477777778,323.056133333333,84.2884083766667
14749779035,14749912252,133217,497.432711111111,195.083157777778,77.8828151611111
14749945640,14750078913,133273,485.680668888889,180.103162222222,78.7562549577778
14750212288,14750312258,99970,564.784288571429,150.962605714286,78.7291185257143
14750512271,14750634700,122429,479.385415,206.97355,84.4239754825
14750945569,14751134462,188893,370.202868333333,180.27442,88.6309510241667
14751178885,14751312279,133394,425.876904444444,175.957068888889,86.4153104255556
14751395455,14751495551,100096,374.801851428571,186.770117142857,88.7572761642857
14751534324,14751729109,194785,363.117749230769,182.196647692308,94.8177995346154
14751762203,14751962463,200260,377.276575384615,198.645030769231,105.035340526154
14752033898,14752145584,111686,420.4382625,156.9732875,112.0283671
14752395461,14752578810,183349,540.072813333333,273.347731666667,110.73475646
14752645544,14752745534,99990,547.119291428572,198.262957142857,114.735420544286
14752778774,14752895458,116684,555.6134725,199.4479975,112.18930408625
14753312147,14753495354,183207,665.115678333333,139.469601666667,102.4989106325
14753528937,14753712130,183193,660.771868333333,168.238291666667,100.6032702775
14753762219,14753862335,100116,697.953917142857,186.463002857143,99.1896098371429
14753895336,14754045468,150132,707.976204,177.607734,104.047605836
14754078821,14754362215,283394,674.352867777778,167.594881111111,106.37632919
14754395344,14754645440,250096,710.82230375,168.8828175,109.09692149125
14754834539,14754978765,144226,796.939742,136.373682,95.737215713
14755295463,14755495349,199886,868.715289230769,124.901843076923,103.604946502308
14755528776,14755662293,133517,850.662873333333,147.155373333333,100.864830376667
14755695358,14755795330,99972,858.523768571429,169.766825714286,97.0444442271428
14755978658,14756112015,133357,859.667304444445,143.525264444444,89.9650085244444
14756162039,14756378651,216612,777.921998571429,142.750024285714,92.8477896307143
14756478688,14756695212,216524,396.933968571429,135.639042857143,83.3971021092857
14756795210,14756895229,100019,289.935034285714,176.188077142857,82.2929231642857
14756978658,14757078662,100004,339.05068,198.480962857143,84.5280476342857
14757228805,14757478670,249865,428.10528125,212.6205175,93.821614395
14757511888,14757611952,100064,389.085005714286,212.104851428571,100.397549141429
14757795212,14757961958,166746,865.623589090909,205.600705454545,106.191077653636
14757995205,14758135135,139930,897.310317777778,179.738666666667,109.246119994444
14758278518,14758462005,183487,915.9817,172.039198333333,111.077632465
14758545200,14758778524,233324,767.882882666667,163.920026666667,106.37623274
14758811878,14758911883,100005,842.751471428571,167.232434285714,98.0631570071429
14759045179,14759211798,166619,608.977743636364,155.147527272727,98.2034707409091
14759634008,14759745179,111171,362.2911975,216.580285,97.86240970625
14759778536,14759978524,199988,385.176418461539,201.085183076923,93.0825156707692
14760045177,14760245170,199993,468.575592307692,201.225130769231,90.6966170484615
14760278417,14760461952,183535,427.190345,203.866376666667,92.452562695
14760495109,14760595084,99975,468.999025714286,215.06198,97.43348716
14760678422,14760795489,117067,567.53787,209.15142,104.017305415
14760833820,14761011761,177941,575.279745,192.410488333333,110.46196932
14761131362,14761394956,263594,640.219668235294,190.416125882353,117.913485402941
14761429591,14761536336,106745,678.921877142857,188.302734285714,114.776154052857
14761561826,14761694977,133151,691.498302222222,174.219542222222,118.245884456667
14761834044,14761945066,111022,585.0244975,183.6062675,120.08758878625
14761978404,14762111644,133240,602.830455555556,207.479433333333,120.309655061111
14762145068,14762311634,166566,632.699372727273,203.538334545455,122.514781824545
14762394954,14762611640,216686,706.834721428571,189.758088571429,115.447612677143
14762645093,14762778255,133162,710.389584444444,175.979422222222,111.533047306667
14762811635,14763161714,350079,765.084233636364,175.91425,109.390067316818
14763278279,14763378229,99950,834.662977142857,231.111622857143,112.338714411429
14763411624,14763511648,100024,856.99068,218.28244,108.859712738571
14763678276,14763835373,157097,372.334142,210.3995,117.087057375
14763861815,14763994832,133017,350.635917777778,210.779635555556,108.236250083333
14764044926,14764194851,149925,438.276612,227.489004,99.844397926
14764361836,14764494862,133026,514.712002222222,185.546351111111,92.5089014244444
14764533971,14764834745,300774,515.813312631579,193.313803157895,94.9768766710526
14764878243,14765094841,216598,562.411624285714,215.426325714286,90.7548033257143
14765428269,14765561799,133530,627.478782222222,199.075742222222,92.6535605444444
14765678154,14765811510,133356,639.606164444445,163.43526,101.874170101111
14765911515,14766211533,300018,686.586878947368,217.165533684211,109.686034501053
14766444892,14766778151,333259,524.912047619048,213.199487619048,103.837439656667
14766811402,14766944819,133417,506.064133333333,225.20122,110.478983523333
14767244807,14767461475,216668,640.756294285714,243.983095714286,115.945589967143
14767628161,14767735242,107081,694.677008571429,216.576737142857,113.50962114
14767811388,14767934501,123113,750.001775,210.352985,109.477470105
14767961452,14768144885,183433,772.388626666667,197.922045,106.4757738575
14768178027,14768411378,233351,806.383146666667,210.365696,106.55942923
14768444687,14768761463,316776,843.406923,210.898688,101.0779053435
14768944795,14769044711,99916,493.995222857143,202.145337142857,86.4667929442857
14769361334,14769511262,149928,794.218916,199.353752,87.382333445
14769711260,14769811272,100012,405.343237142857,219.699951428571,114.16400144
14769846937,14770134798,287861,337.063977777778,230.523613333333,109.298052482778
14770161487,14770311266,149779,338.670292,250.262828,102.994797676
14770461556,14770577911,116355,602.37352,250.42993,107.11074753
14770634897,14770744679,109782,663.738295,243.180645,110.50646159
14770833695,14771044545,210850,575.092647142857,207.593511428571,97.0476495585714
14771094484,14771244590,150106,637.346342,215.990142,95.383419892
14771334067,14771577923,243856,383.545715,207.3006325,107.27153077
14771611258,14771734385,123127,411.679135,223.8293825,116.0322937
14771844583,14771944644,100061,483.804308571429,271.529625714286,112.793732417143
14772177927,14772361266,183339,451.126308333333,238.582933333333,113.881283788333
14772411137,14772511142,100005,524.051034285714,236.492217142857,118.551669518571
14772544571,14772677774,133203,523.836124444444,224.075793333333,119.779685435556
14772861424,14773077784,216360,559.403607142857,251.472542857143,113.370574518571
14773394339,14773561428,167089,633.303556363636,194.826998181818,104.097051676364
14773811134,14773911145,100011,691.673745714286,187.323654285714,86.3826044128571
14773944433,14774044473,100040,694.161442857143,177.884534285714,87.75702953
14774077819,14774577839,500020,734.147683225807,188.472026451613,92.6340768658064
14774611021,14774744432,133411,756.684671111111,189.83174,102.939895028889
14774777777,14774894336,116559,792.9230375,200.588255,103.72529092375
14775061216,14775227784,166568,807.193712727273,204.874356363636,99.6512942309091
14775261238,14775394335,133097,823.902253333333,218.073735555556,98.2829341977778
14775428525,14775634830,206305,848.037210769231,194.038775384615,88.1036915407692
14775661080,14775794224,133144,867.347384444445,187.155691111111,82.7233485388889
14775894609,14775994205,99596,423.711948571429,185.807665714286,84.8994632885714
14776061153,14776228306,167153,338.548150909091,202.456021818182,84.2852914318182
14776261192,14776377682,116490,349.8082475,238.2782325,85.2719832525
14776411007,14776544420,133413,370.771404444444,250.849968888889,87.3635864066667
14776630912,14776835210,204298,536.741427692308,247.232255384615,97.1600074338461
14776910878,14777160955,250077,402.5261,222.28783625,110.554980839375
14777194219,14777334547,140328,397.933642222222,243.044326666667,110.851984691111
14777361170,14777561098,199928,401.425966153846,247.362603076923,111.408942791538
14777644471,14777777523,133052,595.042415555556,250.190006666667,113.050641657778
14777810869,14777944955,134086,639.814548888889,255.838973333333,109.372835427778
14778027651,14778234456,206805,480.911586153846,240.57264,113.754730563077
14778277517,14778444299,166782,561.977383636364,227.770983636364,115.027402688182
14778534064,14778644215,110151,631.5477,206.814735,108.3629660925
14778710921,14778834660,123739,712.0590825,211.5676025,116.936376555
14778860958,14778977515,116557,716.794275,230.1828525,118.1898211
14779010876,14779131590,120714,779.4576775,227.897615,115.957542195
14779310764,14779434307,123543,426.2810825,215.36535,114.07860703125
14779494106,14779644330,150224,343.573832,233.421472,110.131207989
14779677540,14779810746,133206,332.143673333333,247.223611111111,109.713213583333
14779928261,14780277631,349370,450.776215454545,269.342709090909,106.48120557
14780310766,14780527478,216712,505.116814285714,272.632947142857,110.584837153571
14780560805,14780710783,149978,467.9473,259.04494,109.054624802
14780744057,14780893985,149928,425.30903,258.892356,101.90336768
14780977424,14781160899,183475,561.485745,260.669463333333,93.9336507291667
14781193974,14781477394,283420,555.778483333333,242.974167777778,89.4347481916667
14781610640,14781734124,123484,634.18465,201.339485,90.64969818
14781960902,14782160666,199764,666.723513846154,206.939546153846,90.3738748492308
14782193988,14782293973,99985,709.312954285714,205.814834285714,86.1865405757143
14782334771,14782444151,109380,731.406205,222.47065,79.2585892175
14782477595,14782631417,153822,767.835766,223.49203,77.056081984
14782660896,14782893964,233068,788.719698666667,214.336424,80.0157713673333
14782934674,14783127462,192788,819.729201538462,208.729746153846,88.2425518207692
14783310642,14783428283,117641,886.4178275,168.81538,101.94889553375
14783993844,14784343940,350096,417.148423636364,269.100900909091,102.38913688
14784410515,14784593839,183324,532.224601666667,286.848643333333,110.317055834167
14784634817,14784877142,242325,509.18795125,272.30860375,118.9630360625
14784910511,14785077142,166631,547.732150909091,266.835245454545,114.579092318182
14785143959,14785310510,166551,645.084412727273,244.836269090909,121.387924178182
14785345748,14785560813,215065,637.288385714286,262.1502,122.684502986429
14785610517,14785977165,366648,721.485140869565,247.80288,122.812970941304
14786010506,14786177195,166689,755.917596363636,257.078547272727,112.059935175455
14786210518,14786310545,100027,783.050077142857,249.168148571429,100.562470387143
14786343831,14786460691,116860,817.8402425,235.568905,99.3444905575
14786493713,14786677140,183427,845.818598333334,246.236558333333,98.0877787408333
14786710372,14786877146,166774,873.815254545455,245.343863636364,99.8768699654545
14787060679,14787177168,116489,365.13014,244.071725,106.5372499025
14787210384,14787310386,100002,343.641282857143,269.204505714286,105.320312115714
14787460718,14787677009,216291,395.501824285714,306.861395714286,95.800239255
14788027168,14788160668,133500,433.379148888889,273.943846666667,101.623153075556
14788227173,14788460676,233503,532.142697333333,275.886852,94.1332486693333
14788493593,14788593589,99996,505.310945714286,267.455505714286,85.5615209314286
14788634608,14788760482,125874,565.56872,262.240386666667,84.6810046255556
14788910424,14789010252,99828,645.580231428571,265.484791428571,88.71065236
14789043783,14789333852,290069,643.344005555556,253.243012222222,97.631994735
14789360570,14789477033,116463,691.1385325,249.9088675,101.82904118375
14789510272,14789610265,99993,690.813062857143,225.051114285714,101.782583021429
14789693583,14789793607,100024,733.736245714286,245.099125714286,103.692625675714
14789833895,14789943654,109759,738.3362625,259.0252075,105.48945812875
14789976912,14790243692,266780,780.903245882353,264.57976,107.168486476471
14790276915,14790376923,100008,764.66966,275.84748,111.883704828571
14790410269,14790543703,133434,822.330644444444,283.94482,113.813276054444
14790577178,14790760541,183363,849.327811666667,288.248171666667,111.9054864075
14791010269,14791276910,266641,328.615967058824,290.826810588235,105.513595577059
14791335134,14791435443,100309,398.983334285714,302.021971428571,103.126020491429
14791460568,14791727028,266460,400.144217647059,321.713141176471,102.744830507647
14791776907,14791876948,100041,460.260894285714,313.098371428571,103.681349084286
14792027050,14792160294,133244,395.283937777778,324.745162222222,103.488737227778
14792193493,14792293457,99964,453.847085714286,321.173042857143,103.980998494286
14792327055,14792460418,133363,460.000602222222,309.820735555556,110.115681454444
14792643548,14792793464,149916,544.424268,289.33393,105.150330229
14792833403,14793010127,176724,549.842091666667,296.323255,109.821639823333
14793043568,14793143865,100297,557.739965714286,320.219888571429,111.766657697143
14793176782,14793293329,116547,550.0217625,315.89609,112.89651169125
14793333928,14793443451,109523,548.8211025,287.2642175,108.02862990125
14793510141,14793610130,99989,564.191182857143,233.376274285714,116.784489307143
14793643756,14793776786,133030,569.993631111111,266.29718,115.487240938889
14793810125,14793910141,100016,600.191245714286,286.786234285714,119.722546578571
14793943446,14794526897,583451,617.963363333333,296.078182777778,109.0434930475
14794643447,14794793342,149895,588.618124,276.6527,103.498289897
14794833398,14795060090,226692,586.43112,282.91692,106.025115078667
14795093369,14795276661,183292,543.337691666667,273.665338333333,95.6587312666667
14795334047,14795427584,93537,613.791854285714,279.373111428571,95.3619772342857
14795460322,14795743305,282983,631.046011111111,306.24247,96.6253776944444
14795776700,14795993229,216529,647.149137142857,295.627338571429,106.883140433571
14796026774,14796144865,118091,690.47612,283.003605,111.35648182625
14796326769,14796560002,233233,686.228030666667,279.674729333333,115.420112784667
14796593228,14796709887,116659,665.64234,277.9122875,112.7761117425
14796743314,14796976650,233336,631.645970666667,275.952018666667,108.330704474667
14797026774,14797226941,200167,663.769575384615,313.374715384615,104.890323036923
14797334940,14797461234,126294,711.495873333333,254.168873333333,115.014077638889
14797493229,14797776529,283300,717.048294444445,276.517943333333,115.757340845
14797844675,14797960163,115488,800.5505925,280.34528,115.461326975
14797993220,14798126847,133627,815.788995555556,261.991375555556,118.670367448889
14798276575,14798534752,258177,778.26731375,278.1077275,122.061394069375
14798560077,14798676531,116454,797.60782,267.8539525,116.82589753375
14798860141,14799060000,199859,849.194252307692,249.61088,110.692113423077
14799159984,14799260026,100042,408.329151428571,272.97306,104.074350044286
14799309755,14799609769,300014,343.799314736842,268.156466315789,92.99484176
14799676537,14799776415,99878,398.98914,285.003442857143,86.5317280828571
14799860120,14800109748,249628,463.80109125,296.14065875,87.74519587
14800143113,14800434477,291364,411.178864444445,296.495881111111,86.3627611038889
14800493097,14800676411,183314,503.391508333333,309.29993,91.5001715016667
14800959913,14801159835,199922,563.240786153846,249.862124615385,89.8589335976923
14801260086,14801359815,99729,605.398297142857,268.552411428571,85.4368478085714
14801392986,14801509646,116660,612.83999,261.327335,80.1904987675
14801609637,14801833840,224203,659.061044285714,257.228287142857,83.6548221378571
14802009639,14802193028,183389,691.360438333333,273.655766666667,92.1402738808333
14802233821,14802376324,142503,718.48435,280.622234,98.553251084
14802427640,14802743069,315429,770.542541,289.70182,105.0888807665
14802834189,14802934989,100800,828.626885714286,274.283468571429,101.127258687143
14802959737,14803142951,183214,842.092103333333,274.290233333333,97.5152907966667
14803442995,14803576276,133281,342.057893333333,304.653442222222,105.267675085556
14803609628,14803859990,250362,325.9186625,296.0218875,99.436094115
14803892836,14803992870,100034,384.489457142857,321.152257142857,95.6638745142857
14804292834,14804509528,216694,444.425434285714,345.313424285714,89.8764847671429
14804543009,14804659570,116561,426.180555,319.183415,84.61281255
14804692835,14804943051,250216,467.6551075,308.0417325,84.767992830625
14805159608,14805342995,183387,550.221031666667,269.954905,83.8714713908333
14805376172,14805492875,116703,525.601145,286.4793925,85.71165757875
14805592717,14805742941,150224,558.153166,288.742596,82.648225715
14805776185,14806026323,250138,583.1078825,287.20651,86.225492450625
14806059562,14806159701,100139,604.098488571429,288.988357142857,89.5220689142857
14806209505,14806392763,183258,703.836236666667,300.459306666667,89.6078136341667
14806434898,14806559518,124620,668.463873333333,283.203315555556,93.4183237055556
14806659586,14806759581,99995,738.366457142857,190.021825714286,101.713093258571
14807042880,14807159498,116618,760.1324075,262.2954525,108.04979788125
14807192719,14807292741,100022,780.692051428571,300.087831428571,109.948198798571
14807334649,14807476059,141410,779.058282,319.923082,108.64687879
14807592716,14807759592,166876,858.806198181818,308.607554545455,110.032540206364
14807792718,14807992623,199905,863.76236,285.100936923077,110.626481243846
14808509390,14808792596,283206,422.079131111111,308.294881111111,100.54030108
14808892587,14809142697,250110,482.25380875,321.15199375,107.774411518125
14809192620,14809492606,299986,545.836296842105,317.1533,104.425984716842
14809542715,14809642689,99974,430.276854285714,312.419345714286,101.912842714286
14809675907,14809809272,133365,450.795944444444,335.670171111111,100.451366466667
14809959367,14810159418,200051,631.54674,354.121367692308,105.164818586154
14810192602,14810292631,100029,609.321354285714,347.124191428571,108.175239947143
14810575918,14810692466,116548,676.265405,291.19467,105.94060029625
14810726202,14810842590,116388,703.1174625,297.48594,100.80398417875
14810875917,14811075923,200006,735.705018461539,312.357167692308,91.5861017292308
14811109252,14811259546,150294,770.083726,324.070892,87.241789525
14811375906,14811475903,99997,813.815511428572,344.483794285714,90.8642162442857
14811659430,14811759314,99884,375.662765714286,340.974245714286,106.3083147
14811834563,14811975925,141362,306.005072,302.839604,105.405801371
14812175817,14812292493,116676,383.693575,384.7662825,103.3188075425
14812526011,14812725888,199877,394.504356923077,376.483587692308,109.507247060769
14812759324,14813042569,283245,421.968643333333,371.644498888889,111.021605362778
14813075798,14813259331,183533,465.128375,369.003058333333,108.267521661667
14813334554,14813492379,157825,505.905067272727,348.319645454545,99.0889512109091
14813833896,14814109027,275131,622.796088888889,322.72279,94.6947339044444
14814142463,14814292335,149872,666.925854,313.961604,84.120021224
14814375791,14814592361,216570,601.392021428571,297.3341,80.9807077064286
14814659245,14814759325,100080,611.018151428572,320.39842,82.40859113
14814792347,14815026915,234568,637.066877333333,328.259369333333,84.5284219806667
14815059314,14815292345,233031,667.757236,319.781256,90.77641767
14815334646,14815475693,141047,696.243322,314.026188,100.201134091
14815592235,14815692220,99985,718.85022,371.339417142857,108.158016234286
14815742339,14815928438,186099,733.500605,359.041665,110.054148881667
14815959231,14816092216,132985,717.780902222222,350.595955555556,110.192189373333
14816131341,14816292235,160894,669.317236363636,355.368256363636,115.600086534545
14816558921,14816659167,100246,611.747014285714,319.337317142857,117.881436328571
14816692312,14816842477,150165,632.04405,348.321406,110.081875326
14816875681,14817042378,166697,642.775483636364,359.670785454545,111.510121298182
14817075582,14817275545,199963,660.634803076923,345.847624615385,116.930015973846
14817308907,14817475538,166631,696.785598181818,358.689112727273,115.84093561
14817508896,14817692212,183316,728.36459,343.813105,110.272557376667
14817725537,14817942589,217052,742.45175,332.512805714286,110.283907378571
14817975545,14818158933,183388,775.190701666667,337.008863333333,111.972979125833
14818192302,14818442227,249925,795.33395625,325.69985625,114.12928672125
14818642200,14818758955,116755,883.2690225,366.97939,97.18722743875
14819159059,14819258982,99923,893.440891428571,274.736325714286,92.8065729128571
14819525609,14819659018,133409,318.99098,351.622571111111,94.6953739544444
14819759011,14819958965,199954,367.724655384615,302.941695384615,88.3713073815385
14819992102,14820108768,116666,356.5170075,302.06753,88.55956803
14820259058,14820475433,216375,374.49124,399.719444285714,103.666241022143
14820508766,14820691981,183215,403.871263333333,383.042448333333,99.6043819675
14820792050,14820943167,151117,447.426658,379.289366,96.220134136
14820991971,14821108773,116802,371.3126175,317.2841875,100.11282587625
14821191971,14821291976,100005,475.582734285714,368.10258,108.91153201
14821325361,14821608642,283281,457.768455555556,386.610813333333,112.200906028889
14821642113,14821858815,216702,512.240461428571,384.430987142857,104.423364045
14822158686,14822391961,233275,523.523464,363.970382666667,103.248674539333
14822608639,14822775291,166652,541.176218181818,337.053710909091,103.765424927273
14822842601,14822941934,99333,582.265191428571,357.506194285714,100.378235765714
14822975284,14823158819,183535,591.135593333333,368.50862,94.7433188466667
14823191852,14823675288,483436,625.795372,378.742312,90.2564298176667
14823742020,14823843119,101099,662.384102857143,407.146882857143,91.87175393
14824175278,14824275296,100018,669.2535,413.164657142857,97.8550497228571
14824308512,14824591861,283349,680.105568888889,413.121806666667,94.1251868372222
14824630756,14824743113,112357,679.083265,393.4609,92.30928208
14824775207,14824975162,199955,701.759341538462,389.131401538462,91.9579611830769
14825008520,14825141937,133417,684.719368888889,383.220015555556,101.52843958
14825441841,14825575178,133337,672.687457777778,340.450177777778,105.613002307778
14825641820,14825791718,149898,763.063036,352.739996,99.300604864
14825875177,14825991727,116550,727.95763,402.72792,92.689845055
14826075205,14826291742,216537,791.58649,357.100878571429,98.6933806207143
14826334807,14826428260,93453,780.736474285714,394.226297142857,102.657735112857
14826842934,14826975163,132229,857.7857,368.161304444444,101.174324114444
14827358686,14827458642,99956,353.974657142857,348.204868571429,92.0430671171429
14827508404,14827608391,99987,333.525834285714,383.646802857143,87.7586599328571
14827641877,14827758734,116857,328.1537175,406.3599875,84.5192630275
14827808499,14827908791,100292,402.530205714286,407.303582857143,82.9191328142857
14827943146,14828041715,98569,447.770685714286,399.172845714286,83.5417173214286
14828208382,14828375085,166703,546.491018181818,404.9456,76.1702361
14828408387,14828558454,150067,512.355798,399.403722,79.460727228
14828591613,14828691587,99974,448.975908571429,398.035154285714,89.96273378
14829441708,14829541717,100009,348.838968571429,325.251734285714,93.2834958542857
14829708283,14829974908,266625,501.458598823529,316.880423529412,90.61793987
14830074941,14830234379,159438,583.646716,363.57547,91.666588797
14830275595,14830408272,132677,587.541111111111,400.96776,88.91532531
14830991465,14831143479,152014,708.831084,382.085838,114.720583407
14831174911,14831291471,116560,725.205275,367.80847,114.7566956925
14831334592,14831458377,123785,749.457355555556,344.055302222222,111.982152741111
14831541661,14831674917,133256,827.802328888889,342.561944444444,112.69446024
14831708133,14831825102,116969,828.49674,359.151755,110.21430397
14831858370,14832024820,166450,794.627903636364,328.911305454545,109.595242813636
14832241591,14832475027,233436,334.512461333333,409.063052,110.325091691333
14832641575,14832743136,101561,853.802537142857,407.74578,90.2874919128571
14833058359,14833241457,183098,417.690796666667,228.666911666667,91.3602307008333
14834008002,14834108029,100027,626.077268571429,159.034282857143,96.9897568571429
14834208019,14834358299,150280,749.27786,169.730424,106.658438687
14835041505,14835158256,116751,479.874875,232.9573975,105.8042316725
14835191341,14835458306,266965,534.597664705882,229.139721176471,100.135748615294
14835891216,14836024722,133506,534.924951111111,256.635004444444,98.1879092188889
14836058052,14836174712,116660,534.744905,248.52663,102.70407810625
14836207886,14836407890,200004,574.017458461538,230.069838461538,110.345055563846
14836707865,14836807888,100023,609.5497,177.539117142857,117.136380421429
14836844800,14836991226,146426,637.72901,189.903082,120.346316811
14837174543,14837333886,159343,663.750098,181.649694,108.236471952
14837358092,14837458110,100018,657.52496,201.87694,110.302103388571
14837574554,14837674553,99999,564.856725714286,278.980925714286,113.39802758
14837741322,14837874574,133252,658.802768888889,276.369113333333,119.085600063333
14837957942,14838074783,116841,689.3774975,238.680115,123.15042255375
14838107886,14838207895,100009,702.684537142857,247.82488,124.293531311429
14838241711,14838427624,185913,667.443295,247.948786666667,121.712563891667
14838507883,14838658058,150175,722.597208,187.722714,120.846330573
14838707770,14838807772,100002,743.228611428572,259.280694285714,115.853644261429
14838942298,14839041249,98951,781.40348,248.943288571429,106.020039568571
14839074542,14839191115,116573,796.7248325,254.518445,107.559467075
14839258006,14839427644,169638,820.768530909091,187.102710909091,105.590951473636
14839491102,14839624462,133360,861.987386666667,193.628257777778,103.626085803333
14839657816,14839791115,133299,871.556882222222,207.45342,106.312132431111
14840191095,14840307770,116675,382.4384375,255.6635125,100.97563961125
14840657980,14840858209,200229,506.29132,212.794087692308,94.5031340484615
14840907768,14841007778,100010,569.907771428571,215.831068571429,92.21933348
14841074443,14841190965,116522,607.9912175,232.5784775,92.252060205
14841235709,14841357847,122138,634.882528888889,245.515386666667,92.6016296633333
14841427634,14841574417,146783,724.54754,229.03472,90.01199203
14841607645,14841707642,99997,717.124557142857,222.56046,93.3196630842857
14841741061,14841857944,116883,698.076025,223.7221,92.10124524375
14841907625,14842007648,100023,770.466054285714,221.503777142857,97.7431580385714
14842091010,14842241079,150069,686.579634,232.155422,104.699618418
14842291019,14842407645,116626,702.8718425,258.0512975,101.78284941375
14842441092,14842541693,100601,730.140651428571,254.03786,108.266300091429
14842607648,14842707637,99989,766.644388571429,195.97282,115.180774891429
14842740950,14842890872,149922,779.363096,201.237916,110.971790454
14842928469,14843090845,162376,767.970449090909,227.562783636364,115.526970317273
14843134491,14843257707,123216,751.601993333333,240.526791111111,109.43943177
14843290844,14843540967,250123,805.92373625,229.7095075,111.57846712875
14843574666,14843707520,132854,838.26596,213.671244444444,111.312509513333
14843740970,14843857729,116759,854.330865,214.409345,102.60173232625
14843890895,14844233992,343097,883.416427619048,214.42926952381,102.969153185238
14844474225,14844757714,283489,344.912245555556,259.588321111111,102.91044055
14845057709,14845207488,149779,338.265964,238.885048,99.014576606
14845357691,14845541438,183747,349.319276666667,266.424598333333,96.94830549
14845574174,14845774219,200045,365.748466153846,267.837226153846,91.4446389761538
14845807799,14845940846,133047,377.745744444444,276.604135555556,91.13010369
14845974256,14846090795,116539,391.3846375,250.472445,93.49316335375
14846140830,14846307370,166540,336.563990909091,274.606285454545,100.206347718182
14846390759,14846507396,116637,406.825955,292.9417425,96.34258970625
14846657562,14846834763,177201,459.829296363636,249.657376363636,102.230050733636
14847040804,14847190716,149912,513.876384,314.97012,102.636954054
14847225038,14847324085,99047,565.719757142857,303.109934285714,102.903781077143
14847457572,14847657640,200068,665.021703076923,255.014633846154,100.20773067
14847690604,14847790600,99996,642.007165714286,268.375545714286,97.2325609228571
14847940706,14848140816,200110,745.3160925,292.8904375,93.862769305
14848307417,14848490597,183180,817.335405,222.217436666667,86.4176570266667
14848740701,14848874063,133362,771.814988888889,297.630926666667,88.4458675166667
14849107276,14849207240,99964,833.620782857143,209.089974285714,93.0559978957143
14849240745,14849390586,149841,830.567818,238.140174,92.217847568
14849434736,14849557598,122862,858.204124444445,220.376204444444,88.48561278
14849773949,14849874194,100245,428.912737142857,234.944251428571,84.13123297
14849941254,14850142073,200819,348.408672307692,251.670233846154,82.1176985076923
14850323856,14850507269,183413,405.295215,259.810816666667,77.8868243741667
14850540596,14850640573,99977,391.890351428571,270.859114285714,78.2036327785714
14850673919,14850790497,116578,435.559295,266.8194125,77.4490309675
14850857569,14850957433,99864,549.661862857143,261.53188,78.1506861457143
14851040625,14851140607,99982,514.310117142857,237.353097142857,88.9538468471429
14851823977,14851990501,166524,719.392681818182,258.906632727273,104.454388656364
14852023804,14852157168,133364,719.886588,236.34879,107.692426836
14852224248,14852340630,116382,772.6162875,226.429985,114.86841933
14852401891,14852540573,138682,802.746884,249.169346,115.11939055
14852573844,14852740467,166623,820.832823636364,261.494496363636,111.456671550909
14852857293,14853024253,166960,767.400709090909,245.488132727273,103.048398357273
14853073828,14853274550,200722,837.575938461538,252.420946153846,101.29191442
14853507032,14853640501,133469,380.586917777778,263.664737777778,108.402461354444
14853673800,14853773823,100023,342.322774285714,290.82216,102.907619874286
14853807012,14854074054,267042,339.798781176471,305.725041176471,92.6255262741176
14854157064,14854273817,116753,373.7131,278.629215,83.75240750875
14854307020,14854407023,100003,396.250551428571,274.551805714286,84.96823539
14854442394,14854540475,98081,397.588931428571,227.633877142857,84.5862088471429
14854807011,14855040716,233705,521.569178666667,289.927933333333,101.354143546667
14855123596,14855323602,200006,638.648770769231,282.531653846154,110.797208502308
14855407025,14855507023,99998,718.090682857143,274.2459,113.711320742857
14855640335,14855740341,100006,791.721931428572,260.827922857143,120.636930178571
14855790244,14855890250,100006,844.647791428572,266.2962,122.979800964286
14856106958,14856206885,99927,416.610642857143,305.716217142857,121.575363067143
14856273714,14856456968,183254,337.59936,312.7606,110.7989630825
14856540356,14856657131,116775,407.1560375,335.339565,108.09161638875
14856973540,14857073543,100003,538.628571428571,347.21618,116.776013165714
14857106899,14857206900,100001,520.55656,320.843725714286,118.770884165714
14857290322,14857623474,333152,598.450505714286,304.320474285714,114.883440033333
14857673553,14857790100,116547,678.6782875,299.5874175,116.93493739
14857823486,14858023880,200394,672.062898461539,294.01168,116.517055712308
14858056915,14858190146,133231,693.495951111111,281.431848888889,120.486014244444
14858220407,14858323507,103100,743.9768825,286.4301,119.78662691625
14858356926,14858523867,166941,770.518185454546,284.291741818182,120.128985415455
14858673553,14858857072,183519,856.08979,273.394791666667,109.991478195
14859040234,14859224562,184328,575.539818333333,284.304466666667,111.616707860833
14859256956,14859473480,216524,580.179622857143,303.275207142857,103.982424107143
14859506780,14859640267,133487,620.512311111111,292.548586666667,95.8193051922222
14859706789,14859806748,99959,735.592197142857,286.983068571429,89.7241674185714
14859873457,14860006774,133317,789.030331111111,292.789935555556,80.9403562322222
14860089993,14860206781,116788,851.149615,271.878445,82.9606958075
14860489997,14860606770,116773,790.49665,312.4482625,93.20812171875
14860740109,14860873421,133312,338.96878,266.630702222222,101.514554413333
14860906769,14861090006,183237,342.168485,311.807131666667,104.477477934167
14861173414,14861473431,300017,418.416323157895,340.797366315789,102.892052435263
14861573685,14861856674,282989,488.829623333333,322.170881111111,106.340224698889
14861923224,14862156682,233458,572.691441333333,301.258378666667,110.242303797333
14862190045,14862290001,99956,544.251974285714,308.580571428571,107.703102231429
14862356687,14862523330,166643,623.269370909091,331.764827272727,107.866803047273
14862556671,14862656809,100138,636.199885714286,308.77788,104.510908617143
14862689848,14862923224,233376,669.618150666667,301.548589333333,111.631939958
14862989859,14863156897,167038,751.410914545455,296.19982,115.763367934545
14863189844,14863423266,233422,756.25114,301.247164,113.917426505333
14863456553,14863606891,150338,772.065304,328.911466,110.29873862
14863673292,14863889891,216599,843.407985714286,353.883217142857,100.615201089286
14863989903,14864106531,116628,345.88083,315.72044,97.75344695375
14864223287,14864323154,99867,316.912485714286,333.956014285714,92.0056621028571
14864356552,14864473357,116805,312.7811325,343.7934675,87.9222952325
14864539940,14864773210,233270,433.716853333333,343.728381333333,90.9702937993333
14864806526,14864956692,150166,407.206508,338.835826,94.424407593
14864989892,14865139883,149991,475.583936,342.479104,93.972844387
14865289778,14865439916,150138,545.76575,321.995544,102.086016917
14865473165,14865741038,267873,539.369636470588,333.013222352941,105.180552152941
14865806524,14865939823,133299,636.837293333333,325.987648888889,108.178919634444
14865989769,14866256451,266682,680.265474117647,307.908736470588,105.988090551765
14866306426,14866406391,99965,743.593517142857,323.959931428571,102.696776347143
14866606400,14866706400,1e+05,860.312648571429,339.576817142857,100.235135582857
14866740106,14866889724,149618,856.108726,294.261738,102.247500374
14867389751,14867506388,116637,362.21442,364.5644675,85.4236408475
14867556674,14867856417,299743,362.83152,354.108968421053,83.0843884705263
14867889642,14868089650,200008,364.145226153846,357.994635384615,82.8114780323077
14868406251,14868522998,116747,322.64078,307.40897,73.5647484975
14868606308,14868706269,99961,370.650417142857,351.551328571429,80.0515924914286
14868739781,14868956472,216691,388.553427142857,361.920914285714,74.554822275
14869073062,14869189608,116546,498.615325,361.0180575,69.359132795
14869239757,14869341888,102131,489.159931428571,334.373485714286,71.2094611657143
14869506297,14869656486,150189,558.713496,324.172882,73.142611319
14869722885,14869972917,250032,631.66635625,292.35993,84.894583368125
14870056507,14870339625,283118,684.646514444444,316.655722222222,86.6482489072222
14870372915,14870556497,183582,653.592958333333,320.619868333333,92.35036702
14870589509,14870772986,183477,686.159946666667,339.891976666667,96.6818079766667
14870839914,14871006150,166236,770.811994545455,361.692021818182,96.1300788190909
14871039553,14871156296,116743,771.9824775,338.761,98.6389574375
14871189479,14871322882,133403,747.355402222222,341.704071111111,96.46872417
14871372926,14871672934,300008,821.444302105263,355.545776842105,95.0336976805263
14871889471,14872022754,133283,318.499568888889,343.078288888889,102.848350375556
14872056175,14872206152,149977,301.218376,361.039126,96.643813813
14872489515,14872656339,166824,354.368870909091,371.49244,90.46450593
14872722764,14872822759,99995,495.407322857143,375.939274285714,92.2694651257143
14872939794,14873039515,99721,444.033568571429,367.21134,91.3294437685714
14873222741,14873439496,216755,399.277034285714,354.44823,94.2553696392857
14873489357,14873722736,233379,459.545928,371.297485333333,100.086380466667
14873756235,14873939661,183426,440.12546,382.197308333333,107.821021261667
14873972821,14874189348,216527,479.106524285714,386.705231428571,109.841540145714
14874256050,14874406013,149963,540.855776,370.04663,102.42536674
14874439371,14874556079,116708,525.87301,369.9817025,99.062431815
14874623019,14874789346,166327,470.110036363636,358.427570909091,97.5706664436364
14874906019,14875022653,116634,475.051095,433.5416625,91.68479732625
14875106036,14875222616,116580,485.253145,388.3323925,102.8529753075
14875256179,14875356311,100132,508.186762857143,366.983868571429,92.6240400885714
14875389253,14875556179,166926,531.707785454546,362.455945454545,93.6415368
14875756205,14875922609,166404,580.524283636364,344.816685454546,89.3980274863636
14875956087,14876172680,216593,574.497662857143,354.131175714286,92.2603840828571
14876205872,14876456094,250222,627.59423875,343.76584375,84.922947583125
14876489267,14876589238,99971,618.68518,366.421974285714,86.2797029842857
14876639365,14876805890,166525,665.430221818182,387.856987272727,85.00075292
14876840472,14876941188,100716,633.220488571429,376.949554285714,88.5428717885714
14876972540,14877072553,100013,632.350142857143,337.684382857143,91.9211900157143
14877105910,14877339335,233425,641.126405333333,338.286489333333,95.622787702
14877372584,14877522524,149940,671.466144,357.569738,100.96573657
14877556183,14877722487,166304,679.612961818182,352.341132727273,103.039223257273
14877756186,14878022503,266317,645.40168,353.535045882353,101.686585777647
14878139205,14878322482,183277,813.759001666667,266.040251666667,99.2671402808333
14878589167,14878705747,116580,811.7837525,324.9351575,86.8563461525
14878739276,14878989097,249821,809.94073125,341.156725,83.693803186875
14879022499,14879139227,116728,835.2679775,341.4166475,82.58569073125
14879189130,14879322364,133234,777.085371111111,298.209648888889,84.5402570188889
14879805743,14879955810,150067,799.982126,359.77746,96.541992036
14879988989,14880189031,200042,828.451024615385,366.629246153846,95.5862971469231
14880239104,14880340718,101614,890.964551428572,351.916962857143,87.6439020057143
14880622387,14880772530,150143,307.228442,348.677572,80.085974083
14880839093,14880939132,100039,372.471202857143,377.323434285714,71.2807075057143
14881322355,14881522387,200032,523.486406153846,372.124396923077,79.25775382
14881555824,14881689016,133192,501.859033333333,371.194442222222,86.1151266177778
14881755907,14881955668,199761,620.104409230769,345.927263076923,89.0108072961538
14881989010,14882105663,116653,586.976335,359.3596525,91.964221135
14882172324,14882439127,266803,687.621122352941,371.87822,95.1211393617647
14882505619,14882605621,100002,746.428382857143,357.235811428571,99.3823867128571
14882638977,14882888890,249913,737.90969,364.84329125,99.930530220625
14882922257,14883105622,183365,776.802566666667,360.82189,96.9707846825
14883672312,14883788887,116575,346.66243,376.5283825,94.79923345375
14883822245,14884122131,299886,313.149850526316,375.943311578947,95.3774007836842
14884155566,14884288927,133361,349.219891111111,392.346046666667,93.8445453811111
14884322111,14884622114,300003,373.374174736842,400.821655789474,94.1151069294737
14884855737,14885005533,149796,362.653084,364.85702,95.50769084
14885038839,14885188772,149933,361.441326,395.10846,95.447549882
14885222144,14885355680,133536,379.069611111111,415.679397777778,88.4652046177778
14885455799,14885638852,183053,408.110566666667,135.370593333333,83.844739005
14886172221,14886272184,99963,887.65274,416.948797142857,99.4352435942857
14886555589,14886905376,349787,867.356130909091,459.891714545455,95.3446265218182
14886938890,14887538783,599893,875.842767567568,438.011064324324,114.003604256486
14887572072,14887672046,99974,866.39466375,453.6746725,122.678008791429
