"start","end","dur","x","y","pupil"
101288891320,101289391143,499823,372.492768,99.6588333333333,135.4555202375
101289424508,101289574595,150087,453.49542,55.07683,138.18622628
101289607842,101289741269,133427,564.311904444445,46.3557955555556,140.165042756667
101289774718,101290124520,349802,695.483545454545,27.5187581818182,141.496345534545
101290241224,101290391132,149908,482.71254,33.202348,140.43860935
101290424504,101290791140,366636,404.059923478261,7.0998947826087,143.17545529
101290957849,101291158537,200688,729.546641428571,1.11389428571429,144.713675210714
101291191135,101291524371,333236,788.844288571429,-8.74896285714286,151.574848216667
101291674704,101291924376,249672,580.3795,67.58508625,151.585012934375
101291991006,101292144309,153303,404.343224,127.746288,147.990756695
101292174402,101292547538,373136,405.616680869565,150.258373913043,144.931914841304
101292574522,101292748363,173841,441.069403636364,195.459885454545,138.018526620909
101292774547,101293048219,273672,498.567868235294,126.497256470588,139.1513766
101293074311,101293857792,783481,592.024119583333,115.648433333333,137.194658914375
101293890852,101294224270,333418,651.476433333333,101.271048571429,132.942340927619
101294258272,101295424249,1165977,593.968621126761,110.949445352113,135.376286385634
101295461035,101295944385,483350,691.129315333333,115.081735333333,135.330891708667
101295974521,101296224115,249594,797.67043625,100.29271,131.426227779375
101296258143,101296724111,465968,881.494337241379,90.5223606896552,131.005416544483
101296758703,101297024112,265409,941.998562352941,30.2784905882353,133.620568867059
101297107444,101297248473,141029,423.591875555556,172.509633333333,136.33788341
101297274397,101297874360,599963,368.312686486486,152.733363783784,136.829671295676
101297907318,101298524005,616687,448.532022631579,146.626097368421,135.546669485789
101298557930,101299274324,716394,519.343181818182,152.157945909091,134.277966686364
101299407326,101300259534,852208,603.673088076923,135.828848461538,129.468985474038
101300290600,101300874157,583557,678.174579444444,118.829047222222,125.003604112778
101300907198,101301248432,341234,787.06247047619,115.336734285714,122.503846148095
101301273927,101301573983,300056,857.556227368421,110.568851578947,123.660951484211
101301607219,101301723877,116658,936.9556,52.179195,122.68860755
101301807250,101302023877,216627,397.937117142857,149.462138571429,131.210901432143
101302057577,101302647494,589917,375.918026666667,172.545062222222,134.220057471111
101302690546,101302858582,168036,578.548294545454,162.952974545455,131.267936936364
101302923878,101303174021,250143,764.47165,119.8395825,133.05081611625
101303207132,101303458401,251269,819.92192,112.8806425,135.8627522775
101303490513,101304090403,599890,688.968969189189,144.489029189189,137.008809282432
101304143564,101304323757,180193,465.982991666667,134.63776,136.304124350833
101304357178,101304490584,133406,444.164293333333,141.787957777778,137.610646327778
101304523746,101304759830,236084,566.232158666667,155.821084,136.020626447333
101304957059,101305057043,99984,916.360917142857,190.512105714286,130.35008784
101305090362,101305257350,166988,934.189472727273,76.2653381818182,133.52934852
101305290388,101305490381,199993,796.582998461539,144.789532307692,132.671885594615
101305623629,101306223633,600004,421.949976756757,166.148554054054,130.208305201081
101306257455,101306606963,349508,501.963100909091,157.407600909091,127.097849968182
101306646387,101306856956,210569,575.969814285714,133.892575714286,128.471289534286
101306890241,101307190281,300040,680.611901052632,141.216534736842,127.413756728947
101307223624,101308273524,1049900,795.4226853125,143.4651403125,124.777611603281
101308306818,101308506842,200024,861.904832307692,165.099127692308,120.934082696154
101308548928,101308657204,108276,893.74973,249.5089775,120.729326865
101308748493,101308873529,125036,433.713073333333,175.57876,125.667644675556
101308906847,101309656962,750115,379.691535217391,196.552065217391,126.153488731522
101309690168,101309923500,233332,455.412194666667,186.28472,125.59862978
101309956847,101310356808,399961,550.8835816,177.789496,125.4706698788
101310390123,101310873578,483455,676.251432666667,167.966328,126.001136892333
101310906694,101311473431,566737,764.079242285714,163.168842857143,124.50691504
101311506751,101311890020,383269,872.177024166667,146.155481666667,125.631626175
101311959518,101312057322,97804,472.502728571429,182.861982857143,127.602263685714
101312090025,101313323244,1233219,393.610500266667,199.3222736,128.189761435867
101313356763,101314173558,816795,500.9095128,202.3169512,129.9209769116
101314206613,101314689921,483308,534.989730666667,182.010682,128.923285645333
101314723255,101315289896,566641,605.550552,196.150430285714,126.536600361143
101315323253,101315674004,350751,717.445068181818,184.627638181818,126.2048732
101315706503,101316273175,566672,799.205620571429,172.129932571429,124.756509317143
101316306454,101317089742,783288,855.542409166667,176.964162083333,121.56324197625
101317147732,101317289833,142101,945.994062,87.861014,121.909657348
101317473222,101317574498,101276,512.383131428571,212.534405714286,126.898524448571
101317656449,101318022971,366522,367.975587777778,240.461045555556,124.044607596667
101318056440,101318423003,366563,424.521945217391,245.548047826087,124.53731595087
101318522988,101318656982,133994,514.346531111111,242.4412,122.534738045556
101318689774,101319306347,616573,586.411816842105,238.561253157895,121.010081562105
101319347627,101320206220,858593,663.535412075472,231.100119245283,121.342899343019
101320248367,101320439953,191586,737.580696923077,164.065326153846,133.240280713077
101320472918,101320748535,275617,846.112876470588,140.512597647059,142.618501810588
101320772907,101321144187,371280,889.2515825,154.8766625,151.3432875575
101321222860,101321357439,134579,570.984622222222,235.255331111111,153.596968344444
101321406203,101321506247,100044,438.520062857143,268.963508571429,153.080326852857
101321556279,101321873142,316863,375.447107,264.456836,153.8559068615
101321906206,101322073050,166844,457.535636363636,288.499514545455,149.15561094
101322106087,101322346895,240808,542.395514666667,270.938070666667,147.863070111333
101322372932,101322706099,333167,647.241405714286,253.787027619048,143.071388879524
101322747847,101323049855,302008,747.409029473684,250.378294736842,138.588995151053
101323072922,101323372982,300060,825.515182105263,232.46712,138.303661101579
101323406076,101323657327,251251,892.9016575,217.48235375,136.017934065625
101323747090,101323856187,109097,474.0049175,268.26398,140.7431744875
101323889404,101326889279,2999875,379.735445303867,280.975940220995,132.643912756851
101326922623,101327689275,766652,486.301609787234,276.796079148936,128.788356508723
101327722627,101328440789,718162,544.006159545455,262.983302727273,128.040491196364
101328472709,101329057388,584679,669.026246111111,261.807468888889,124.330262960278
101329089137,101329389124,299987,766.486937894737,257.879272631579,121.057639761579
101329422532,101329889108,466576,856.513386896552,234.036749655172,121.175965913103
101329941474,101330048078,106604,649.562728571429,272.386217142857,124.590330592857
101330072711,101330189153,116442,523.772585,287.9760625,128.63556717375
101330222502,101330922379,699877,399.879797674419,286.20732372093,128.898880026977
101330956321,101331405704,449383,470.865345714286,312.951049285714,127.187670685
101331440799,101332057379,616580,585.336197894737,298.279796315789,133.931426395789
101332089033,101332647835,558802,677.321507058824,300.246175294118,141.67215975
101332672498,101333950452,1277954,769.539651688312,278.753764155844,140.63979714013
101333972379,101334405600,433221,853.701585925926,251.129174814815,133.99839947037
101334472283,101334588938,116655,525.6117525,294.0579975,139.8949920275
101334622257,101334972453,350196,388.963956363636,299.063963636364,140.769402106818
101335005503,101335505463,499960,398.158356129032,295.712327096774,137.45423913129
101335547714,101335839163,291449,462.31932,321.327158947368,137.295437678947
101335872801,101336672429,799628,552.468164489796,308.955683265306,137.099203133061
101336705483,101337258428,552945,655.79321,325.247398235294,132.164554572647
101337288797,101337622155,333358,751.816854285714,314.91746,129.532312022381
101337655479,101338172043,516564,806.356304375,296.35683625,128.448658255625
101338205398,101338722012,516614,896.870521875,264.664524375,129.992294153437
101338805388,101338988657,183269,391.130898333333,311.860348333333,134.394930955833
101339122057,101339572271,450214,365.698269285714,323.57647,133.3303847625
101339605226,101340288685,683459,461.181459047619,341.783669047619,129.066373236429
101340321878,101340855391,533513,558.473196363636,328.470922424242,127.92712369
101340888716,101341088495,199779,664.458978461538,329.395053846154,127.057336311538
101341121910,101341288505,166595,677.493929090909,404.367303636364,127.618901841818
101341321851,101341655214,333363,714.975938095238,311.035317142857,126.273069328571
101341688519,101342271904,583385,666.391594444445,334.934327222222,132.584659206111
101342305134,101342847101,541967,784.024063636364,317.915591515152,132.625457727273
101342871940,101343255178,383238,861.6706875,308.393965833333,130.24573842875
101343346884,101343571985,225101,398.836028,362.893030666667,136.00920201
101343605086,101344071870,466784,398.995304827586,375.295134482759,136.971186003793
101344105083,101344205121,100038,468.319325714286,381.041008571429,134.514589012857
101344321716,101344855039,533323,555.216522424242,394.276013939394,130.593706274242
101344888426,101345505004,616578,674.296314210526,381.104721052632,127.776449668947
101345547749,101345904956,357207,759.297730434783,355.318264347826,128.887139025652
101346088276,101346321636,233360,805.114301333333,376.400105333333,128.957420414
101346355456,101347088258,732802,902.651610666667,373.913951111111,128.856431958667
