"start","end","dur","x","y","pupil"
79970515986,79970616351,100365,131.48236,128.093836,182.74930255
79970682767,79970949276,266509,414.81066,157.290068235294,210.762784620588
79970982770,79971349254,366484,387.420413913043,46.4242156521739,210.569454863478
79971383799,79971732538,348739,487.890783636364,42.8372690909091,199.423269941818
79971765931,79972032535,266604,560.98558,34.9753588235294,194.055359155882
79972116533,79972565906,449373,374.137916428571,119.449632857143,190.432782159286
79972599348,79973086500,487152,418.862784,123.260182,181.101066861667
79973171588,79973999314,827726,492.907274117647,115.514422352941,181.257457848039
79974032435,79974499226,466791,584.245253913043,110.370079130435,178.499194960435
79974532413,79975399083,866670,605.216836226415,109.890629433962,179.383708787736
79975432385,79976299274,866889,637.782477083333,106.502505,180.762905082083
79976332282,79976965624,633342,572.608293846154,104.643177948718,176.19742789641
79976999092,79977199032,199940,712.180855384615,101.766747692308,178.429954603846
79977232268,79977882365,650097,802.7560655,104.1579005,183.53522314275
79977965915,79978132307,166392,411.501101818182,130.331530909091,186.980526370909
79978165533,79978465542,300009,378.326898947368,138.271778947368,185.132585667368
79978599044,79979348756,749712,464.168709565217,142.792268695652,178.625199485652
79979382519,79980232148,849629,541.211230384615,133.927668076923,178.736200290192
79980265412,79980765422,500010,651.380136774194,133.33882,175.249475555806
79980798950,79982298831,1499881,730.138846593407,128.924390549451,170.72837482978
79982332002,79982832047,500045,735.474776129032,141.862107096774,169.391631511935
79982865277,79983165292,300015,835.093402105263,131.742151578947,167.682994075263
79983199197,79983598836,399639,736.0250528,143.7096784,173.1230593276
79983631967,79983765303,133336,819.349091111111,134.990926666667,176.279223135556
79983831906,79984365340,533434,368.629967878788,176.143284848485,184.165088457879
79984431878,79984631928,200050,624.636630769231,155.497476923077,176.512701863846
79984665282,79984831882,166600,685.134007272727,143.232487272727,181.005310545455
79984982036,79985482096,500060,693.27674516129,144.135864516129,185.383894719032
79985515496,79986648532,1133036,642.502007536232,142.294097971015,178.363823949855
79986681872,79987282500,600628,759.042330810811,127.530819459459,171.001792362973
79987315205,79987865050,549845,645.994464827586,132.803422758621,174.179976708621
79987898456,79988348395,449939,787.069905714286,122.863512857143,168.826947181429
79988381844,79988515090,133246,843.637275555556,118.492857777778,166.103988117778
79988582948,79989015101,432153,368.586995555556,161.011914814815,177.992330689259
79989048389,79989681760,633371,372.989181025641,164.426163589744,174.349400019744
79989715066,79989981758,266692,491.188504705882,162.633782352941,175.145191335882
79990098451,79991381603,1283152,451.585005897436,152.071105897436,172.526177862692
79991415199,79992398378,983179,586.325183333333,142.411340333333,171.837854122
79992431521,79992714825,283304,579.392566666667,136.364183333333,171.291925984444
79992748142,79993548131,799989,703.100791836735,135.160649387755,166.518691234082
79993581520,79993814839,233319,778.583441333333,137.266106666667,167.975323212667
79993948169,79994731610,783441,738.863594166667,153.378075833333,167.056748160208
79994881523,79995714945,833422,718.805408235294,138.598381176471,169.905014638235
79995748046,79996081410,333364,775.342693333333,149.75734,175.549636002857
79996148033,79996314703,166670,410.310341818182,171.062545454545,185.463138638182
79996348029,79996698281,350252,388.716019090909,183.34128,185.712160562273
79996731278,79997298465,567187,529.651422857143,190.842454285714,182.272912539143
79997331287,79997831306,500019,578.065520645161,180.192801935484,191.480505513226
79997864539,79998381409,516870,534.071481875,173.46258375,195.821133159687
79998414602,79999098133,683531,656.978422857143,178.435600952381,189.84185505619
79999131189,79999464550,333361,737.064737142857,181.668751428571,190.234488379048
79999497985,79999681265,183280,817.311706666667,179.072535,186.958700971667
79999747778,80000581268,833490,525.491945490196,201.661576078431,187.182744967451
80000614477,80001131036,516559,620.03616875,198.154260625,173.633582435312
80001164422,80001797697,633275,708.134756923077,196.529138461538,169.140788821282
80002031060,80002864274,833214,791.383540392157,190.450317254902,165.746904937451
80003014337,80003114379,100042,455.765514285714,205.887385714286,169.098327634286
80003147700,80003730931,583231,396.526063333333,219.063052777778,173.434798536111
80003764302,80004197784,433482,515.399283703704,221.698026666667,172.068154882963
80004230912,80004864290,633378,614.821173846154,217.086729230769,175.522537565641
80004897741,80005264172,366431,723.544989565217,219.030986086957,170.526205094348
80005297579,80005630960,333381,778.344280952381,212.435295238095,171.672694602381
80005664165,80006097671,433506,666.795873333333,216.407188148148,172.89911205037
80006264161,80006647530,383369,678.438059166667,222.410550833333,174.689760529167
80006680924,80006964161,283237,775.695136666667,215.565964444444,170.415751926111
80006997522,80007230788,233266,837.640870666667,197.877269333333,169.556507966
80007314249,80007964040,649791,399.8064855,227.6166695,169.295213985
80007997450,80008180935,183485,485.877938333333,234.33586,165.29641668
80008214086,80008897612,683526,593.80297952381,231.41824952381,170.358168712381
80008930656,80009280795,350139,714.758007272727,247.848900909091,169.414025895455
80009314118,80009764052,449934,748.161709285714,253.976981428571,171.863884876786
80009947279,80010080782,133503,428.4943,253.396975555556,173.411625424444
80010114099,80010380775,266676,375.452808235294,251.024714117647,172.370163019412
80010413986,80010880795,466809,425.614570344828,265.731473793103,168.565493486552
80010913982,80011213974,299992,384.669708421053,263.485948421053,171.365937438421
80011247270,80011647300,400030,487.9706952,259.1975568,171.5090149504
80011680656,80013130544,1449888,610.163579090909,257.235543863636,176.474955342386
80013163784,80013530444,366660,703.286413043478,253.911493043478,180.223810994783
80013563792,80014647030,1083238,834.634568181818,264.106874242424,184.469669180606
80014713839,80014863773,149934,439.741012,278.801708,199.935155819
80014897246,80015830436,933190,407.045889824561,293.538861754386,202.844823710351
80015863698,80016180521,316823,529.141139,295.791507,207.7957842505
80016213733,80016513734,300001,590.023202105263,294.920628421053,212.742867543684
80016547023,80016846905,299882,702.016530526316,282.901534736842,202.256260135789
80016880389,80017213731,333342,776.299079047619,284.405671428571,201.03598486381
80017246888,80017363659,116771,860.3957025,283.8569075,195.88349092875
80017413924,80017513770,99846,507.022497142857,293.953122857143,202.486311758571
80017546888,80017980462,433574,387.023517777778,302.243231111111,197.673182416667
80018130324,80018313615,183291,439.543275,292.15625,182.612663203333
80018347291,80018630155,282864,465.978202222222,302.911136666667,187.395074165556
80018663536,80019263537,600001,594.726402702703,300.518053513514,174.525043199459
80019296948,80020013605,716657,699.685427272727,298.505731818182,177.134582908636
80020046776,80020863422,816646,797.6147652,292.7882124,177.5009588802
80020913487,80021013473,99986,478.185914285714,302.327122857143,185.409095878571
80021046779,80021730122,683343,400.780343333333,314.910342857143,181.48221027119
80021880180,80022630054,749874,484.666084347826,323.143585652174,174.475381437391
80022663282,80023080126,416844,589.856389230769,313.344093846154,170.001218728846
80023113368,80023446637,333269,691.519385714286,311.868655238095,169.617746751429
80023480025,80024396773,916748,770.031249285714,312.346003928571,174.891481918036
80024430071,80024746527,316456,638.188812,316.857291,180.541384361
80024796652,80024996580,199928,852.826950769231,292.982867692308,175.316608711538
80025063283,80025263165,199882,396.34834,317.006750769231,179.857384844615
80025296569,80025429944,133375,364.627857777778,334.821913333333,177.265495847778
80025513501,80025629932,116431,887.385785,297.312775,170.7543502125
80025663165,80025829940,166775,901.17468,295.722052727273,164.227791954545
80025913364,80026429800,516436,400.52394875,337.370260625,176.024830326875
80026463166,80026596667,133501,447.604148888889,321.633191111111,173.953045228889
80026779908,80026963155,183247,542.715323076923,334.04844,171.200414134615
80026996672,80027296451,299779,629.366184761905,337.777103809524,169.882273962857
80027329791,80028113259,783468,655.268192083333,332.33812375,171.760260836042
80028146445,80028729642,583197,788.610103333333,324.178417777778,184.848547111111
80028763040,80028863173,100133,844.470685714286,336.062277142857,187.48678946
