"start","end","dur","x","y","pupil"
365833548799,365833798477,249678,786.932728235294,241.000277647059,196.407860721176
365833865058,365833965051,99993,552.216454285714,138.208874285714,199.048371434286
365834015110,365834981755,966645,377.814221694915,80.298613559322,202.593132838814
365835015275,365835648296,633021,474.640657,93.3190325,223.0886086055
365835848285,365836448350,600065,632.736051891892,82.5721751351351,221.501771878649
365836481903,365836864926,383023,723.455693333333,87.56284,201.24537309625
365836898479,365837031596,133117,785.009695555556,84.7806977777778,201.13241613
365837114997,365837364930,249933,383.88672,91.46742,205.62022968375
365837398330,365837581647,183317,465.614481666667,96.160705,209.099792901667
365837731586,365838048165,316579,608.478429,100.974573,209.3729441295
365838115104,365838648167,533063,378.567531515152,153.46920969697,205.331952524242
365838784164,365838964823,180659,341.818525,122.72144,207.292766076667
365838998242,365839331440,333198,416.226445714286,135.245676190476,225.102515392857
365839465154,365839815156,350002,487.06049,151.813910909091,227.864231815909
365839848145,365840714954,866809,527.002875471698,161.312326792453,220.209499490943
365840864701,365841483902,619201,573.848638421053,179.833321052632,227.396727778947
365841748028,365842765060,1017032,643.409135483871,176.221310645161,213.745016427903
365842797991,365843014769,216778,740.823442222222,186.166255555556,192.034989482222
365843047933,365843831336,783403,831.759170416667,171.436849166667,210.04425002875
365843897973,365844281311,383338,385.382303333333,169.097814166667,212.776657009167
365844447896,365844731202,283306,469.159495555556,176.339237777778,216.789150344444
365844764799,365845164562,399763,525.2863784,187.8680168,215.8773631616
365845364563,365846431180,1066617,657.863853846154,191.328979692308,212.756550692769
365846681216,365847031115,349899,771.114786363636,171.113486363636,202.984882932273
365847064445,365847964448,900003,815.653566181818,191.909996363636,207.234069453636
365848031086,365848647684,616598,396.643142631579,188.371569473684,229.094090790263
365848814545,365849230949,416404,505.677216153846,188.345364615385,207.975070146154
365849264303,365849464684,200381,605.416321538462,205.621853846154,212.029421477692
365849497641,365849747649,250008,655.94311375,211.30346375,212.077062349375
365849883451,365850264330,380879,711.296259166667,206.5074475,207.819998705833
365850297738,365850414376,116638,772.69854,211.506675,201.69828415375
365850581100,365851530972,949872,786.080944482759,213.446762758621,199.373173868793
365851564187,365851814392,250205,745.77778625,199.28527375,208.0279606575
365851847532,365852197595,350063,858.701281818182,198.607700909091,210.310495276818
365852264546,365852414252,149706,365.015448,194.874642,227.639679633
365852564164,365853030853,466689,426.092530344828,200.042668965517,221.366495246897
365853264060,365853647389,383329,527.445294166667,223.494641666667,200.44073498125
365853683124,365854364081,680957,583.516095714286,219.512062857143,203.564965126429
365854530703,365855047756,517053,660.6417925,225.622506875,203.48191258875
365855083150,365855714196,631046,682.459288717949,222.263586666667,200.328423485385
365855897358,365856347280,449922,672.228604285714,224.827487857143,217.850639283929
365856383277,365856730575,347298,749.530385454545,231.567858181818,211.994761147273
365856883031,365857330576,447545,799.619927142857,228.472939285714,206.326598936429
365857364142,365857830579,466437,871.001757931035,223.382486206897,202.495926790345
365857897221,365858130583,233362,394.329977333333,223.044186666667,225.144696144
365858297647,365858497221,199574,410.933986153846,210.788129230769,212.011537236923
365858530592,365858947159,416567,490.018040769231,229.053154615385,221.331180237692
365858980682,365859530461,549779,594.743853529412,236.800235294118,220.975075237059
365859697291,365860263818,566527,702.384775428572,242.501137142857,212.580506656286
365860297158,365861330462,1033304,737.593823492064,245.076840952381,208.491596160476
365861363688,365861947030,583342,811.069055,237.007368333333,209.616667539444
365862063749,365862480430,416681,861.544996923077,236.7542,213.282442926154
365862513973,365862963695,449722,886.328742857143,240.38943,207.9008149975
365863030337,365863413873,383536,378.925414166667,243.670630833333,229.364310380417
365863446891,365863746891,3e+05,363.323249473684,243.034462105263,229.005671433684
365863913814,365864263563,349749,437.620749090909,252.820380909091,216.785322809545
365864297107,365865246777,949670,470.304260689655,245.539287586207,211.644791372586
365865430209,365865930209,5e+05,539.224370322581,250.943747096774,219.211885256774
365866096868,365866546771,449903,597.819537857143,254.659975714286,218.108651899643
365866580245,365867196874,616629,694.291223684211,267.776616842105,221.444488406579
365867230089,365867530142,300053,768.067014736842,274.085577894737,224.752856658947
365867683037,365868146661,463624,879.09823862069,255.700777931035,214.37981123931
365868296741,365868683300,386559,883.331135,249.45932,217.741201767083
365868763318,365869196742,433424,385.124653333333,258.154562222222,228.15543558037
365869346665,365869929942,583277,469.915154444444,267.035536666667,215.083773429167
365869963364,365870097301,133937,528.499615555556,274.270168888889,214.169939432222
365870263308,365870683320,420012,594.496546923077,278.386873076923,207.62523317
365870713266,365871229950,516684,693.5696675,281.855453125,206.75614554875
365871263580,365871663197,399617,766.2876,281.0750928,200.9820901484
365871780534,365872263186,482652,855.282295333333,280.398223333333,197.079998156667
365872329825,365872846402,516577,392.330645,280.052605,212.817080978125
365872982826,365873363056,380230,464.5798525,287.1269925,218.1287163925
365873396467,365873829837,433370,537.836191851852,292.469791851852,218.921360280741
365874029728,365874284215,254487,674.63830375,297.79001375,210.71203526875
365874313128,365875263422,950294,697.42704137931,301.174819310345,214.036798701724
365875296377,365875713028,416651,801.052783846154,303.648956153846,213.847172388846
365875746298,365876162951,416653,877.380861538462,301.755118461538,207.48174127
365876229699,365876446269,216570,396.237091428571,293.004707142857,221.037967193571
365876613277,365877446142,832865,397.259613333333,296.93104,217.655726780588
365877596607,365878162826,566219,446.523631428571,300.361789142857,219.383807882286
365878329581,365879079581,750000,513.776037391304,295.089026956522,206.951516192391
365879246154,365879496227,250073,578.87399625,308.99189,196.92905242125
365879529542,365880512895,983353,558.431062666667,301.409876,215.229504872833
365880546065,365881196110,650045,638.2821655,317.6441185,219.11874235425
365881362689,365881662703,300014,654.667758947368,311.667234736842,206.143224817368
365881696105,365882279874,583769,722.797218333333,313.59932,206.027729438333
365882312757,365882679422,366665,814.332829565217,310.763523478261,199.168081178261
365882712895,365882812754,99859,882.565765714286,305.168548571429,202.633308747143
365882882995,365883279402,396407,394.6029768,310.5493632,219.6189800344
365883445887,365884296052,850165,478.886612307692,321.375248076923,213.604337911923
365884329203,365884845820,516617,493.813396875,327.957825,224.42576571375
365885062565,365885729213,666648,590.367727317073,331.35095902439,209.903479808781
365885762447,365886362807,600360,676.967261621622,337.265085405405,201.896392502162
365886395865,365886945762,549897,769.163106470588,340.537898235294,196.766598357647
365886982967,365887629086,646119,848.096334,331.724327,196.00236622175
365887695754,365887984307,288553,385.895541111111,326.094433333333,214.497073423889
365888112796,365888383141,270345,877.000787058824,318.360118823529,193.221646137647
365888462307,365888845646,383339,402.928036666667,323.61893,210.482428162083
365889112402,365889695925,583523,392.790545555556,328.989561111111,223.228397092778
365889728965,365889862328,133363,448.7686,335.236675555556,224.315705956667
365889895607,365890480327,584720,615.807564444444,334.223636111111,233.373688766667
365890512534,365890612389,99855,678.791922857143,342.73618,228.978783947143
365890745534,365890912283,166749,723.762676363636,326.283603636364,204.958112159091
365890945516,365891512546,567030,776.662152,334.560945142857,204.287995302857
365891545531,365891962196,416665,861.985444615385,328.80915,192.760725568462
365892028960,365892462205,433245,384.631788148148,336.781087407407,220.387804224074
365892583701,365892996076,412375,445.382202307692,336.337843846154,223.665294107308
365893028849,365893828839,799990,480.670214285714,367.080588163265,223.419418882857
365893862076,365893962075,99999,525.566771428571,377.330902857143,224.540039814286
365894095499,365894545401,449902,621.459824285714,356.678619285714,228.9031380675
365894583643,365895012138,428495,699.688353333333,364.008762962963,223.700406324444
365895212147,365895778774,566627,807.296674285714,346.2669,223.985294122571
365895812165,365896312270,500105,884.460057419355,349.235709677419,224.687979670645
365896383968,365896561933,177965,379.854888333333,351.95278,238.718299661667
365896595711,365896795462,199751,383.122103076923,372.353786153846,231.830883076154
365896961954,365897195240,233286,453.332125333333,352.057416,226.023236352
365897228585,365897528614,300029,615.65026631579,350.618494736842,223.972607035789
365897561959,365897962220,400261,680.6927952,355.0645504,213.0376102764
365897995272,365898145158,149886,770.311774,364.800002,203.240412001
365898312096,365898479699,167603,817.299245454546,342.191452727273,198.466477093636
365898528666,365899545141,1016475,552.500114193548,366.128983225806,205.748839949194
365899582978,365900095133,512155,634.94704625,379.207069375,206.38253249375
365900245043,365900745025,499982,708.163198064516,374.707830322581,201.78710972
365900783400,365901245040,461640,795.704355172414,376.54991862069,196.928044875862
365901278554,365901661710,383156,791.685419166667,328.304133333333,202.040078208333
365901695027,365901995144,300117,873.854208421053,318.264230526316,206.01199753
365902061688,365902244902,183214,429.311211666667,326.282903333333,223.030040098333
365902283953,365902811979,528026,425.02489,316.852867857143,205.592245746786
365902844957,365903661598,816641,515.0674616,327.6440712,205.747449498
365903695396,365904194976,499580,605.108792,334.6050128,195.8552669152
365904228211,365904495031,266820,666.054449411765,344.632018823529,198.728768297647
365904683123,365904961814,278691,744.657487777778,322.832878888889,193.353032898333
365904994873,365905511641,516768,820.346845,328.194736875,190.56052890125
365905544780,365905661444,116664,873.116125,324.4804675,193.187607315
365905728206,365906061447,333241,402.447858095238,326.28320952381,206.737329560952
365906261450,365906483299,221849,731.628205714286,350.920861428571,201.75298366
365906511554,365906728089,216535,804.957475714286,374.145137142857,208.157257421429
365906761479,365907178176,416697,904.139547692308,394.319971538462,202.301147115
