"start","end","dur","x","y","pupil"
72990959608,72991154319,194711,598.658142857143,317.253461428571,145.247782813571
72991187676,72991304244,116568,637.7220325,292.866025,145.7479887875
72991354330,72991454313,99983,440.810771428571,187.070794285714,144.963005987143
72991487665,72992187659,699994,387.414742325581,176.682599534884,129.230480996512
72992220901,72992604294,383393,476.958430833333,154.790406666667,131.873973709583
72992637779,72992988078,350299,512.057375454546,142.201353636364,133.836914313182
72993021016,72993737733,716717,590.778012888889,173.946313777778,131.712892745556
72993771212,72993904105,132893,466.379942222222,94.3957111111111,126.242265977778
72993937617,72994120918,183301,400.72173,80.8244266666667,125.643992625833
72994154238,72994270875,116637,527.012185,82.2870375,125.952260905
72994304122,72994787501,483379,691.059364666667,87.15077,125.264130170667
72994820777,72994920775,99998,557.5341,126.159077142857,126.264903898571
72994954183,72995054633,100450,405.726371428571,119.81046,124.77281591
72995087556,72995404102,316546,373.995396,139.34972,132.2724101495
72995437630,72995787419,349789,469.543400909091,171.932882727273,136.198797738182
72995820782,72996503984,683202,587.325324,176.546214857143,141.416264810857
72996541984,72997037500,495516,684.905296774194,185.168876129032,130.653666599032
72997071115,72997404004,332889,784.7296,160.429848571429,126.401558891429
72997437479,72997804017,366538,857.990188695652,156.311826086957,133.256356254783
72997887379,72998770728,883349,375.794264444444,187.564692592593,145.332692997222
73000303890,73000437291,133401,637.097442222222,138.845642222222,143.402899924444
73000470684,73000920540,449856,671.863290714286,184.960049285714,153.637147761429
73000953958,73001653813,699855,748.09797255814,204.796119069767,156.016495868837
73001687202,73002303758,616556,846.742537894737,193.619815789474,149.616255759737
73002420394,73003070662,650268,367.3451885,223.7466815,158.408055096
73003103746,73003520398,416652,453.297409230769,227.944283846154,146.812507308462
73003553830,73003887000,333170,502.471116190476,239.232962857143,141.993905123333
73003920413,73004703610,783197,608.384045,213.629867083333,138.124892054375
73004741592,73005637050,895458,695.239842909091,226.198694545455,143.662598027636
73005670676,73006120279,449603,792.030395714286,231.345421428571,136.60050621
73006153711,73006653575,499864,872.917917419355,216.71852516129,131.960351246452
73006720274,73007270210,549936,358.289147058824,238.102858823529,144.371171006471
73007303503,73007786924,483421,441.039465333333,250.059854,138.992135758
73007820264,73008153561,333297,518.256771428571,244.403712380952,128.308572306667
73008186816,73008686781,499965,586.630563870968,219.880782580645,122.803036520645
73008720179,73009703382,983203,680.381462666667,226.118049666667,124.502292312667
73009736991,73010970168,1233177,767.301252533333,233.913095733333,131.913011292
73011003356,73011303243,299887,856.287893684211,232.949857894737,140.456369476316
73011386676,73012169978,783302,373.3009525,264.06663,147.152752626042
73012203241,73012619901,416660,472.776606153846,267.014799230769,144.677760713462
73012653355,73013253862,600507,553.404903243243,257.085576216216,139.750777869189
73013286554,73014419781,1133227,590.645302028985,253.678588115942,135.98069810942
73014453201,73015019902,566701,676.980787428571,244.442398285714,134.094708921714
73015053533,73015386385,332852,770.815247619048,232.058765714286,131.462695612381
73015419780,73015569909,150129,861.166746,228.329482,131.337448047
73015653407,73015853303,199896,359.434827692308,242.899367692308,134.320114383077
73015886385,73016086375,199990,468.909209230769,252.200655384615,133.884737279231
73016139526,73016936577,797051,710.608529387755,244.523215918367,129.203689868163
73016969948,73017453108,483160,789.534672666667,232.628057333333,122.205091105667
73017486433,73017753121,266688,871.882672941177,224.922229411765,118.575960491765
73017841678,73018652967,811289,369.3570304,249.1020476,119.0066954448
73018902851,73019502882,600031,514.633429189189,261.617504864865,122.964101354595
73019542487,73020052953,510466,630.040211875,259.56891875,120.638458342188
73020086250,73020402863,316613,737.210818,249.869371,123.2465831465
73020436280,73021219538,783258,848.012797916667,253.372739166667,124.423753738125
73021319527,73021541854,222327,364.111935714286,267.304067142857,132.672411025
73021569759,73021702751,132992,346.649702222222,270.801393333333,130.366271094444
73021769697,73022219416,449719,862.323647142857,243.749868571429,126.133754530714
73022402738,73022736219,333481,333.091906666667,272.820937142857,132.552724399524
73022769471,73023869520,1100049,409.206936333333,287.141189666667,134.094510736
73023902615,73025153043,1250428,505.321181842105,281.478303421053,131.362366073289
73025185907,73025641474,455567,616.330433571429,275.471541428571,129.1761603775
73025669353,73026285945,616592,707.713353157895,281.155655263158,125.062085864211
73026319272,73027669405,1350133,797.042503170732,272.175884878049,122.083351199268
73027719161,73028554047,834886,605.528973333333,280.84918,132.498420998431
73028585748,73029085810,500062,690.150214193548,287.387622580645,129.394155728065
73029119165,73029719042,599877,548.433321621622,282.743238918919,134.515316670811
73029752445,73030402709,650264,522.6774565,277.7600495,131.75509751625
73030442012,73032142501,1700489,624.702546346154,291.291766346154,135.842832331538
73032168978,73032685534,516556,712.92648,273.446883125,131.435544047812
73032718895,73034018906,1300011,753.553125822785,279.741276708861,134.242145718608
73034052258,73035118787,1066529,792.882316,275.702816,128.551105167385
73035152202,73035702106,549904,877.821118823529,273.612577647059,126.945430200294
73035785446,73037218656,1433210,389.832195862069,300.878123908046,126.738255541494
73037253167,73038101985,848818,436.316307692308,311.811645384615,141.360687551923
73038142219,73038501873,359654,414.301753043478,303.581465217391,147.233622431304
73038543230,73039001861,458631,487.497955172414,285.709150344828,145.158086898966
73039041625,73039551975,510350,562.91877875,283.581136875,137.87165696
73039585317,73040285159,699842,642.319360930233,281.168085581395,130.693725194186
73040318530,73040818523,499993,748.273872903226,283.157221290323,128.283698043226
73040851825,73041385148,533323,833.130437575758,279.836095151515,124.544351642121
73041418536,73041768477,349941,896.304236363636,268.928929090909,123.724602555909
73041835513,73042285171,449658,383.455282857143,297.13189,133.4923421875
73042318411,73042741147,422736,425.994806923077,300.98761,129.989720499615
73042768648,73043518412,749764,524.48158,303.3197615,132.93697820525
73043541276,73044085050,543774,626.155228,299.708927428571,130.779656042571
73044118290,73044485054,366764,690.420035454546,299.517236363636,128.884145031818
73044518287,73044968366,450079,791.610524827586,304.411406896552,131.836612639655
73045002036,73045352924,350888,863.46934,294.422704545455,135.430411422273
73045418287,73046001494,583207,376.12313,321.073026666667,142.615841466389
73046035048,73046741439,706391,416.249542790698,324.419079069767,135.441575792558
73046768453,73047301534,533081,501.562765454545,314.828258181818,134.474105167576
73047342164,73047668406,326242,598.27584952381,314.368023809524,130.551528528095
73047701502,73048184773,483271,667.651834666667,319.339876666667,130.726890795
73048218149,73049118039,899890,769.683027636364,305.690122181818,127.344158383818
73049151975,73050001383,849408,847.199374615385,305.706893076923,123.9897379425
73050034807,73050168106,133299,892.845115555556,319.383866666667,122.049951004444
73050251635,73050968104,716469,373.942282727273,333.803147272727,128.173630108636
73051001249,73051401247,399998,479.421864,332.1778216,129.263991586
73051441518,73052139571,698053,566.47151627907,334.831060465116,129.496283697674
73052167975,73053052118,884143,669.710871111111,335.847405185185,125.71430783463
73053084573,73053801129,716556,754.826852727273,332.315836818182,118.572579072045
73053842354,73054517786,675432,808.587861904762,322.959272380952,119.169793373095
73054554026,73055068029,514003,893.45275625,314.699104375,119.8121953425
73055151410,73055767940,616530,364.459177894737,347.103115789474,125.137751485263
73055801035,73056217789,416754,474.436074615385,361.89973,127.338679130769
73056252306,73056901005,648699,509.1346355,344.6812075,127.6226107535
73056936372,73057551096,614724,568.585918421053,362.874516315789,129.111556326053
73057584314,73058200893,616579,651.286971052632,362.110478421053,130.103905467105
73058241733,73059300943,1059210,738.530522769231,353.640085538462,129.113069155077
73059340552,73060167610,827058,849.832670588235,339.623322745098,130.9780747
73060442229,73061000764,558535,866.443934285714,346.807877142857,131.683965889429
73061067589,73061350846,283257,358.483312222222,392.655185555556,131.383965169444
73061384151,73061767528,383377,386.294234166667,398.054910833333,128.494762955833
73061800813,73062317369,516556,494.2725225,398.185695,137.646888655625
73062350840,73062942847,592007,588.332068333333,393.181550555556,140.10905648
73062967722,73063301003,333281,659.767732380952,375.117221904762,139.292520007619
73063342284,73063842238,499954,750.427402580645,380.684230322581,137.041276864194
73064042445,73064150740,108295,842.7404925,416.20222,131.12134013875
73064200621,73064567499,366878,656.58088,406.232235652174,137.055445428261
73064600632,73064717293,116661,670.6669125,395.88828,130.450707585
73064750655,73065042396,291741,744.064093333333,374.062464444444,131.210558215556
73065067545,73065167333,99788,902.360111,389.5998865,131.681134574286
