"start","end","dur","x","y","pupil"
2034367005,2034666947,299942,-1.66666666666667,-75.8333333333333,0
2035048172,2035386131,337959,393.500625333333,217.953097333333,122.937057834667
2035684808,2035898128,213320,517.90009,147.461975714286,121.938633174286
2035931454,2036131491,200037,620.765686153846,114.190747692308,100.523662726923
2036164712,2036265061,100349,697.954665714286,66.9219171428571,133.281061034286
2036398158,2036598167,200009,723.701447692308,82.6598292307692,131.33134415
2036631488,2036848077,216589,773.6153425,109.989445,122.5326765825
2036885802,2037364721,478919,879.034572666667,117.211822666667,120.916478594333
2037448049,2037697994,249945,409.8822525,113.101555,114.079537155
2037764701,2037864706,100005,334.952014285714,231.215251428571,122.77392047
2037931330,2038164706,233376,439.012724,103.964672,127.588317603333
2038197986,2038431304,233318,487.139578,95.758918,121.979823187
2038464708,2038564595,99887,469.777548571429,132.435071428571,123.841293582857
2038598490,2038931367,332877,570.149168571429,107.72411047619,120.065872762857
2039085960,2039247933,161973,573.676114545455,73.94146,118.972981979091
2039286100,2039598046,311946,629.977672,114.085129,118.935862823
2039631226,2039764582,133356,580.386048888889,150.863306666667,114.604004298889
2039798198,2039931199,133001,694.095153333333,105.723324444444,115.526601676667
2039998026,2040114923,116897,411.3284375,66.7987325,114.97554928
2040147813,2040564587,416774,386.780908461539,24.0795815384615,114.388167503462
2040597917,2040886257,288340,459.226507777778,28.2423788888889,112.632573332222
2040914653,2041364456,449803,416.197022142857,5.815735,110.626984223571
2041397890,2041547809,149919,500.230188,16.405904,116.016723196
2041585353,2041831217,245864,620.3222825,17.30859375,118.04926979125
2041864467,2042114743,250276,709.70742,15.17247375,119.356758384375
2042147809,2042364475,216666,586.720565714286,-20.9754428571429,115.531320247143
2042531127,2042814636,283509,379.545964444444,87.4268577777778,116.133355031667
2042847686,2043314527,466841,473.685807586207,24.4195772413793,117.063325036207
2043347834,2044197787,849953,376.180308846154,13.4015657692308,112.342183708077
2044797701,2044985935,188234,430.931556666667,134.351486666667,115.496001450833
2045183199,2045447563,264364,379.859021818182,91.4115,110.155192387273
2045482395,2045747574,265179,469.816555294118,88.0925070588235,109.345634599412
2045784987,2046047581,262594,575.443178823529,76.4114376470588,105.806696792941
2046264204,2046530989,266785,682.404332941177,63.4297023529412,107.35898398
2046564239,2046830858,266619,615.450592941177,103.572097647059,111.676881855882
2046864216,2047130849,266633,699.535785882353,116.086631764706,112.435274887647
2047198153,2047397629,199476,788.620786153846,95.7606676923077,115.355610825385
2047430831,2047647555,216724,797.616554285714,43.10683,116.423621068571
2047683162,2047797558,114396,881.63966,81.595625,114.94001257
2047886293,2048085290,198997,404.546767692308,115.625593846154,119.363240233846
2048297785,2048430827,133042,356.315277777778,98.5821088888889,112.658042236667
2048464093,2048964092,499999,433.124609677419,112.928612258065,116.419271040968
2048997505,2049330721,333216,482.441200952381,132.626488571429,116.203333409524
2049364079,2049697501,333422,576.0259,117.330285714286,116.310237135714
2049730727,2050185880,455153,616.296387857143,139.940889285714,116.186189085357
2050214422,2050947345,732923,574.542335555556,157.375652444444,116.840451006889
2050997398,2051114031,116633,654.950645,172.0255125,114.45476463625
2051147303,2051580818,433515,706.27585037037,129.604327407407,115.58938379
2051614050,2052147310,533260,792.611612727273,105.836613939394,113.245270970909
2052186159,2052430617,244458,863.90802625,98.1058025,111.01070366125
2052563982,2052863962,299980,378.919018947368,125.727175789474,114.191096155789
2052947583,2053130577,182994,885.377638333333,83.8037416666667,112.446009448333
2053163971,2053613909,449938,846.192707142857,94.63337,112.246106950357
2053697238,2054213876,516638,428.009765925926,130.785468148148,112.611457017407
2054247184,2054614136,366952,484.603914782609,138.63445826087,114.648787084783
2054647169,2055097680,450511,430.435303571429,150.250142857143,113.253848583571
2055130481,2055363826,233345,497.556238666667,177.605741333333,113.893828008
2055430491,2055647063,216572,572.098671428571,154.636677142857,113.663626891429
2055685511,2055897114,211603,526.305024285714,152.918972857143,115.258514836429
2055930491,2056230497,300006,634.522469473684,115.820743157895,115.590811624211
2056263722,2056563717,299995,707.011901052632,112.004314736842,117.679745746316
2056597143,2057663713,1066570,706.833878461539,132.645395692308,124.944090030769
2057897003,2058086559,189556,804.028443333333,148.951405,128.216212338333
2058114075,2058530364,416289,879.546279230769,149.060176153846,129.290552059231
2058663596,2058830329,166733,423.568212727273,187.504338181818,128.035151162727
2058863596,2059313665,450069,382.101474285714,159.539492142857,129.792454185
2059346960,2059798098,451138,486.912534285714,176.276246428571,126.708085294286
2059830209,2059930207,99998,574.886505714286,172.902354285714,122.220846851429
2060085473,2060313681,228208,593.208712,236.68078,120.285830178
2060346844,2060463582,116738,600.2720725,251.4253075,123.37195359125
2060496884,2060986295,489411,662.929079333333,164.582249333333,118.872223367
2061013543,2061813547,800004,763.030358367347,170.091053877551,117.93018945551
2061846822,2062285428,438606,849.575973333333,187.423284444444,119.479455011111
2062313644,2062463471,149827,904.644416,181.480468,118.640561154
2062496883,2063363514,866631,748.258465283019,179.522856603774,119.622353620755
2063396804,2063780207,383403,830.860086666667,166.442280833333,116.481611651667
2063813547,2064413562,600015,900.136176216216,174.497843783784,115.78064389
2064480107,2065046570,566463,400.996802068966,194.147560689655,122.535110488276
2065085824,2066797515,1711691,407.950834747475,191.325638383838,115.278463333636
2066829871,2068246421,1416550,465.020155581395,194.989574418605,114.407457449302
2068281561,2069146433,864872,541.503487924528,218.08107245283,115.405124806604
2069183910,2069546440,362530,503.515893043478,207.660088695652,116.44867976
2069585757,2069963091,377334,618.29234,209.772715,114.516923604583
2069996607,2070663100,666493,697.220378048781,197.654982926829,110.192324448293
2070696375,2070896386,200011,797.428729230769,159.767230769231,110.860204496154
2070929710,2071329735,400025,848.6383392,155.2569712,113.2838311328
2071362962,2071762974,400012,931.6194472,193.5323736,112.6456241956
2071829596,2071946327,116731,412.1638225,227.205345,115.23306748375
2071980513,2072085469,104956,373.18872,235.814894285714,113.18445872
2072229610,2072529708,300098,366.135244210526,211.689467368421,113.982471457368
2072562958,2072913266,350308,443.8391725,189.7709675,110.763812649375
2072946202,2073429561,483359,524.024789333333,209.623279333333,109.094181969667
2073462834,2073796302,333468,531.926988571429,208.981763809524,103.88714177619
2073829607,2074229616,400009,537.143312,194.4683896,107.6789215004
2074262852,2074496373,233521,650.985994666667,210.189098666667,109.496567870667
2074529509,2075385750,856241,719.520867307692,215.868575384615,113.409297248269
2075413603,2075812916,399313,821.1279608,214.3194456,111.4398257528
2075846078,2076129530,283452,901.085821111111,216.059711111111,112.084389805556
2076196147,2076479754,283607,381.618263333333,229.208894444444,115.921561129444
2076512812,2076896049,383237,439.9175675,242.510896666667,112.40685389625
2076929332,2077412797,483465,542.468113333333,243.577578666667,111.588558622333
2077446055,2077896391,450336,644.719359285714,246.569958571429,112.245582721429
2077929365,2078112888,183523,739.202001666667,283.848221666667,114.155366490833
2078145924,2079229226,1083302,762.95007030303,247.15087969697,110.025768178788
2079262597,2079396047,133450,855.716737777778,250.153031111111,109.388058098889
2079529225,2079829224,299999,921.745941052632,252.241401052632,114.815328822105
2079912666,2080195893,283227,361.878191111111,247.744751111111,110.248303278889
2080229250,2080845816,616566,422.229010714286,285.957161428571,108.474332875714
2080885144,2081112760,227616,451.861605333333,282.11044,101.28448379
2081195900,2081462467,266567,542.483554,260.893536,97.738279534
2081496149,2081695892,199743,568.4313025,191.3471825,98.83926062125
2081729101,2082012754,283653,642.586358888889,245.750252222222,100.379142237222
2082183140,2082362465,179325,663.236638333333,249.027673333333,100.429105551667
2082662454,2082845673,183219,804.757895,248.36168,101.878177771667
2082886142,2083412701,526559,867.842328484849,241.7291,104.993238907273
2083562344,2083729105,166761,379.963765454545,295.469741818182,108.663475536364
2083762342,2083962332,199990,345.724558461538,298.060203076923,107.499056750769
2083995841,2084762325,766484,453.64724,293.725203404255,111.72288628383
2084795890,2085183220,387330,524.37777,308.124266666667,114.337362177917
2085212417,2085745578,533161,593.47428969697,316.771328484848,111.329408212727
2085781670,2085962215,180545,657.885666666667,285.680891666667,109.169664758333
2085995811,2086279093,283282,717.015667777778,231.860087777778,110.651032251111
2086312261,2086762222,449961,777.020542142857,263.930868571429,111.000670708214
2086795654,2087585958,790304,860.093912916667,286.460924583333,112.245687468125
2087612296,2087895677,283381,912.661377777778,276.857315555556,111.426861057222
2087980513,2088183203,202690,381.94802,314.369403076923,115.241044336154
2088395518,2088645428,249910,415.03821875,289.9075275,110.960820835625
2088686464,2089045454,358990,492.81050173913,318.973442608696,110.150942523913
2089085191,2089385168,299977,601.605791578947,335.525341052632,107.210707366842
2089412162,2090045394,633232,679.361857948718,328.863238461538,107.657973716154
2090086236,2090445313,359077,771.18434,322.127704705882,113.412127442941
2090486183,2090861973,375790,822.594190833333,320.270258333333,108.244133516667
2090895523,2091728606,833083,889.743654117647,298.933506666667,104.837559178431
2091796077,2091961973,165896,386.159205454545,342.496727272727,111.934171916364
2091995551,2092245296,249745,337.37781625,326.400285,112.1622961925
2092278761,2092545194,266433,401.843825882353,341.09736,110.348833581176
2092612159,2092761977,149818,824.167702,335.271602,111.828337866
2092796940,2093045214,248274,884.02984375,313.79943125,113.5522888375
2093085756,2093262409,176653,944.71138,304.28272,111.260393741667
2093345207,2093798007,452800,435.766634285714,348.931251428571,114.823960615
2093828608,2094161836,333228,404.954438095238,318.655174285714,116.854410004762
2094195286,2094528519,333233,489.1611,340.217763809524,110.640726379048
2094945175,2095095704,150529,591.174936,382.97414,111.667412944
2095128505,2095528571,400066,663.4888912,372.1054016,112.3975885648
2095561847,2095995132,433285,749.003631851852,348.676688148148,115.049214835556
2096028524,2096428524,4e+05,844.661188,348.3378872,118.177550962
2096585363,2096811984,226621,405.855530666667,364.165912,121.172654328
2096845061,2096961729,116668,514.0869675,371.4551875,123.3024938525
2096995419,2097261722,266303,691.421264705882,356.247362352941,123.874806104118
2097297685,2097480516,182831,730.330583333333,372.230598333333,125.860414581667
2097511904,2097611792,99888,611.405282857143,356.547165714286,122.607293614286
2097685651,2097844951,159300,505.217892727273,330.222838181818,120.900565177273
2097885011,2098161728,276717,520.481897777778,359.456961111111,121.604383546667
2098195051,2098395101,200050,612.864724615385,399.117029230769,116.644008801538
2098695781,2098811636,115855,738.3204175,336.7625075,113.78363674
2098844985,2099061613,216628,881.669691428571,346.358038571429,118.582180284286
2099095108,2099411865,316757,818.014049,344.358984,115.094204213
2099596449,2099778368,181919,374.641506666667,378.736526666667,116.932390230833
2099811917,2100561606,749689,377.2561475,365.2562235,119.3210955095
2100596017,2100911555,315538,484.479268,385.805592,124.928240116
2101344845,2101828115,483270,451.346289333333,375.620330666667,121.875282124333
2101885126,2101979904,94778,555.804905714286,300.018342857143,117.815486511429
2102161477,2102294889,133412,610.001226666667,380.518346666667,119.280671767778
2102386335,2102728136,341801,641.468195454545,342.401567272727,119.345136244091
2102761479,2102928120,166641,662.890016363636,348.303472727273,114.238549222727
2102961483,2103211704,250221,730.19314,348.8454525,114.273694920625
2103244672,2103444680,200008,805.779372307692,358.361663076923,116.079526931538
2103480734,2103928127,447393,894.4926,365.384726428571,118.000517812857
2104044690,2104183002,138312,391.484191111111,385.479811111111,118.369381503333
2104261343,2104361312,99969,361.66526,391.775254285714,101.62508693
2104394963,2104744694,349731,430.151859090909,397.30121,116.971410055909
2104844687,2105085284,240597,408.715434666667,395.738042666667,116.113809080667
2105594716,2105794678,199962,919.436144615385,430.90616,112.607032860769
