"start","end","dur","x","y","pupil"
359398498210,359398598186,99976,678.690565714286,275.505702857143,248.289734874286
359398631395,359398764748,133353,804.638764444444,259.768342222222,238.216665973333
359398798161,359398898459,100298,820.515454285714,277.13726,235.559153801429
359399088115,359399248111,159996,392.152569090909,50.9691909090909,221.94960275
359399514777,359400098305,583528,436.475534444444,102.183583333333,215.601712337778
359400131398,359400431355,299957,509.509229473684,92.46208,208.481489230526
359400464613,359401347959,883346,597.861642545455,49.5296592727273,240.197096322727
359401387369,359402231253,843884,633.241838076923,32.1396461538462,273.641374450192
359402264613,359402598743,334130,717.998695238095,32.1364733333333,259.821247788095
359402747831,359402864516,116685,451.778585,52.6186325,241.85508823875
359402898896,359402997953,99057,387.645362857143,55.85028,242.43946762
359403131264,359403281478,150214,538.033512,44.80452,263.824886272
359403314834,359403614567,299733,583.366073684211,21.0337231578947,267.869395488947
359403647822,359403931167,283345,724.587581111111,40.2380544444445,273.044743346667
359403964506,359404231145,266639,754.513725882353,43.9808458823529,268.964148943529
359404264499,359404447700,183201,792.876715,45.5900383333333,261.260863610833
359404483651,359404647715,164064,829.122287272727,17.4603581818182,267.148881368182
359404831143,359405014687,183544,370.639336666667,178.353193333333,263.13228532
359405047932,359405464374,416442,355.430331538462,135.441978461538,269.076329003077
359405564377,359406497850,933473,410.806543859649,160.523205263158,268.537461954561
359406547881,359406647916,100035,542.66818,87.9594457142857,283.16285389
359406686415,359406787962,101547,583.55274,79.2079,276.279106814286
359406814484,359407047578,233094,494.027216,126.516245333333,283.58145577
359407087883,359407331021,243138,546.65584875,153.74302125,291.453803165625
359407387662,359407487163,99501,661.634845714286,106.115862857143,274.231027548571
359407514427,359408047585,533158,606.26312969697,176.332692727273,276.815234646667
359408087620,359408430872,343252,664.4278,167.614756363636,274.274406549091
359408464262,359409397571,933309,706.740596842105,174.85246,265.103636827193
359409430921,359409764248,333327,770.234639047619,169.602323809524,253.757139247619
359409797570,359410197552,399982,793.6311032,222.48956,225.9514965552
359410230896,359410764116,533220,868.031181818182,189.357284848485,222.215815300909
359410830915,359411030783,199868,375.194818461538,182.368886153846,224.063706926923
359411247466,359411414264,166798,379.111449090909,195.697690909091,228.044429042727
359411447446,359412087989,640543,461.42673948718,198.959875897436,226.847360871538
359412114271,359412714073,599802,546.457643783784,193.739912972973,221.167734562703
359412747336,359412847328,99992,567.805971428572,183.747214285714,220.754259241429
359412887506,359413647322,759816,570.601741702128,194.153210212766,228.650028653404
359413688753,359414430622,741869,662.694483043478,211.807396521739,238.052262445435
359414464004,359414964009,500005,740.814583870968,198.740521935484,230.488479291935
359414997336,359415747234,749898,824.932326956522,200.089102608696,224.97419514587
359415780971,359415947198,166227,881.925703636364,187.111878181818,232.891579406364
359416030525,359416130486,99961,398.926385714286,173.928737142857,233.691532412857
359416347219,359416497854,150635,322.680634,103.913092,239.417312651
359416530505,359416898571,368066,383.079408695652,141.626930434783,251.064222201304
359416930511,359417114152,183641,422.369278333333,206.422116666667,247.148035389167
359417147071,359418047085,900014,468.15654,216.470334181818,250.792789207636
359418087792,359418663752,575960,527.627475,217.551806111111,243.794127043611
359418697188,359418914048,216860,587.233771428571,235.378354285714,259.08549541
359419030396,359419547059,516663,628.444288125,213.058866875,260.912214581563
359419587060,359419930405,343345,657.249955454546,205.949026363636,244.386432750455
359419963726,359420763615,799889,722.600008571429,227.855767755102,238.186207283265
359420797152,359421530313,733161,799.386908888889,226.404868444444,238.133919892444
359421563601,359422587747,1024146,880.711086129032,225.600367741936,218.531854116452
359422663500,359422897791,234291,411.537696,220.038125333333,228.196245253333
359422930259,359423330281,400022,367.2691232,219.5521384,226.62918271
359423363520,359423688875,325355,415.928499,197.676008,225.437958196
359423713650,359424213572,499922,483.916292903226,212.256652903226,227.435670725161
359424246830,359425663366,1416536,563.212853255814,215.880291395349,238.991868481744
359425697349,359426530026,832677,644.869603529412,240.541078039216,235.539771259608
359426680159,359427187345,507186,706.880398064516,239.116039354839,232.156201962903
359427213461,359428097072,883611,782.40245,241.497651481482,215.169443210741
359428130014,359428846641,716627,866.791032272727,226.050643636364,216.404049091818
359429029871,359429546554,516683,377.90318375,237.0323125,226.305899265
359429686979,359429863279,176300,445.104901666667,248.431356666667,234.910977101667
359429963262,359430197504,234242,512.080516,240.331924,228.078529462
359430229851,359430763126,533275,562.366221212121,252.757843030303,217.465801081212
359430796583,359431063130,266547,635.366163529412,254.250352941176,214.822741773529
359431186458,359431696646,510188,693.4759825,263.037668125,222.002950942813
359431730041,359432629762,899721,780.059010909091,259.893942545455,222.587213905273
359432662991,359433329861,666870,870.225858048781,247.969336097561,230.099859582927
359433413155,359433762989,349834,385.148885454546,278.527166363636,223.73479542
359433796445,359434046341,249896,386.22575,286.142975,226.65451523625
359434163003,359435629659,1466656,437.601520449438,271.119479550562,218.925993214719
359435662882,359436146207,483325,511.682402,262.873745333333,231.604043814333
359436289750,359436562884,273134,605.703987777778,299.968432222222,225.813882630556
359436598482,359437346099,747617,661.727541304348,281.239081304348,217.303209320435
359437387519,359437712825,325306,741.856377142857,272.527051428571,213.751046302857
359437746230,359438762743,1016513,832.886789354839,247.957508064516,237.700513728387
359438796161,359439313043,516882,912.295308125,236.9155575,261.431963151875
359439696144,359439829422,133278,304.866297777778,235.094411111111,291.049562145556
359440262631,359440562634,300003,483.017717894737,299.361181052632,298.946660126316
359440599110,359440762616,163506,549.467012727273,329.617607272727,279.139317531818
359440929288,359441462630,533342,599.780986666667,296.950704242424,272.977127700606
359441496066,359441988256,492190,702.380786666667,280.005898,258.477975939
359442012713,359442662497,649784,777.1814755,284.963058,241.748954121
359442696278,359443445831,749553,837.058186086957,287.414854347826,234.33306982913
359443483992,359443629149,145157,883.421786,287.597144,237.087904852
359443745844,359443845850,100006,388.539471428571,336.480431428571,235.648913241429
359443879450,359444295793,416343,378.356816923077,300.376855384615,233.932642773077
359444329143,359444698732,369589,501.79004173913,315.817968695652,240.183297800435
359444729117,359445312418,583301,593.076152222222,316.803647777778,240.638251357222
359445345779,359446012542,666763,699.657054634146,317.531026341463,239.585691128293
359446129011,359446595799,466788,776.346367586207,322.583335862069,233.411480925517
359446629044,359447112488,483444,827.308176666667,297.871414,217.720728889
359447145608,359447387802,242194,883.042761333333,277.345316,215.355119936667
359447462382,359447686544,224162,399.468608571429,301.496475714286,214.960398009286
359447712588,359447895739,183151,335.701785,304.814448333333,212.309954936667
359447929030,359448428898,499868,462.121550322581,331.465383870968,228.023002634194
359448462257,359448728884,266627,542.514589411765,336.391388235294,237.582145831765
359448762263,359449212402,450139,624.031438571429,326.783217142857,239.414007360714
359449245457,359449862264,616807,717.455713157895,339.230272631579,252.462464138947
359450012425,359451089160,1076735,-1.49783419354839,-90.7805725806452,8.8209103266129
359451303049,359451488190,185141,598.16894,352.625036666667,259.187520136667
359451519906,359451952954,433048,657.270804444444,349.932683703704,279.83682962037
359452103122,359452352970,249848,660.20887125,350.8925125,278.6225589475
359452387799,359453252836,865037,675.462791320755,316.081009811321,257.707911401132
359453288472,359454519573,1231101,765.646991466667,318.159049333333,243.0611653452
359454552852,359455452832,899980,848.326962181818,315.601965090909,235.183970714364
359455486509,359455852749,366240,917.455386956522,309.852255652174,230.372472823478
359455969509,359456152728,183219,344.158273333333,372.124293333333,232.998809991667
359456186523,359456469383,282860,340.028792222222,346.618143333333,248.105353187222
359456636111,359456736145,100034,383.359637142857,384.8218,264.017623984286
359456902967,359457336025,433058,438.834282222222,328.226191851852,259.679412885926
359457369387,359458087991,718604,502.710363636364,343.888939090909,251.002160044091
359458119445,359458452596,333151,569.056676190476,341.384114285714,255.036458087619
359458519658,359458736031,216373,587.239635714286,345.093931428571,252.492690684286
359458769371,359460052655,1283284,671.642284358974,326.059371282051,242.302863007949
359460087756,359460602545,514789,788.838408125,319.827545,233.410010631875
359460635890,359461119722,483832,848.681266,351.323754,229.786734147667
359461152467,359461588124,435657,887.577808148148,370.932374074074,229.285378488889
359461669134,359462686487,1017353,407.503115483871,401.395850645161,238.511536464839
359462719215,359463069141,349926,524.642633636364,400.73092,266.560932672273
359463102399,359463269140,166741,658.141769090909,395.880383636364,259.490241764545
359463335766,359464088094,752328,906.881811739131,428.209070869565,244.174004403043
