"start","end","dur","x","y","pupil"
8603983458,8604249870,266412,603.537241111111,167.515777777778,161.007465822778
8604299843,8604433163,133320,449.105451111111,144.271068888889,160.289050697778
8604466703,8605016396,549693,348.722180588235,115.726354705882,158.168592375588
8605049879,8605433170,383291,443.605546666667,103.600675833333,158.580634220833
8605466696,8605649870,183174,548.21165,89.162755,168.319853064167
8605683089,8606098524,415435,459.350067692308,114.270460769231,160.969439824615
8606116415,8606249829,133414,561.612913333333,112.618473333333,160.845972796667
8606399675,8606883095,483420,683.213862666667,87.945428,156.230692305
8606916420,8607266469,350049,708.776025454545,83.8623481818182,142.222957065
8607316297,8607416325,100028,438.039528571429,75.0499742857143,147.667893338571
8607449786,8608649792,1200006,366.137939452055,85.8478679452055,156.687082412192
8608682975,8609316266,633291,475.707337435897,98.5543553846154,165.97080939359
8609349710,8609966380,616670,588.631685789474,94.7371984210526,157.706448234211
8609999536,8610382958,383422,625.907234166667,72.9460666666667,153.81301788125
8610416179,8610882838,466659,706.854742758621,72.4065489655172,148.04750994
8610916186,8611382871,466685,851.882137241379,49.420075862069,144.287238750345
8611466234,8611916163,449929,353.548918571429,107.325906428571,149.174414080714
8611949557,8612232794,283237,419.101793333333,103.409515,139.7008392475
8612266077,8612682831,416754,348.642660769231,164.105049230769,146.441773313462
8612716072,8613299434,583362,406.144993888889,173.707088333333,145.329115195278
8613332676,8613799447,466771,468.220177241379,171.555144827586,144.93285320931
8613832683,8614432683,6e+05,371.65108972973,172.071586486486,155.108395503784
8614466160,8615282725,816565,468.0652648,177.6018808,160.1128325154
8615316017,8615932556,616539,524.130441052632,174.564635263158,158.179756437632
8615966074,8616932553,966479,392.977742033898,184.376358305085,159.213072982373
8616965993,8617532575,566582,514.227764571429,181.871743428571,159.352964824571
8617565825,8618099202,533377,594.881936363636,172.466533333333,153.762775373333
8618132384,8618465983,333599,675.548117142857,162.278320952381,149.581715342857
8618615811,8618966001,350190,762.927882727273,147.513751818182,146.812704942273
8619032413,8619349108,316695,389.822489,170.594287,145.2784872505
8619399035,8619932379,533344,447.274858181818,171.774831515152,144.175525883939
8619965809,8620615682,649873,400.007011,175.375359,149.87169861
8620649186,8621149050,499864,484.647700645161,178.117598064516,157.868453568065
8621182360,8621782591,600231,581.06576,169.059692432432,162.052956845946
8621815645,8622715533,899888,685.599226545455,159.150732363636,159.447082077818
8622749387,8623249275,499888,759.518430322581,155.49531483871,152.66428783871
8623282240,8623815496,533256,861.048911515152,138.865320606061,144.699321624242
8623849010,8623948919,99909,898.825962857143,135.430737142857,144.000341664286
8624032178,8624615530,583352,346.518873888889,193.933184444444,149.432899688889
8624682205,8625098805,416600,668.715611538462,162.796322307692,144.827423201538
8625132182,8625248922,116740,500.5705125,165.35714,151.78663119625
8625282237,8625648877,366640,362.2358,173.534876521739,151.869794758261
8625682091,8626915430,1233339,439.720442933333,176.266338133333,155.456892863733
8626948766,8627898708,949942,524.968406896552,166.312308275862,150.954262185172
8627932425,8628648762,716337,588.976761363636,157.120113181818,151.1468914825
8628681961,8629331926,649965,678.739147,152.501249,152.57275710325
8629365502,8629882196,516694,762.78002125,145.444075625,157.13453538
8629915149,8630132127,216978,883.143764285714,139.064071428571,155.025764548571
8630215222,8630998555,783333,368.428406666667,192.624305833333,160.091710951458
8631031814,8631298539,266725,390.580250588235,193.025744705882,153.112875692941
8631381871,8631581868,199997,829.404733846154,143.595344615385,154.314162478462
8631615173,8631715154,99981,863.837334285714,135.566725714286,157.224657902857
8631781914,8632598431,816517,407.353838,192.7133616,170.272219711
8632631802,8633148544,516742,414.05156,178.76173625,165.681235234062
8633181746,8633348580,166834,430.809489090909,230.893367272727,167.86295936
8633415032,8633565075,150043,441.833872,211.060236,167.918197012
8633598443,8634015026,416583,496.669233076923,194.753883846154,164.556795633077
8634048452,8634465214,416762,595.998628461538,185.618348461538,159.606085186538
8634498303,8634948399,450096,689.184642857143,181.737512142857,154.688552699643
8634981760,8635314881,333121,788.642364761905,166.818508571429,147.376201996667
8635349233,8635914911,565678,861.376367428571,167.156797714286,144.814070276286
8636114888,8636831543,716655,351.010052272727,207.047995909091,142.382661469091
8636865078,8637348292,483214,462.039666,202.937383333333,139.870160660333
8637381621,8637914776,533155,563.510214545455,203.258415151515,146.423659483939
8637948299,8638581484,633185,651.236804102564,195.491566666667,149.999275857179
8638614782,8638831418,216636,757.833878571429,183.378912857143,147.473318296429
8638864835,8639114777,249942,818.43137625,167.799335,143.511563755625
8639148166,8639414773,266607,893.428055294118,167.269634117647,139.560523620588
8639498051,8639631420,133369,423.134437777778,211.462237777778,148.541224132222
8639664852,8640281890,617038,336.652234210526,224.128403684211,140.140297088684
8640365438,8640614645,249207,864.9478475,165.73934,131.98434991625
8640815039,8641531290,716251,352.331007727273,229.700588181818,142.48999699
8641564616,8641931659,367043,440.34902173913,218.500930434783,140.70027039
8641964706,8642314538,349832,533.780944545455,220.483675454545,145.609818844091
8642397932,8642648105,250173,625.14237875,205.406625,147.935611735
8642681352,8642914536,233184,688.288038666667,202.579857333333,150.895098986
8642948095,8643431174,483079,770.961236,205.993224,148.131220176333
8643464853,8643764587,299734,852.942701052632,195.915852631579,142.602070301579
8643848084,8644564706,716622,348.439004545455,237.845459545455,147.251569278409
8644647968,8645047850,399882,865.3238272,197.6177,141.351058392
8645114422,8645314418,199996,397.689149230769,241.584084615385,153.203244267692
8645347952,8645581134,233182,357.931596,246.171817333333,148.682487752
8645764647,8646297812,533165,386.002393333333,237.138218787879,140.490310596364
8646331048,8646847774,516726,445.71959875,238.32457375,133.117633279688
8646881132,8647564338,683206,539.637526666667,236.843386190476,137.957122124524
8647597683,8648097697,500014,621.091500645161,230.631886451613,146.78663214129
8648130921,8648630924,500003,712.814125806452,230.388283225806,149.294220180645
8648664343,8649314270,649927,802.7204795,219.9025065,145.2786759935
8649347667,8650048147,700480,857.250597674419,216.11181255814,145.998896899535
8650214161,8650564391,350230,412.838439090909,247.290272727273,152.881330669545
8650597539,8650780863,183324,380.630501666667,233.975215,148.219725191667
8651114155,8651480847,366692,846.871906956522,206.465486956522,139.342353364783
8651564196,8651664298,100102,515.489288571429,231.937808571429,142.042695018571
8651697424,8652447713,750289,447.141936521739,241.441579565217,140.863721201957
8652480860,8652997439,516579,568.291155,234.11429375,141.81034854875
8653030798,8653280743,249945,676.769905,229.25345125,147.179607285625
8653314113,8654180874,866761,727.292699245283,226.892538490566,149.360219037547
8654214006,8654447457,233451,813.624781333333,203.310928,148.121872405333
8654480739,8655464133,983394,693.123104333333,216.389043,152.836129731333
8655497293,8655797324,300031,807.180514736842,213.053426315789,146.383122368947
8655930852,8656163963,233111,375.432553333333,176.169088,151.490857634
8656247400,8656380636,133236,506.029393333333,168.799075555556,145.176330893333
8656414239,8656614287,200048,570.762393846154,170.691396923077,141.884802009231
8656647829,8657047320,399491,717.8874128,152.7611536,138.8237011548
8657080635,8657430555,349920,801.313533636364,145.202584545455,140.198457181818
8657463944,8657997207,533263,856.98279030303,231.779208484849,143.60098398697
8658197199,8659013771,816572,353.492974,262.6167008,147.5721564016
8659047201,8659530551,483350,450.490584666667,264.462280666667,141.756052778333
8659563832,8659863719,299887,551.218463157895,262.21478,142.766115068421
8659897077,8660513648,616571,637.656697894737,256.795309473684,143.356692752632
8660547181,8660980364,433183,679.158617037037,248.596643703704,142.348537972963
8661013667,8661513652,499985,712.566269032258,238.512329032258,145.674195405806
8661547055,8662064333,517278,817.922601875,224.736873125,144.361609184687
8662096932,8662763774,666842,810.987632682927,240.677546829268,143.55888004878
8662847095,8663180258,333163,344.663454285714,270.29240952381,145.668480054762
8663213528,8663863595,650067,361.745365,273.341746,133.1142283765
8663896962,8664346972,450010,447.197888571429,291.205248571429,131.616296954286
8664380243,8665413419,1033176,529.523378095238,283.582959365079,148.479680578413
8665447044,8666163463,716419,615.858372272727,271.568265,163.568169527273
8666196825,8666813392,616567,723.882063157895,255.857704210526,160.101681262105
8666846774,8667963344,1116570,806.260275,259.780601764706,170.233039851765
8668130062,8668246814,116752,584.92807,306.3678175,176.1753158325
8668313268,8669196571,883303,355.411578888889,304.378134814815,162.773854532407
8669229934,8669963589,733655,472.997737333333,297.421948444444,156.264717713333
8669996582,8670463208,466626,553.43212137931,298.009170344828,165.553503181724
8670496554,8670829907,333353,625.882111428571,296.325354285714,171.310817473333
8670863325,8671629813,766488,725.399502978723,285.836232340426,161.242527650213
8671663226,8672496434,833208,845.854255686275,275.270701176471,156.725788664706
8672529797,8672629800,100003,645.334165714286,292.3434,159.75502312
8672746521,8672963088,216567,352.771348571429,315.672441428571,161.338782133571
8673379741,8673530058,150317,720.536264,204.662842,155.432139559
8673563080,8674029683,466603,667.027204827586,289.33782,159.400947025862
8674063099,8674446440,383341,710.94592,224.969734166667,146.845337023333
8674479753,8674613034,133281,613.501764444444,184.882537777778,149.485637573333
8674663086,8674946428,283342,397.030793333333,175.879536666667,151.385656652222
8674979756,8675196306,216550,501.656401428571,228.832821428571,157.677097035714
8675229687,8675529680,299993,584.41862631579,235.686584210526,163.851541734211
8675562991,8675946441,383450,697.0488725,232.021245833333,162.1949041225
8675979883,8676296328,316445,822.859697,214.838196,161.216825392
8676446489,8676796188,349699,572.610648181818,213.259171818182,169.158066628636
8676829562,8676929649,100087,577.202082857143,177.869922857143,170.133379875714
8676962966,8677062973,100007,697.071254285714,170.750291428571,169.82194403
8677096186,8677362964,266778,790.588816470588,158.618968235294,171.293561598235
8677396187,8678012791,616604,620.092379473684,198.052951578947,179.550799085
8678046253,8678262904,216651,714.799125714286,199.772407142857,174.859451791429
8678296204,8678579494,283290,809.670641111111,193.964045555556,174.043494559444
8678646320,8678812765,166445,356.232650909091,228.107418181818,182.825436199091
8678896152,8679046268,150116,517.353948,247.094668,172.964348993
8679079503,8679412775,333272,664.016701904762,234.280194285714,165.776989322381
8679446232,8679729433,283201,738.414907777778,229.871932222222,164.809042637222
8679762908,8680112683,349775,828.542270909091,223.243232727273,157.995696599545
8680196058,8680712655,516597,362.817825,273.3439975,161.22691090625
8680746314,8681063003,316689,496.237003,279.694265,153.221879622
8681096070,8681279383,183313,548.136968333333,267.629153333333,152.930193280833
8681312646,8681695937,383291,635.077966666667,249.835296666667,153.528542962083
8681729307,8682179371,450064,807.584127857143,230.12566,151.149225744643
8682212656,8682346082,133426,755.590837777778,224.35386,151.170849575556
8682379381,8682995909,616528,859.240724210526,219.594461052632,153.044624199474
8683095955,8683712521,616566,720.314367368421,233.669126842105,159.598195939211
8683746113,8684012511,266398,828.911974117647,217.581415294118,151.254285106471
8684195839,8684629183,433344,366.04255037037,271.091860740741,155.350486834444
8684662594,8685029181,366587,459.682310434783,264.41904173913,144.188891052609
8685095812,8685295818,200006,805.020881538462,233.752987692308,139.294643005385
8685345994,8685812383,466389,588.467817931035,247.009419310345,147.457411629655
8685845906,8686229053,383147,701.766370833333,245.636633333333,146.030384670833
8686262479,8686595699,333220,807.822478095238,228.023185714286,146.112051663333
8686629073,8687348882,719809,859.964455454545,219.117938636364,148.978358822045
8687379136,8687795709,416573,739.304861538462,232.926053076923,156.149454662692
8687945869,8688295704,349835,799.40391,216.646800909091,158.122948858182
8688329052,8688812285,483233,787.471446666667,224.60749,155.609850193333
8688862353,8688996049,133696,471.921762222222,176.003026666667,161.43706353
8689028932,8689395563,366631,386.719406086957,171.097066086957,157.233880627826
8689428936,8689928928,499992,527.881947741936,173.644573548387,152.768134547419
8689962216,8690362232,400016,626.8584,164.5071296,148.9691719952
8690395578,8690912153,516575,722.818049375,157.2766075,146.1315608225
8690946267,8691062296,116029,814.393435,159.1578825,140.540495995
8691095573,8692045509,949936,820.431808965517,261.453755517241,140.397442829138
8692078876,8692178869,99993,844.122157142857,256.007085714286,141.160488738571
8692212157,8692828814,616657,744.472432631579,270.450446842105,152.221148721053
8692862310,8693028812,166502,598.040334545455,273.978498181818,164.642831124545
8693062103,8693428691,366588,495.952653913043,284.821122608696,165.245058798696
8693495447,8693746068,250621,801.49928,261.85439375,157.949229903125
8693778943,8694428876,649933,680.898432,256.492924,156.60931688725
8694462248,8694595322,133074,773.601055555556,238.800928888889,150.109731025556
8694762164,8695078761,316597,840.358779,227.133388,149.61718906
8695162144,8695811886,649742,357.2624425,282.6368345,145.7330371995
8695845468,8696195337,349869,451.090956363636,258.530109090909,138.240816835455
8696228559,8696628623,400064,579.736656,255.5686608,142.6707507004
8696661972,8696928550,266578,651.851581176471,252.326091764706,145.825366628824
8696962061,8697578856,616795,763.376207368421,240.388041578947,142.939017152105
8697611783,8697878614,266831,830.360911764706,233.50604,142.652479218235
8697945364,8698045335,99971,347.620551428571,277.29734,150.363295674286
8698078629,8698778522,699893,362.190546046512,290.061178604651,145.624242255814
8698861956,8699011779,149823,736.690392,259.12723,141.346478391
8699061944,8699578769,516825,458.921386875,283.723231875,149.016041617813
8699845165,8700695064,849899,592.360247924528,270.729412075472,144.504672344717
8700728435,8701211658,483223,681.827354666667,264.354380666667,138.094976782
8701245235,8701811655,566420,776.713706285714,261.078226285714,140.298646852
8701845020,8702061727,216707,855.400444285714,253.701674285714,143.372337382143
8702145053,8703178384,1033331,354.638009206349,303.023051111111,145.907804191111
8703211543,8703711546,500003,447.479841935484,301.2334,144.749579416774
8703778488,8704111565,333077,720.52956952381,265.842536190476,149.659576938571
8704211538,8704828179,616641,499.529757368421,287.49027631579,159.164775003421
8704861609,8705328185,466576,596.751187586207,297.779994482759,151.810182168966
8705361482,8705528188,166706,692.03546,283.137009090909,145.311829455455
8705561454,8705911430,349976,732.174239090909,275.166558181818,142.676699570909
8705945151,8707028058,1082907,843.949355757576,269.904914242424,140.929789518182
8707094712,8707228057,133345,370.470151111111,320.065168888889,152.343667727778
8707261657,8707928057,666400,356.243671219512,327.639632682927,144.829175370732
8707961443,8708278000,316557,460.43198,324.573664,136.971197329
8708311273,8709011270,699997,517.850450232558,321.256585581395,134.830487936744
8709178007,8709894593,716586,644.462345454545,307.451495909091,133.771398635
8709927958,8710694513,766555,732.915484255319,293.094345531915,131.971748261915
8710727908,8711094557,366649,682.493633913044,307.397657391304,144.081393155217
8711127770,8711778159,650389,798.624949,295.5018695,147.4245676175
8711927810,8712094460,166650,330.128570909091,339.032223636364,159.430572744545
8712127804,8712777888,650084,360.4177755,346.6866945,147.00808059575
8712811424,8713711033,899609,464.154270545455,336.802165818182,135.135484372545
8713745267,8714294330,549063,539.028463529412,332.485489411765,138.798643772941
8714327682,8715045875,718193,644.481712272727,319.725728181818,137.527791123864
8715077750,8715294330,216580,487.225448571429,332.222934285714,141.732731597143
8715327694,8715710904,383210,683.147055,331.453453333333,143.9734554125
8715746936,8716410920,663984,741.46288,321.207344390244,144.819606528293
8716445775,8717110918,665143,638.960286829268,312.851606341463,144.847039037561
8717145901,8718077636,931735,744.651032280702,294.356690877193,141.267849121579
8718110773,8718377528,266755,836.305083529412,290.624777647059,139.057170614118
8718444296,8719077508,633212,364.172765128205,336.582218974359,139.678904006667
8719110795,8719745909,635114,447.510419487179,334.925126153846,132.800873394615
8719777651,8719910675,133024,516.831582222222,325.986077777778,137.936735075556
8720077749,8720844208,766459,552.639743404255,328.189070638298,145.201750855532
8720877381,8721427325,549944,648.254608235294,324.937452941177,143.598415442941
8721461005,8721893960,432955,754.524968148148,319.157386666667,142.506458851852
8721927324,8722377641,450317,835.494141428571,308.433442142857,138.661054739643
8722460676,8722760601,299925,329.74922,360.774358947368,146.54704635
8722793957,8723477264,683307,354.962345714286,364.08838952381,138.934339825238
8723510536,8723777465,266929,456.123523529412,365.194605882353,136.023862435294
8723810528,8724277539,467011,541.804434482759,343.257166896552,134.318258508966
8724310522,8725110416,799894,637.089152244898,338.825308571429,138.969615556122
8725143943,8726110423,966480,750.516678305085,343.301081016949,147.708643507458
8726148168,8727077125,928957,664.009415087719,352.930842807018,149.054644283333
8727110427,8727543986,433559,748.077782222222,344.921576296296,147.907249192593
8727577347,8728027069,449722,838.768091428571,336.252456428571,147.883028458214
8728127063,8729477011,1349948,334.721125365854,382.027094146341,142.750226937683
8729510291,8729877174,366883,423.581432173913,376.114592173913,135.761743593478
8729910298,8730493526,583228,534.582822777778,375.468081111111,137.066348158056
8730526934,8730810159,283225,639.882363333333,371.737755555556,132.001918169444
8730845015,8731526812,681797,727.913404761905,365.019444761905,127.335258898333
8731560212,8732093464,533252,819.934978181818,344.33314969697,131.092374731212
8732127166,8732226825,99659,867.034481666667,369.699267666667,135.049433225714
