"start","end","dur","x","y","pupil"
430369380306,430369680284,299978,855.723232222222,500.558418888889,179.787494649
430369796882,430369896831,99949,497.515045714286,116.320722857143,185.296084891429
430369940002,430370413509,473507,400.33354,43.4584193333333,171.051544349667
430370448612,430370863651,415039,423.461139230769,56.3102084615385,167.650194721154
430370896848,430371180189,283341,517.98113,65.8805244444444,174.718869711667
430371213908,430371596867,382959,616.4477825,60.0109475,182.867688527917
430371640257,430371913518,273261,696.713301111111,28.8578844444444,175.215934651667
430371949559,430372280151,330592,791.828365714286,42.39474,169.480887130476
430372450664,430372596724,146060,417.430914,70.20848,176.384649952
430372639580,430372946825,307245,448.590318,84.549088,181.1925111375
430372980150,430373180027,199877,506.544289230769,88.17126,185.962738736154
430373213385,430373640785,427400,614.578426153846,78.0443030769231,187.487086471538
430373663835,430373913375,249540,721.205495,65.94462125,181.201626935
430373963547,430374740026,776479,452.824622553191,48.5609025531915,175.765888008298
430374780038,430374880062,100024,528.233531428571,34.1158657142857,173.832359157143
430374913257,430375280049,366792,590.054375652174,52.0655026086957,176.435417674348
430375313260,430375532261,219001,647.616662857143,9.90573142857143,173.020361727857
430375563393,430375763298,199905,624.223804615385,36.4640476923077,172.258530399231
430375896592,430376930109,1033517,725.13604031746,52.4460555555556,172.303777362857
430376963402,430377679918,716516,786.280071363636,53.688845,174.846903322955
430377748719,430378263161,514442,423.583180625,64.800099375,184.093411460937
430378296457,430378580003,283546,501.296244444444,65.7664588888889,181.949936246111
430378613149,430379096385,483236,614.867065333333,63.6230013333333,175.653008243333
430379146563,430379596335,449772,388.035810714286,135.850627857143,176.432619807143
430379629836,430380513013,883177,436.503361111111,148.065426666667,175.750416210741
430380547093,430381146475,599382,517.128823243243,157.271062702703,178.373299158919
430381179670,430381813000,633330,576.741351282051,152.737618461538,172.555810734872
430381846322,430382246318,399996,593.7632736,113.8463408,168.9837529472
430382363188,430382846324,483136,642.398269333333,135.149888666667,163.232355002667
430382879646,430383346454,466808,722.562487586207,112.433350344828,159.435930856552
430383379534,430383863048,483514,794.061150666667,118.09541,151.887016833
430383896091,430384213313,317222,866.705397,114.958918,146.6269178295
430384279586,430385079562,799976,412.188961632653,148.715608571429,163.475648792245
430385112771,430385612765,499994,499.375535,160.059031875,167.6632274125
430385646181,430386062956,416775,580.660411538462,167.477809230769,166.426015204615
430386096113,430386579692,483579,682.405152666667,144.004641333333,160.829551496333
430386612761,430387047122,434361,768.02422,134.190403703704,154.51982187037
430387079447,430387979405,899958,853.772001090909,147.641982909091,162.918686096
430388146088,430388295980,149892,436.729788,145.245248,167.949013891
430388329223,430388779281,450058,415.431970714286,175.626298571429,169.067316229643
430388812621,430389062803,250182,506.804435,185.482315,168.325085101875
430389095940,430389295870,199930,592.452070769231,168.066381538462,167.963683037692
430389329385,430389747377,417992,708.443455384615,163.418219230769,167.146740704615
430389779278,430390146023,366745,817.84703,162.97581375,165.389665626875
430390179321,430390812493,633172,880.074704102564,165.508031282051,168.298274409231
430390895962,430391079193,183231,452.665136666667,200.781313333333,178.799342535833
430391112525,430391849258,736733,419.098646666667,195.911932888889,174.604865443333
430391879152,430392345865,466713,538.612779333333,196.497047333333,167.696852078333
430392379192,430392995735,616543,635.091241578947,190.237748421053,171.217291460526
430393029112,430393662621,633509,698.557148717949,179.556755897436,171.563303038462
430393695726,430394045705,349979,792.371710909091,181.427246363636,167.358929144545
430394079039,430394428986,349947,866.026760909091,181.257587272727,166.066950490909
430394495623,430394595862,100239,447.540431428571,202.807131428571,169.449532617143
430394628977,430395112266,483289,404.302788,209.143869333333,168.370208448
430395145778,430395629164,483386,516.024489032258,220.843187096774,166.783366735484
430395662554,430396012262,349708,613.718339090909,214.636663636364,160.901343082727
430396047176,430396462285,415109,704.701244615385,218.106903846154,157.391833145769
430396495496,430397062420,566924,794.924516571429,209.719632,163.540326936857
430397095495,430397662371,566876,879.964452,214.819609714286,167.104942970286
430397695473,430397912134,216661,801.464778571429,216.834351428571,169.358256546429
430398047273,430398145591,98318,794.77806,230.589511428571,163.411458461429
430398178905,430398547146,368241,866.061814782609,223.038000869565,167.873187797391
430398612162,430399062176,450014,386.80761,232.171410714286,167.828662147143
430399095388,430400745474,1650086,398.1087412,241.9861244,165.609669981
430400778711,430401262274,483563,506.676348,236.089348666667,163.669425508
430401295364,430401778671,483307,592.429512,233.137327333333,157.649607925333
430401812012,430402228593,416581,695.462067692308,253.125483076923,155.013924423462
430402261950,430402578682,316732,806.337312,230.419964,149.147271199
430402611893,430402928632,316739,878.669258,219.300585,145.476992162
430403011895,430403246669,234774,413.314618666667,256.572344,151.259089718
430403278557,430403595539,316982,389.802127,264.36714,158.6867811335
430403728476,430404028487,300011,460.632752631579,260.198467368421,156.325380715263
430404061926,430404461924,399998,523.09568,269.53023,156.748183538846
430404495178,430405047160,551982,605.877266857143,257.397144,161.490284276571
430405078612,430405528381,449769,688.854204137931,235.670822758621,162.680676334483
430405561935,430405995080,433145,784.009279259259,236.53873037037,155.862292202222
430406028373,430406495034,466661,879.129502666667,246.501537333333,154.958064547
430406578747,430407211643,632896,410.384300512821,265.136271282051,173.918025886154
430407245156,430407578536,333380,502.42554952381,231.235041904762,172.512513029048
430407611650,430408478292,866642,519.179361886792,279.999677358491,171.656378766226
430408595023,430408928264,333241,563.31750952381,276.608177142857,171.354158699048
430408961813,430409394879,433066,629.198837037037,268.17271037037,167.03441176963
430409428255,430410095011,666756,708.326522926829,282.598041951219,160.829539339024
430410128231,430410611474,483243,704.594245333333,269.146696666667,163.065002038333
430410644865,430411128144,483279,798.733083333333,256.384604,161.212457688667
430411161650,430411478160,316510,791.374471,257.664631,162.7234106735
430411511525,430412311387,799862,787.154319183673,252.983794693878,165.92974720898
430412344825,430412811392,466567,872.250288275862,255.344135862069,162.752931806897
430412894769,430413144933,250164,420.98438125,292.1150425,168.338298230625
430413178060,430413578082,400022,420.6540784,283.2667384,166.21621414
430413611338,430414161424,550086,507.553351764706,286.188802941177,159.815917125294
430414194652,430415144699,950047,579.363508965517,289.552872068966,166.882207690862
430415178048,430415661549,483501,652.931076666667,297.475709333333,168.822339818
430415694655,430415811243,116588,716.036695,293.9404625,163.90586662875
430415961502,430416111234,149732,718.890452,296.251802,162.71905842
430416144758,430417061396,916638,799.435246428571,279.403448214286,162.04757563875
430417094519,430417411110,316591,875.077328,273.172137,162.4558430065
430417577905,430417794463,216558,405.964544285714,298.480644285714,169.697016885
430417827842,430418027758,199916,400.123207692308,320.399916923077,169.928583397692
430418061365,430418511149,449784,489.433567142857,332.80632,171.820889551071
430418544604,430418827749,283145,585.81554,326.798285555556,170.207723269444
430418861327,430419011134,149807,665.635512,327.245874,165.035549826
430419044470,430419228106,183636,794.29372,316.006888333333,157.589630350833
430419261309,430419894353,633044,893.251452307692,312.114787179487,151.626240698718
430419977815,430420644460,666645,531.173203902439,361.281814146342,165.814930000732
430420694407,430420927649,233242,688.839937333333,354.632074666667,167.705954828
430420961180,430421477690,516510,786.724614375,353.38364,169.454540608125
430421527640,430421627626,99986,562.113671428571,290.997005714286,171.905920871429
430421661218,430421827641,166423,516.059963636364,260.964327272727,173.74258911
430421861169,430422294277,433108,502.74802962963,234.579425925926,179.432267734444
430422327639,430422444472,116833,591.597155,242.6762325,178.82681763
430422477716,430422627640,149924,665.67534,256.43899,179.444267082
430422660936,430422910870,249934,740.6390575,265.70949125,176.828575655
430422945358,430423244367,299009,687.299287692308,280.476583076923,181.873171686923
430423277544,430423727481,449937,782.304683571429,292.377777142857,180.0203915925
430423760918,430424194143,433225,873.043624444445,273.350285185185,167.53373046037
430424277812,430425027507,749695,422.42649,297.498624347826,175.366415221739
430425061015,430425494147,433132,501.39882,307.639988888889,170.868197572222
430425527382,430425645626,118244,542.0441775,289.2963625,170.77883556625
430425694133,430425894515,200382,855.128644615385,279.346196923077,164.624695301538
430425927390,430426144207,216817,898.482722857143,287.669935714286,165.657217325714
430426210732,430426394019,183287,407.450878333333,309.733875,172.0796081975
430426427392,430426610742,183350,425.94567,312.09229,174.3770101
430426677466,430426994000,316534,773.281978,278.774396,172.878698066
430427110753,430427444098,333345,468.416376190476,291.969977142857,177.462261580952
430427477421,430428144113,666692,535.378543902439,294.11828097561,174.460248030976
430428178039,430428427242,249203,596.39197375,299.21088625,170.77362130625
430428460851,430428910610,449759,532.588929285714,170.449566428571,168.925631923929
430428944075,430429243961,299886,654.856913684211,161.245187368421,165.876915132105
430429277286,430429527267,249981,760.94203,153.0545475,164.5323157325
430429560765,430429710590,149825,828.337786,142.850182,162.501120618
430429877318,430430527092,649774,831.3970075,163.2549035,166.5665627035
430430560567,430430660574,100007,882.09174,162.4361,166.633170962857
430430743999,430431010492,266493,387.872970588235,163.789278823529,173.076667636471
430431043963,430431210523,166560,485.012276363636,181.912161818182,174.339235105455
430431243945,430431560537,316592,581.739562,193.30494,171.8537751515
430431593765,430432210342,616577,694.576247368421,195.506175789474,172.923753307632
430432243836,430432660437,416601,796.887408461538,177.830535384615,173.846087495385
430432693765,430433244122,550357,888.6729,183.583624705882,175.695364463529
430433310362,430433427008,116646,435.99395,193.2549375,187.302330765
430433460627,430433993651,533024,425.677868484849,215.51034,188.98195399697
430434027003,430434710233,683230,543.730062857143,227.721488095238,184.038044471429
430434743728,430435227040,483312,641.058914,221.123386666667,174.297825230667
430435260406,430435643893,383487,725.284745,211.429865833333,173.34515898875
430435676931,430436160305,483374,781.394103333333,219.514442666667,171.031179902667
430436310249,430436527279,217030,798.318878571429,222.008594285714,168.655266253571
430436560291,430437243701,683410,862.474014285714,211.968358095238,166.14184852
430437310145,430437576950,266805,400.496065882353,228.09878,167.964020025882
430437610128,430438343588,733460,401.822519555556,240.835970222222,170.537126047333
430438377088,430439660188,1283100,498.392498717949,237.073546666667,176.304414397308
430439693386,430440776713,1083327,602.438266969697,240.22148969697,177.391969091364
430440810026,430442476708,1666682,696.384512871287,243.093132475248,198.730047092871
430442510248,430444076573,1566325,763.493352421053,244.127130105263,213.431462276842
430444109869,430444493155,383286,726.4680775,244.768170833333,209.151776179167
430444630714,430445026508,395794,797.30126,254.041806,192.517035762
430445059991,430445926396,866405,871.706936444445,242.354872444444,186.618997399778
430445959950,430446143232,183282,928.175126153846,249.836647692308,171.381192280769
430446176590,430446459833,283243,876.143103333333,236.754268888889,172.265508756667
430446576555,430446759800,183245,694.790146666667,238.448916666667,173.694920809167
430446793010,430447276460,483450,633.511996,246.307593333333,173.617885535333
430447309622,430447526394,216772,747.132458571429,247.965302857143,169.766623204286
430447559716,430447792984,233268,839.584326666667,229.967424,169.224821096
430447826387,430447993020,166633,904.456843636364,222.656801818182,170.369714714545
430448059667,430448293040,233373,420.470097333333,244.30442,179.731942786
430448326222,430448709589,383367,422.3095175,253.615786666667,178.784293137083
430448745665,430449192918,447253,541.961055,254.059522142857,171.051924792143
430449226256,430449342993,116737,655.7320775,251.157885,171.96574535625
430449492924,430449592901,99977,950.036096666667,368.84562,171.142957575714
