"start","end","dur","x","y","pupil"
432941841,433117518,175677,879.928997777778,369.527766666667,130.61306226
433200823,433341769,140946,526.575856,242.417818,130.155353586
433391873,433591805,199932,381.895483076923,220.278126153846,133.214106041538
433641592,433792678,151086,343.191664,108.771202,128.9379988
433841610,433958397,116787,477.34288,123.4948525,129.03788348375
434141593,434275000,133407,564.929591111111,-45.3496888888889,127.551282714444
434308445,434491747,183302,662.722953333333,22.305145,131.9983443875
434525376,434741598,216222,785.440101428572,21.67415,127.861036245714
434774979,434958263,183284,666.181633333333,52.6306283333333,128.199920366667
435158269,435324918,166649,542.57672,104.668096363636,133.467616559091
435358271,435458283,100012,566.47778,135.143391428571,132.348817564286
435641596,435841605,200009,351.636163076923,105.082703076923,133.839709308462
435885220,436274853,389633,423.7602424,140.7648704,138.472952916
436308282,436791588,483306,510.254827333333,168.035602,135.082207990333
436824946,437341521,516575,429.504299375,183.454168125,131.503809966562
437375472,437791595,416123,377.253626153846,170.222648461538,133.542686219615
437824799,437958125,133326,459.902233333333,174.110875555556,137.440907654444
438358093,438885316,527223,558.513635,120.07378875,139.712625665938
438908303,439274738,366435,628.466054782609,120.662049565217,129.12997769087
439308179,439592225,284046,722.03392,94.1171866666667,126.073680153889
439624786,439808176,183390,792.12831,99.7270116666667,125.1666874575
439958027,440058021,99994,886.383588571429,110.742251428571,115.903131104286
440091457,440324866,233409,885.131786666667,159.338956,127.823677952
440391672,440741393,349721,374.976540909091,191.300586363636,128.169958334545
440774590,441008048,233458,463.543609333333,200.135841333333,126.373799652
441041374,441291534,250160,574.013165,204.80856375,127.213317146875
441324697,441624656,299959,610.53604631579,183.762022105263,127.839479064737
441774589,442041221,266632,711.716658823529,166.037892941176,127.561837555882
442074598,442624704,550106,829.054282941177,184.941894117647,127.382553362059
442658135,443157894,499759,887.021083225806,182.059586451613,125.914794447097
443191322,443474478,283156,893.969704444444,200.69115,128.313263362778
443624532,443841104,216572,367.913962857143,203.984764285714,133.871408901429
443991220,444091356,100136,413.972625714286,107.355474285714,130.67931229
444124545,444241125,116580,421.7820275,138.072415,131.24080288375
444274511,444841182,566671,527.494237714286,151.891377142857,131.717780238857
444874473,445174476,300003,607.832251578947,160.994927368421,131.071673440526
445208013,445724415,516402,706.6312425,170.11857625,133.960660923438
445757765,446157803,400038,827.6096464,160.109756,135.2885041464
446341002,446674353,333351,397.488378095238,185.405646666667,136.552317275238
446807797,447024455,216658,470.939178571429,176.579045714286,139.282342527143
447057633,447224412,166779,502.632856363636,204.478841818182,135.378907796364
447257643,447691109,433466,568.445521481481,214.388545925926,128.724460886667
447957648,448274221,316573,707.577795,196.51448,124.552015304
448307685,448624283,316598,763.470268,221.468709,124.7957249885
448657645,449124295,466650,875.31252137931,193.016277241379,121.424755273793
449274217,449374251,100034,406.78716,200.855657142857,128.462920977143
449407711,449524285,116574,350.70892,189.92109,127.80066954
449640864,449857511,216647,379.233697142857,212.231427142857,121.831097061429
449891071,450157514,266443,469.486522352941,227.555622352941,128.835852488235
450192132,450607580,415448,558.701274615385,226.604136153846,127.225955184615
450640842,451007545,366703,667.224313043478,211.696505217391,126.100212171304
451040877,451165798,124921,743.559808888889,209.355793333333,121.870026852222
451340780,451557485,216705,800.585362857143,224.597147142857,124.193672210714
451590861,451974140,383279,871.659680833333,223.206329166667,115.58870649875
452307399,452574089,266690,474.364870909091,189.221445454545,120.847130619091
452607421,452890737,283316,544.812636666667,176.579261111111,119.592699593889
453074006,453424035,350029,676.562797272727,182.613973636364,121.397680345909
453457396,453824071,366675,756.171334782609,206.900223478261,124.065500216087
453857386,454390731,533345,868.371188484849,214.234343030303,125.008546753939
454424218,455157276,733058,892.132992444445,230.065902666667,126.386236031111
455240600,455457273,216673,360.850817142857,249.805948571429,132.115180278571
455873837,456207446,333609,454.42618,236.875339047619,131.543270791429
456241000,456373873,132873,533.764302222222,251.811837777778,124.605173954444
456507346,456940519,433173,586.257315555556,246.095014814815,121.892424245185
456973888,457240503,266615,658.149697647059,243.349757647059,124.393901165294
457273881,457407382,133501,746.588935555556,245.343415555556,125.204939061111
457540536,457790523,249987,808.2550175,239.33491875,125.293603720625
457823832,458340538,516706,894.67131875,237.0797525,124.204298444063
458457146,458807266,350120,382.085271818182,283.340519090909,132.257943171364
458840428,458957125,116697,369.4649375,284.4519175,133.1506995825
459307282,461355846,2048564,-2,-91,8.23671182059701
461555755,461822424,266669,711.422435294118,276.573803529412,136.455186117059
461855764,462005927,150163,787.253286,278.792914,130.242977999
462155748,462389133,233385,769.699789333333,284.742796,133.42912087
462422624,462689083,266459,841.398069411765,278.510177647059,135.613226234118
462723013,462907525,184512,901.179961666667,270.950163333333,131.16995706
462972383,463139022,166639,399.597287272727,293.768796363636,139.934325767273
463172389,463472377,299988,353.267311578947,289.734073684211,145.155968353684
463505888,463622435,116547,406.4296575,333.3844425,142.73602500625
464089116,464322340,233224,580.902321333333,302.634597333333,142.626248054
464355626,464655599,299973,662.713724210526,286.802065263158,141.915806652632
464689135,465105762,416627,772.422613846154,282.292400769231,139.424123541538
465138876,465438895,300019,881.897098947368,264.366575789474,138.617915952105
465505910,465738890,232980,377.408157333333,283.099833333333,141.74215124
465772255,466105712,333457,380.579499047619,294.835125714286,142.882431914286
466138902,466489178,350276,494.769717272727,301.448434545455,141.427637181818
466622214,466955878,333664,514.425648571429,300.502056190476,141.345727854286
466988984,467438777,449793,600.726226428571,309.653354285714,139.810453119286
467472144,467705711,233567,705.753537333333,314.409534666667,138.679569598667
467738773,468338774,600001,794.153818918919,308.367824864865,135.581865004865
468372126,468688872,316746,876.434736,292.082156,132.3147487635
468722173,469122075,399902,720.4759288,278.9114008,134.0482103624
469155375,469422102,266727,631.033109411765,264.478862352941,138.006028976471
469455388,469588889,133501,537.437246666667,267.64096,138.745646235556
469622076,470572017,949941,477.229699310345,287.908168275862,137.601393608448
470605416,471005306,399890,570.468004,270.7397248,136.1927803816
471038662,471272012,233350,665.630493333333,277.6222,137.373985100667
471305300,471638652,333352,783.220212380952,278.069802857143,139.156633422381
471671893,471905844,233951,867.848938666667,263.058906666667,133.644476448
471938648,472371872,433224,771.01376962963,267.000597777778,134.521831808889
472407600,472655243,247643,900.58255,260.96878375,133.0274316
472723854,472938513,214659,397.626927142857,293.766251428571,138.866998158571
472971890,473155156,183266,376.573008333333,298.747593333333,137.46913495
473188615,473521944,333329,469.373261904762,307.674627619048,134.4247797
473555128,473921936,366808,588.132604347826,298.468647826087,129.946640816087
473955104,474188624,233520,741.321930666667,290.262672,128.753917388667
474388600,474755122,366522,876.67604,262.702950434783,127.513518275652
474838388,475205275,366887,366.73291826087,311.627151304348,128.542308661739
475238397,475738398,500001,491.553165806452,321.601760645161,126.435665532581
475905256,476088472,183216,476.99366,287.488776666667,126.382165208333
476121828,476471764,349936,581.977371818182,303.312608181818,127.674132990455
476505101,476921911,416810,691.622794615385,320.029852307692,125.436242137308
477071630,477238388,166758,756.912876363636,314.340705454545,126.0373225
477271647,477821698,550051,846.338239411765,308.816724117647,127.355886517647
477855003,478254866,399863,839.1462072,312.8615472,127.9049637444
478288381,478438278,149897,909.098424,308.997528,126.727591221
478521699,478738255,216556,387.609712857143,344.875851428571,135.755239446429
478905097,479188360,283263,367.035658888889,292.897967777778,141.740628451667
479221583,479854873,633290,448.815121025641,314.93279025641,138.601480012051
479888234,480538163,649929,562.7001645,322.0655575,133.61219273625
480571509,480704798,133289,616.618362222222,319.488306666667,136.408194732222
480738147,481021862,283715,534.100404444445,324.74103,132.971243241111
481054718,481254822,200104,669.600047692308,324.1674,128.635298298462
481288227,481654797,366570,733.477660869565,319.783015652174,128.456852732174
481688334,482371397,683063,856.100661904762,320.134015714286,126.856214721667
482406595,482504808,98213,921.023958461539,334.161867384615,123.574505174286
