"start","end","dur","x","y","pupil"
354652828534,354652928535,100001,595.89294,305.378604,86.1200873142857
354652978514,354653413930,435416,428.019455714286,210.799467857143,86.736244965
354653445104,354653645071,199967,414.545692307692,161.805055384615,87.8128246738462
354653678369,354653813163,134794,372.337415555556,134.689728888889,87.2388993322222
354653845062,354654145076,300014,374.974383157895,79.1209210526316,85.2756433705263
354654178423,354654945154,766731,386.020968510638,185.249346808511,90.5077028546809
354654978774,354656028534,1049760,480.3046071875,176.3374134375,87.4443797245312
354656061649,354656795243,733594,550.372381333333,165.529409777778,87.5535730871111
354656828598,354658144980,1316382,633.3677465,159.89471375,85.6298010805
354658178154,354658328370,150216,675.414612,144.618898,83.981238958
354658378151,354658744794,366643,391.0252,49.2815408695652,85.1879216156522
354658778135,354660178024,1399889,449.989177647059,51.6563501176471,83.4552279683529
354660211505,354660878013,666508,405.922373658537,56.2283058536585,83.6976667136585
354660913610,354661211839,298229,527.210172631579,57.7743684210526,82.9669198778947
354661244753,354661394616,149863,587.84668,47.996586,83.212300152
354661428149,354661878009,449860,692.152674285714,42.103715,82.0322324289286
354661914095,354662278030,363935,772.225913913044,42.757207826087,79.7664779278261
354662361227,354662594811,233584,370.775984,57.3391413333333,79.8010979313333
354662661226,354662861236,200010,767.103063076923,12.2286123076923,80.6054271523077
354662928084,354663277902,349818,385.625267826087,59.9027652173913,81.5446695021739
354663311298,354663500473,189175,499.057381666667,63.1443516666667,79.84168772
354663527974,354663861218,333244,403.205944761905,59.2846257142857,77.7791805228571
354663894481,354664394555,500074,500.653431612903,66.4221432258065,76.6935761596774
354664428202,354664894481,466279,373.878623448276,128.785774482759,77.7626556041379
354664929309,354665077774,148465,399.92568,146.44564,79.198310192
354665112988,354665961090,848102,479.536070384615,160.043541153846,77.4178576490385
354665995262,354666812758,817496,562.7552464,154.3853,74.8310307564
354666844417,354667712376,867959,625.296938113208,130.974092075472,75.5920096560377
354667744462,354669527800,1783338,674.974428703704,140.150187222222,75.897864249537
354669560893,354670344294,783401,740.491719166667,149.01656125,77.9241535833333
354670611473,354671094099,482626,797.358415333333,142.897768666667,80.2390322553333
354671127644,354671610827,483183,856.849674,142.293876,76.8005013236667
354671777527,354672010863,233336,400.890330666667,154.817037333333,77.6409668673333
354672044195,354672611574,567379,407.041105142857,168.084644,79.7083161562857
354672644325,354673694012,1049687,483.030155,167.2434365625,80.118411278125
354673727482,354674527572,800090,581.370963265306,166.92159755102,80.2453626416327
354674560592,354675044042,483450,653.678672,154.094310666667,75.2394165183333
354675077233,354675377270,300037,723.914042105263,142.370796842105,72.9520333931579
354675410802,354676227472,816670,782.4329532,146.9396596,72.8633455224
354676394054,354676927564,533510,789.737413939394,141.673365454545,76.1114060060606
354676960487,354678127348,1166861,838.736494929577,150.907174366197,73.5280444039437
354678160487,354678311033,150546,890.989636,141.773342,72.617344212
354678377140,354678560468,183328,511.28956,156.783005,76.3405576091667
354678593746,354679727452,1133706,388.38038,178.206396811594,78.2044090721739
354679760364,354680710395,950031,475.654725862069,187.43898862069,78.3813079213793
354680743674,354681660252,916578,542.625370357143,175.400217857143,75.8733248030357
354681693626,354682693628,1000002,618.905796393443,166.606647868852,74.5883415957377
354682727064,354683093604,366540,702.192393913043,171.18460173913,73.7154564104348
354683127118,354683943548,816430,765.0057124,167.8197036,76.6682026014
354683976907,354684760113,783206,839.233430416667,158.368285,78.72122556875
354684793471,354685176764,383293,886.766169166667,135.7534775,77.59678560625
354685243595,354685410291,166696,521.312403636364,173.440103636364,82.2226630863636
354685443548,354685660115,216567,393.502177142857,202.842447142857,84.6374725071429
354685693496,354686560100,866604,394.767566415094,222.247218490566,83.5430913966038
354686593349,354687043429,450080,474.930617142857,209.51521,81.8879420710714
354687076752,354687559990,483238,464.471555333333,193.586112666667,79.6539864803333
354687593346,354688110575,517229,479.93274875,216.90266625,80.912319104375
354688143423,354688293275,149852,453.733138,198.415662,82.131267937
354688326923,354689143372,816449,616.385686,202.1626444,81.7116481556
354689176645,354690143288,966643,721.565764745763,196.879563389831,80.2914446705085
354690176520,354690993167,816647,787.0126104,192.5088016,80.0692973602
354691026779,354691726565,699786,899.644688837209,183.444328372093,77.982962095814
354691776526,354691926873,150347,722.60376,205.88458,78.589576245
354691993099,354692126809,133710,443.135857777778,207.704326666667,84.37265904
354692193109,354692443173,250064,889.48980125,193.6952475,83.325074605
354692476443,354692643195,166752,913.659301818182,176.934816363636,83.2736419445455
354692726563,354692876445,149882,440.68679,213.501564,84.681171047
354692911734,354693543331,631597,400.59123948718,221.508181025641,81.65207856
354693576393,354694076378,499985,500.489969032258,218.929106451613,79.8876788867742
354694109735,354695459665,1349930,557.940049756098,225.474457317073,79.9119898507317
354695493016,354696209802,716786,645.878898181818,218.996730909091,79.7930073586364
354696242919,354697259544,1016625,713.795090645161,209.031070645161,84.5972092074194
354697292890,354699492753,2199863,803.892238345865,225.366928421053,84.7676161600752
354699526178,354700259365,733187,883.017145333333,212.681245333333,83.3342188484445
354700326179,354700459379,133200,591.15534,245.093306666667,88.0110299633333
354700509525,354702059254,1549729,402.18211787234,247.747777446809,89.4176702191489
354702092617,354702559242,466625,470.138149655172,256.380057241379,88.455905582069
354702592601,354703059222,466621,555.985984137931,252.377345517241,87.4377235227586
354703092601,354703909362,816761,622.5090964,243.0786416,90.2878740874
354703942781,354705092488,1149707,693.444354,240.020239428571,85.9741531794286
354705125818,354705859102,733284,780.148282222222,231.502203555556,80.4906437766667
354705892367,354707158993,1266626,880.079454805195,235.383083376623,81.3358349523377
354707225810,354707375766,149956,576.29748,243.566064,82.222095989
354707409092,354707592354,183262,404.76022,266.808561666667,83.3680429183333
354707628139,354708209172,581033,403.010011666667,266.92705,84.1639195991667
354708242486,354709208979,966493,496.948320338983,267.49072,87.1569060101695
354709242511,354709825679,583168,593.042483333333,253.131016111111,87.22354773
354709858898,354711375481,1516583,649.32156173913,250.168445652174,87.3562444869565
354711408992,354712058787,649795,705.806048,259.2522375,80.17549061
354712092143,354712425579,333436,776.741466666667,244.816803809524,80.3207879171429
354712458797,354713308866,850069,873.236752340426,244.31912212766,81.7471188306383
354713358801,354713492013,133212,674.669771111111,271.075302222222,86.7998574244444
354713558790,354714258666,699876,391.320530232558,287.10476372093,86.1274752772093
354714292019,354714775375,483356,450.79253,295.220311333333,88.9969576076667
354714808748,354715941993,1133245,535.851425797101,286.659993333333,96.5213714107246
354715975252,354717141992,1166740,648.012241690141,271.782952957746,90.5587202159155
354717175295,354717675121,499826,717.606779354839,267.806618709677,91.9322300919355
354717708672,354718441844,733172,814.172082222222,271.79744,90.4725621644444
354718475256,354719291781,816525,903.524224,266.2222472,90.2409927954
354719375111,354719575123,200012,415.378906153846,293.157530769231,88.5461585892308
354719609069,354720208499,599430,397.378617837838,306.501538918919,85.418539672973
354720241891,354720675000,433109,489.424577037037,307.561352592593,87.7832544637037
354720708509,354721358409,649900,577.105181,304.8569495,87.693264879
354721391655,354722291642,899987,667.036355636364,311.513141818182,90.0949839845455
354722325189,354722791647,466458,750.496962758621,296.053157241379,90.1639479048276
354722824957,354723208387,383430,858.8455175,288.2278375,89.4668510708333
354723241727,354723524926,283199,888.812361111111,283.581291111111,89.2898708988889
354723608343,354724441635,833292,390.816283137255,330.980561568627,90.8332792360784
354724474877,354725241592,766715,449.430385106383,322.461921276596,87.3679187642553
354725274747,354726241555,966808,527.440059661017,318.011928813559,88.6571131366102
354726274749,354726724834,450085,592.842512142857,310.783343571429,88.2256922996429
354726758044,354727158037,399993,671.4086424,308.7460216,85.6322599356
354727191403,354727524693,333290,707.200565714286,319.048373333333,89.6567260466667
354727558053,354727974611,416558,618.764225384615,319.338891538462,96.6202802123077
354728008147,354728574636,566489,722.289521714286,311.597311428571,96.4331922714286
354728608109,354728874625,266516,800.339867058824,312.758581176471,95.8693592976471
354728908149,354729324688,416539,889.302306153846,295.467524615385,95.5668196138461
354729408073,354730207982,799909,390.1934744,348.3350612,103.0397610832
354730241301,354730841336,600035,433.920867027027,358.236314054054,103.539808674324
354730874503,354731624719,750216,527.611704782609,344.256707391304,102.76574504
354731657901,354731907907,250006,583.402670909091,356.182812727273,102.840909725455
354731941201,354732374506,433305,632.840866666667,344.253661481482,99.0947327466667
354732407885,354733157792,749907,732.876645652174,342.638158695652,92.8676887415217
354733191159,354734574387,1383228,821.563583809524,335.388666904762,92.2252026228571
354734607780,354734891020,283240,891.475472222222,331.271743333333,89.34876848
354734991019,354735457701,466682,371.579788275862,372.51491862069,90.2300709075862
354735491028,354736674244,1183216,428.237601944444,376.6140125,87.6603644504167
354736707656,354737507624,799968,507.706024897959,366.652977959184,86.9277459593877
354737541221,354738657574,1116353,598.974345294118,367.556678529412,95.6500740805882
354738690786,354739290772,599986,656.920317837838,385.746076756757,94.1618554135135
354739324180,354739974105,649925,753.810269,365.2478135,88.9814304185
354740007507,354740107473,99966,847.402823809524,357.995460952381,91.3532920314286
