"start","end","dur","x","y","pupil"
79793724816,79793841537,116721,466.07617,167.079496666667,195.451982525
79793958161,79794141348,183187,517.051693333333,198.233256666667,191.752530548333
79794174882,79794279874,104992,471.312197142857,76.2967914285714,191.786141197143
79794308085,79794641365,333280,397.23614,19.5189419047619,190.564786570952
79794678047,79794941401,263354,506.635103529412,25.9344129411765,187.673799210588
79794975044,79795641358,666314,550.848238048781,24.3795248780488,199.888758766098
79795678102,79795957988,279886,539.390502222222,26.6592277777778,198.322193416111
79795991300,79796241228,249928,613.5517025,28.26905375,199.255634080625
79796277506,79796774875,497369,677.127850967742,93.5652548387097,206.035160832258
79796808149,79797124649,316500,644.287485,64.12886,201.634415764
79797157892,79797307965,150073,699.34651,105.248732,196.475765119
79797341232,79797691369,350137,785.235456363636,108.095543636364,196.243238139545
79797824507,79797957895,133388,416.214433333333,110.482648888889,195.251522913333
79797991306,79798957896,966590,399.047091864407,106.186911864407,187.674692576949
79798991355,79799674582,683227,478.756990952381,106.36663047619,183.34784746119
79799791486,79800124416,332930,579.613248571429,107.250617142857,180.986026628571
79800157772,79800991094,833322,656.373403137255,101.011228235294,174.202196921961
79801024401,79801291063,266662,611.715364705882,45.0920952941176,172.492646234706
79801324400,79802407976,1083576,695.245516666667,98.7150393939394,180.078007875909
79802440997,79802924288,483291,792.095485333333,102.578394,179.945537060333
79803091105,79803190956,99851,488.120374285714,137.132242857143,181.567864015714
79803224270,79803490973,266703,373.072385882353,151.443683529412,185.740539495882
79803607935,79803757649,149714,413.043886,155.490104,170.494984547
79803791277,79804340887,549610,528.05693,146.891011176471,172.856031826471
79804377652,79804740858,363206,399.965536521739,128.83281826087,172.034633868696
79804791177,79805091159,299982,648.273293684211,138.401035789474,174.861948123684
79805124121,79805407583,283462,727.401667777778,118.507705555556,176.033102267222
79805440878,79806007591,566713,772.271304,129.262860571429,177.067639999143
79806040767,79806140737,99970,849.224774285714,120.984891428571,175.546588111429
79806207736,79806307779,100043,422.277877142857,143.564082857143,183.66340895
79806340746,79806624168,283422,357.030036666667,151.911878888889,190.519345802778
79806657522,79807274266,616744,452.502065789474,168.440336842105,189.536165109211
79807307456,79807590825,283369,590.389773333333,164.800251111111,184.305739677222
79807624005,79807977579,353574,602.777491818182,123.876065454545,182.258691786364
79808007464,79808357406,349942,697.722953636364,101.020896363636,179.307755545
79808407605,79808590699,183094,413.829468333333,99.29398,183.720931031667
79808624048,79809123991,499943,419.916794193548,111.08036516129,182.782388132903
79809157385,79809824003,666618,447.818621463415,162.645061463415,184.874392272927
79809857280,79810990548,1133268,474.239351304348,149.317015072464,183.041557633913
79811023918,79811407386,383468,589.969488333333,157.1511525,177.063054459167
79811577303,79811723901,146598,653.60183,138.303778,173.172200118
79811757150,79812140486,383336,719.903709166667,141.170265833333,171.908333375833
79812174017,79812490864,316847,821.814573,132.357393,161.6513169305
79812557134,79812840493,283359,375.917544444444,162.210955555556,168.651538108889
79812876155,79813390483,514328,432.550375625,172.147168125,172.712483089375
79813423778,79813840393,416615,550.211639230769,178.632295384615,174.284039342308
79813878235,79814290483,412248,635.132216153846,168.376543076923,172.51447591
79814323751,79814757032,433281,671.253512592593,173.893136296296,172.520015102593
79814790450,79815290486,500036,812.236463225806,171.026465806452,171.614153163871
79815357029,79815540355,183326,421.053265,187.038575,184.950971009167
79815577146,79815907081,329935,396.094808571429,200.178080952381,193.488691571905
79815940247,79816207342,267095,474.384085882353,208.689407058824,186.805582394706
79816240246,79816823670,583424,542.324055,208.589188333333,187.642789169444
79816856902,79817290330,433428,535.371611851852,204.174874074074,185.420653475926
79817323652,79817890345,566693,641.48526,187.321269714286,180.525135846857
79817923504,79818090348,166844,667.308365454546,193.042281818182,177.998194875455
79818240250,79818423754,183504,650.044475,218.382623333333,181.379316595
79818456891,79820140112,1683221,646.370460196079,197.064117843137,176.898171901667
79820177839,79821023414,845575,723.461338076923,187.360245,176.624587381154
79821056770,79821606841,550071,767.726961428571,196.912554285714,179.221751620714
79821639981,79822056649,416668,824.236872307692,192.393718461538,175.063111387692
79822123416,79822256641,133225,414.7291,214.534613333333,177.823593521111
79822290086,79822956645,666559,381.274205365854,218.930019512195,180.582447716341
79822990066,79823473515,483449,519.768102666667,217.041419333333,182.251700050667
79823506714,79823956648,449934,606.662700714286,221.030055714286,178.070149201071
79823989983,79824489974,499991,729.097310967742,207.389215483871,177.17671463129
79824523289,79824789951,266662,767.921382352941,208.151971764706,174.582362644118
79824839860,79824989979,150119,816.181776,211.280588,174.092934432
79825073431,79825756519,683088,400.885775714286,227.861814761905,178.728211628095
79825789882,79826323166,533284,524.23185030303,230.686877575758,173.385613545455
79826356521,79827023152,666631,597.649030243902,233.20246097561,170.029447603171
79827056406,79827323129,266723,707.334616470588,224.292823529412,174.259335964118
79827356402,79828078372,721970,781.038856363636,228.009823636364,178.535687099773
79828156407,79828306713,150306,435.345476,249.299742,189.928538327
79828339725,79829156398,816673,400.6220716,249.351106,178.2377440646
79829189669,79829656281,466612,512.906291304348,246.211705217391,173.508276692174
79829689713,79830206342,516629,623.264418125,245.361544375,175.07524528125
79830239600,79830922905,683305,703.052238571429,242.234421428571,169.412679673095
79830956298,79831539506,583208,804.367586111111,242.698058333333,169.532903365
79831606360,79831739480,133120,435.695128888889,255.728411111111,180.208381353333
79831773096,79832006225,233129,373.263364,267.372613333333,180.028330262
79832156158,79832606193,450035,405.9593,279.519040714286,176.617448831786
79832639513,79832989577,350064,491.734675454545,268.411670909091,168.204799447273
79833022771,79833239494,216723,612.143114285714,268.138417142857,170.340685882143
79833272960,79833656130,383170,677.710329166667,265.228196666667,173.283644820417
79833689469,79834322797,633328,758.926503589744,271.855411282051,172.787199090769
79834356023,79834539361,183338,842.3059,266.664305,173.4791288175
79834606194,79834780285,174091,449.598750909091,284.630901818182,180.035409143636
79834806222,79835356027,549805,377.538929411765,284.523162352941,176.019789842353
79835389455,79836006098,616643,492.41461,284.937979473684,173.647509698684
79836039274,79836855909,816635,563.053970454545,292.184302727273,186.508476555682
79836889356,79837489338,599982,622.137727027027,283.092608648649,182.291347028919
79837522620,79838139245,616625,551.262026842105,287.806236842105,189.642867049737
79838178315,79838472722,294407,629.242896842105,295.813885263158,192.50696138
79838505991,79838755909,249918,720.01136375,297.14980375,189.800454809375
79838789195,79839155928,366733,569.240419130435,308.486000869565,194.655574527826
79839189205,79839373201,183996,526.777855,299.129826666667,194.179375326667
79839405870,79839622543,216673,651.09676,292.79058,188.758457665
79839655767,79840322385,666618,784.236634146342,277.607111219512,184.28251329439
79840355767,79840678092,322325,778.258437,296.940762,180.400098866
79840705879,79841605840,899961,842.706469818182,288.393085090909,176.744194352364
79841677711,79841789099,111388,446.621705,301.5711675,191.50173138375
79841822385,79842689073,866688,389.781304528302,312.349504150943,179.509871244717
79842780597,79843077148,296551,765.656321052632,292.618130526316,173.082331173684
79843105711,79843477367,371656,824.456246086957,293.629826086957,175.173548211304
79843522273,79843678137,155864,571.369316,310.50782,185.317439813
79843705710,79843955647,249937,504.283415,313.5454325,186.55815001125
79844088923,79844472472,383549,561.161799166667,319.870300833333,178.83982441625
79844505860,79844905746,399886,671.5589672,313.7239344,171.4187800284
79844978322,79845305592,327270,797.191931428571,303.863853333333,174.151688004286
79845338859,79845789087,450228,833.53312,301.112772857143,171.962944383214
79845855536,79846291359,435823,387.153567407407,321.177862222222,179.331186604444
79846322178,79846738722,416544,415.633762307692,325.97558,175.553909137308
79846779570,79847505508,725938,538.599396,328.244116444444,179.989867375556
79847538752,79848072195,533443,592.939177575758,330.56318969697,178.157020227576
79848288918,79848905625,616707,616.587612631579,343.217382631579,176.813783495263
79848938596,79849622011,683415,716.328890476191,327.394471428571,179.209789130476
79849655288,79850455329,800041,823.048333469388,330.140819183673,187.724212187551
79850488691,79850588730,100039,877.760788571429,345.000671428571,188.521827067143
