"start","end","dur","x","y","pupil"
367643800072,367643983425,183353,549.873758333333,491.769371666667,98.384892875
367644133307,367644249922,116615,522.6164525,241.62344,94.61911620125
367644299977,367644616776,316799,440.902427,114.540765,91.2542808595
367644649952,367644933331,283379,412.568887777778,59.6728488888889,99.5871164583333
367644966516,367645266560,300044,503.170934736842,49.3886273684211,112.815609923158
367645300176,367645449897,149721,604.983896,44.089822,114.405357112
367645483350,367645900783,417433,697.307202962963,31.0040962962963,117.910534632593
367645949915,367646166536,216621,417.69278,24.2086028571429,118.334106857857
367646383268,367647566380,1183112,393.381835,152.246205833333,109.101272408056
367647600040,367647966420,366380,485.570031304348,151.86107826087,98.5322866321739
367648000082,367649083188,1083106,499.944099393939,139.977529393939,94.7423577359091
367649116442,367649733062,616620,598.053088947368,138.306729473684,91.355062265
367649766416,367650616506,850090,550.858011153846,142.102830384615,93.0641008403846
367650649680,367651032895,383215,624.315319166667,137.847435833333,93.4790001729167
367651066284,367651299800,233516,707.095645333333,141.400797333333,94.535069236
367651332884,367652366147,1033263,803.664322758621,131.946581724138,92.7975913724138
367652399604,367653132742,733138,875.739919111111,139.125006666667,92.8100110962222
367653216190,367653333106,116916,431.32752,167.597215,95.67733623875
367653366148,367653716203,350055,380.966419090909,168.069229090909,94.0435366318182
367653749513,367654083215,333702,439.969672380952,161.294798095238,97.952386442381
367654116353,367654632799,516446,540.31320125,157.363474375,97.6259749121875
367654666131,367655516063,849932,670.729862307692,149.588120384615,93.8600452923077
367655549433,367656199365,649932,759.141223,144.2679375,95.171814415
367656232677,367657382736,1150059,833.348127142857,136.891862571429,94.315812196
367657582790,367658282647,699857,410.933810697674,194.267084186047,97.4344651037209
367658315981,367659149185,833204,484.44134627451,168.636850196078,100.710862910784
367659182667,367659465941,283274,610.020233333333,160.042068888889,100.524440767222
367659499408,367659999197,499789,677.743074193548,160.515070967742,99.0556802612903
367660082645,367660216030,133385,602.999871111111,151.184615555556,98.3650100411111
367660249168,367660582603,333435,537.337538095238,164.166872380952,100.336163287143
367660615867,367660815854,199987,635.195686153846,172.285826153846,97.9412590353846
367660849147,367661265811,416664,707.458546153846,167.627142307692,94.1784410211538
367661299327,367661915865,616538,818.77570631579,153.101612105263,92.5941359923684
367661949053,367662299105,350052,880.625102727273,140.443721818182,90.1782686831818
367662382519,367662599077,216558,398.8588,191.804447142857,96.2751367314286
367662632441,367663065675,433234,420.497122222222,214.481379259259,96.9065421059259
367663099183,367663549075,449892,499.089247142857,199.580929285714,92.8706736635714
367663582356,367664248926,666570,575.243366341463,196.003889756098,89.1599610378049
367664299111,367664482425,183314,780.86643,162.382201666667,90.596344725
367664515770,367664883036,367266,877.273706086957,153.143244347826,88.8277441117391
367664965940,367665482738,516798,423.2604525,202.348580625,92.940966663125
367665548925,367665932149,383224,561.41526625,198.00727625,89.86331738875
367665957205,367666482255,525050,664.250905882353,196.090827058824,91.1383095564706
367666515629,367667082311,566682,725.998732571429,194.366325714286,87.4214677962857
367667115590,367667532181,416591,819.419770769231,192.446781538462,85.1489384196154
367667565422,367668048792,483370,891.831835333333,180.949149333333,84.6645081776667
367668098833,367668198823,99990,762.564922857143,185.315314285714,87.8445775414286
367668232072,367669598800,1366728,724.772551566265,183.294674939759,87.5103839437349
367669632071,367670032087,400016,661.14302,188.028368,88.5797542656
367670065294,367670165293,99999,810.45108,186.635894285714,88.8578671885714
367670198709,367670665287,466578,879.988037931035,177.892315172414,85.734176237931
367670748666,367671265306,516640,392.987933125,218.153176875,88.7535459375
367671298902,367671748535,449633,493.815207142857,232.990480714286,91.0932875610714
367671782030,367672381966,599936,574.270215135135,231.788357837838,89.635846917027
367672415246,367672765168,349922,663.847645454545,195.592012727273,86.9362070404545
367672798707,367673248517,449810,737.534562857143,194.242065,88.6551566442857
367673281907,367673981913,700006,819.280551627907,200.583509302326,88.0767939590698
367674015233,367674898611,883378,894.753605555556,197.670537037037,85.1201724098148
367674981889,367675115154,133265,441.737897777778,229.178926666667,90.5008572622222
367675148402,367675931676,783274,391.996538333333,246.7738275,90.1155313791667
367675965048,367676431693,466645,489.067440689655,248.989793103448,88.3444415755172
367676465040,367677065069,600029,602.271314054054,242.229234054054,89.2648277394595
367677098489,367677548305,449816,696.81365,232.271067857143,85.6659776339286
367677581676,367677781783,200107,745.821761538461,198.449978461538,85.7474476130769
367677814987,367678398357,583370,878.095646111111,213.348387222222,84.2991554611111
367678481638,367678614991,133353,427.963704444444,244.360095555556,88.5519385433333
367678648278,367679181659,533381,393.403212727273,267.229303636364,90.5815765575758
367679214970,367679581662,366692,493.837951304348,275.374140869565,89.7373633078261
367679615000,367680148145,533145,599.381496969697,256.778632121212,89.5127682766667
367680181636,367680898334,716698,706.560773636364,257.048832727273,84.8934384245455
367680931436,367681364814,433378,779.417482962963,241.821558518519,82.909595377037
367681398196,367681931435,533239,865.665269090909,248.398763636364,84.833112299697
367681964799,367682164677,199878,886.901358461539,209.32764,84.7704510784615
367682264653,367682415112,150459,433.89974,277.043158,90.692518324
367682448016,367682898188,450172,375.274915,286.380567857143,90.8529626392857
367682931431,367684047915,1116484,455.041225294118,286.200825,89.6345660191176
367684081420,367684214737,133317,505.666908888889,291.260757777778,93.0111211955556
367684247895,367684764923,517028,399.448335,278.715225,92.112456156875
367684797970,367684981302,183332,373.160675,238.397823333333,90.1900578066667
367685198072,367685681310,483238,465.899938709677,272.763960645161,94.6382763922581
367685714684,367686214908,500224,537.47754875,288.71537875,89.6483859503125
367686247900,367687514506,1266606,630.696068461539,272.288826923077,86.3201802523077
367687547783,367687697830,150047,545.641242,272.89333,88.480885274
367687731189,367688114614,383425,717.267430833333,249.979979166667,84.0215851229167
367688147746,367688631059,483313,663.182717333333,251.268771333333,85.2123884326667
367688664476,367689297817,633341,718.302300512821,251.755682051282,84.184126371282
367689331026,367689647652,316626,561.633227,257.658851,86.3181848575
367689697797,367690047697,349900,440.568992727273,251.551885454545,89.3279065136364
367690081222,367690197703,116481,556.5185225,260.2075125,90.27758175
367690231061,367690814385,583324,599.862907222222,260.974847777778,92.6198558972222
367690864388,367691030937,166549,763.938818181818,231.158294545455,90.2697542836364
367691064305,367691164294,99989,818.911902857143,217.353802857143,90.2341771785714
367691197708,367691514370,316662,894.020729,220.121248,91.6878083555
367691597678,367692014381,416703,416.463908461538,263.568643076923,96.26512136
367692064183,367692414466,350283,592.51512,247.823798181818,95.2791969759091
367692447557,367692930772,483215,534.285652,238.879854,95.0420506713333
367692964133,367693230747,266614,680.265894117647,239.249534117647,93.5957504617647
367693264134,367693530765,266631,785.503796470588,233.268932941176,92.8817692741176
367693564193,367693864186,299993,823.287890526316,203.83394,94.4385009221053
367693914461,367694114256,199795,558.061352307692,256.136626153846,96.2357119823077
367694147401,367694480918,333517,470.23528,262.89942,99.6779479761905
367694514208,367694730797,216589,421.966454285714,259.478318571429,102.518707681429
367694764039,367695047456,283417,507.060094444444,253.918293333333,102.903164272222
367695080879,367695247392,166513,606.930470909091,270.486681818182,103.990658206364
367695280889,367695830672,549783,735.677547058824,259.643102352941,100.593919514706
367695864064,367696264045,399981,855.6712792,249.246924,95.0967364056
367696297347,367696580780,283433,890.633363333333,239.823056666667,91.113515015
367696664039,367697263921,599882,399.184792432432,287.301389189189,94.5276919943243
367697298870,367697947283,648413,469.716466,299.746633,97.04665013875
367697980622,367698414223,433601,585.917413333333,284.142375555556,95.3270173803704
367698447258,367698714141,266883,591.749136470588,288.107348235294,95.1469689964706
367698747160,367699063935,316775,479.307984,285.216751,93.75539725
367699097308,367699897206,799898,414.29188,304.394399183673,93.5677990279592
367699930569,367700330580,400011,520.7474528,302.2946528,97.1393242228
367700363824,367700580507,216683,612.074971428571,292.177888571429,94.4601952578571
367700614576,367701163802,549226,710.252234705882,255.645855294118,92.6310052961765
367701197084,367701397237,200153,569.512767692308,256.222344615385,91.8266392646154
367701430442,367701830422,399980,492.8278632,262.038208,95.4889780328
367701863804,367701963839,100035,569.577968571429,293.486291428571,92.1236829585714
367701997113,367702380647,383534,670.314151666667,275.497995,94.4981154191667
367702414152,367702830422,416270,709.922436153846,270.171062307692,91.2853555438462
367702863680,367703113750,250070,667.8125325,266.93082375,90.056380070625
367703147013,367703530309,383296,752.14323,272.550161666667,89.7510001545833
367703563695,367704213741,650046,841.6040395,257.790859,88.1493366775
367704246894,367704413737,166843,896.547212727273,257.884447272727,88.1765217572727
367704480462,367704597068,116606,438.748605,291.0784375,93.158776245
367704630307,367705230303,599996,401.26262,316.316474054054,94.9012884281081
367705263548,367706013834,750286,516.043427391304,314.02185173913,97.4349037767391
367706046907,367706380305,333398,604.485487619048,289.964582857143,97.9992635761905
367706414252,367706913620,499368,681.074435483871,288.864027741936,92.9503545158065
367706946785,367707546804,600019,773.591352972973,291.503955135135,89.7226661491892
367707580247,367708013719,433472,858.83257037037,288.536322962963,88.747963977037
367708080130,367708296829,216699,563.481594285714,299.775118571429,88.2203481007143
367708330056,367708746637,416581,556.495707692308,298.862566923077,91.9793732407692
367708780183,367709213522,433339,429.142545925926,295.504671111111,90.4384723392593
367709246659,367709430055,183396,473.983123333333,273.84774,91.4708688983333
367709496697,367709696841,200144,785.127776923077,287.631573846154,88.4659789707692
367709730022,367710196879,466857,882.088670344828,293.909266896552,85.9107773796552
367710263298,367710363293,99995,441.905048571429,320.608782857143,86.3371681757143
367710396721,367710980043,583322,392.750868333333,311.647174444444,89.2568308125
367711013373,367711496675,483302,454.528181333333,314.992792666667,90.5097743376667
367711529939,367712229951,700012,450.397164651163,327.332320930233,92.9424863909302
367712263186,367712763171,499985,525.923906451613,315.163832258065,93.9548897796774
367712796732,367713513220,716488,591.453218181818,321.541732272727,92.2521382072727
367713546563,367714079890,533327,673.731296363636,318.05327030303,91.4844766851515
367714113883,367714813089,699206,798.819589302326,310.055365581395,90.4822241248837
367714846391,367715263046,416655,878.228875384615,304.435023846154,90.9638454792308
367715329663,367715446407,116744,431.7879175,343.25824,95.859712985
367715479793,367715996459,516666,398.975875,347.10330875,96.3106758340625
367716029699,367716296341,266642,507.877848235294,348.048165882353,99.1350266976471
367716329696,367716813108,483412,606.226502,344.494727333333,98.3880454633333
367716846661,367717146295,299634,694.450648421053,332.5105,96.0128444973684
367717179782,367717629697,449915,790.892691428571,336.799684285714,90.6609628717857
367717662925,367717980202,317277,656.409861,336.610692,92.5846893345
367718013174,367718513010,499836,859.753108387097,324.819007096774,91.218752293871
367718546393,367719362927,816534,889.0077636,323.313452,90.621403469
367719396215,367719579675,183460,757.263053333333,337.471205,92.6820000341667
367719646162,367719746158,99996,427.740051428571,362.370197142857,94.92209716
367719779694,367720079728,300034,375.165018947368,367.409281052632,93.7929538836842
367720112849,367720562810,449961,454.772742142857,361.650166428571,93.3697461475
367720596312,367721246059,649747,554.651397777778,370.762393888889,93.2951777997222
367721279525,367721879679,600154,660.948415675676,368.856801081081,88.5902383216216
367721912738,367722412872,500134,769.405312903226,368.392492258065,87.3834645564516
367722446019,367722762673,316654,866.253061,343.465442,88.7677440315
367722796218,367722946031,149813,713.073136,347.57244,95.355719791
367722979415,367723479823,500408,655.283095483871,345.248839354839,96.8263689219355
367723512722,367723796142,283420,792.889925555556,344.77874,92.4040573477778
367723829297,367724195977,366680,881.050863478261,338.906312173913,90.1460644343478
367724262677,367724429324,166647,621.002341818182,366.828249090909,92.3180659136364
367724462561,367724562555,99994,481.864725714286,376.336011428571,93.4509547614286
367724595955,367724912615,316660,401.409934,357.274342,94.694137463
367725012599,367725212613,200014,465.656889230769,352.212746153846,94.7044952723077
367725245917,367725529163,283246,558.547978888889,356.482151111111,95.7267496361111
367725562552,367726029193,466641,660.413446206897,364.907594482759,91.1692996958621
367726062909,367726495849,432940,746.472105185185,374.465042222222,90.5717489733333
367726529202,367726762618,233416,674.63246,358.131848,91.291469288
367726795925,367726912496,116571,563.69445,360.318875,92.3481791925
367726962429,367727112481,150052,512.299046,165.556448,88.480312736
367727145778,367727345780,200002,441.862346153846,148.126383076923,88.3322784069231
367727379288,367727512498,133210,373.497048888889,125.07042,90.96200187
367727729050,367727962436,233386,713.514433333333,103.687149333333,92.2550958633333
367727995841,367728395829,399988,596.5568512,123.1652064,95.3448221104
367728429052,367728729064,300012,583.117047368421,131.925632631579,93.2050039210526
367728779470,367728945637,166167,758.684930909091,109.498821818182,90.9976161109091
367728979330,367729179919,200589,853.739144615385,98.8795723076923,90.3902439346154
367729212492,367729329066,116574,878.2097325,131.61423,92.39412536125
367729412372,367729629049,216677,406.748391428571,164.664854285714,95.2358120371429
367729662299,367729845653,183354,372.83486,166.026741666667,96.9668352641667
367729879167,367730112348,233181,471.745958666667,135.320096,99.7235387066667
367730145651,367730379054,233403,560.620602666667,144.381694666667,96.5389008846667
367730412372,367730979345,566973,665.652424,134.616304,93.5718371788571
367731012338,367731512367,500029,551.734641935484,153.496778064516,93.4886555212903
367731545534,367731745534,2e+05,756.497607692308,164.513773846154,93.7882436707692
367731779403,367731879055,99652,830.304491428572,150.45552,96.0472632057143
367732045519,367732228953,183434,486.659706666667,89.0867233333333,95.8804262541667
367732262181,367732428946,166765,447.5206,130.545247272727,95.6811214354545
367732479611,367732845545,365934,695.239454782609,180.420394782609,97.340526026087
367732878961,367733195588,316627,651.913356,184.118742,98.468581746
367733228803,367733545433,316630,776.067326,166.441714,93.939922545
367733579043,367733979558,400515,854.219624,179.105664,92.1023742612
367734112307,367734262175,149868,434.887602,199.093444,93.990475388
367734295470,367734545391,249921,371.69660375,183.64970625,94.60033615625
367734579035,367734928836,349801,505.038999090909,198.95173,97.04977501
367734962054,367735312106,350052,592.005557272727,195.420887272727,97.8151464904545
367735345396,367735745395,399999,699.0351448,189.3686288,95.4363767272
367735778811,367736128707,349896,817.307782727273,167.686313636364,92.1302349495455
367736162061,367736345262,183201,857.527101666667,182.460601666667,91.928306725
367736412262,367736695342,283080,448.138546666667,218.579814444444,93.0890217716667
367736828680,367737078960,250280,719.61460625,189.1053625,95.126212025
367737112022,367737412005,299983,792.960009473684,186.015084210526,94.4801316573684
367737528658,367737695359,166701,553.27086,205.136169090909,91.2738622763636
367737728559,367737912112,183553,452.954488333333,227.79563,93.264675805
367737945282,367738212101,266819,406.071198823529,230.527538823529,95.2745107958823
367738245271,367738395342,150071,507.435958,237.221354,97.539356863
367738428581,367738961933,533352,611.880534545455,223.778803030303,97.2211602048485
367738995281,367739428562,433281,705.015058518519,211.413063703704,94.0472463555556
367739461930,367739878680,416750,781.801481538462,198.266187692308,90.2014367292308
367739912141,367740261812,349671,868.904632727273,220.762816363636,88.6200996540909
367740345143,367740511844,166701,427.883216363636,231.687921818182,91.0299312981818
367740545168,367740995178,450010,363.281348571429,219.826322857143,92.6361742939286
367741028411,367741445033,416622,461.999786923077,244.676432307692,91.1674884792308
367741478782,367742228454,749672,559.592656521739,245.514759130435,89.0644319215217
367742261677,367742395667,133990,716.523228888889,250.967244444444,90.2696316922222
367742461679,367742611893,150214,817.793972,238.498758,87.130190745
367742645030,367743095279,450249,879.714202857143,230.146187142857,88.3617035182143
367743161679,367743262042,100363,452.86074,257.579837142857,92.0429044857143
367743295194,367743711766,416572,360.201993846154,250.238113846154,93.0265202073077
367743744900,367743928347,183447,440.331286666667,239.411201666667,97.5966875425
367743961709,367744761557,799848,580.216575510204,226.324330612245,95.0789533867347
367744861560,367745044900,183340,460.65797,241.489273333333,92.37945438
367745078432,367745544902,466470,379.079506206897,237.46008137931,92.892594992069
367745579121,367745879163,300042,471.541191578947,241.932146315789,95.2504304663158
367745911625,367746528176,616551,585.401797894737,249.287949473684,93.1988913555263
367746561562,367746828206,266644,670.811427058824,238.496322352941,92.6755294235294
367746861428,367747278830,417402,762.421803076923,241.328481538462,90.9212080469231
367747344798,367747544774,199976,924.154481538462,377.365786153846,87.4637518284615
367747879110,367747978209,99099,5.52327428571429,-88.8120257142857,89.8482618928571
367748516823,367749216588,699765,891.943552093023,344.631593488372,100.425384502558
367749249806,367749349853,100047,905.169645714286,384.952962619048,103.609319731429
