"start","end","dur","x","y","pupil"
7950670808,7950804191,133383,652.594937142857,367.025462857143,199.004799414444
7950836988,7951004159,167171,639.258365,491.563578333333,199.809604368333
7951187383,7951287514,100131,422.261534285714,193.751911428571,203.834268451429
7951454361,7951554238,99877,346.386202857143,154.36322,193.778425731429
7952437489,7952620878,183389,-2,-90.47488,255.222360809167
7952737462,7952937450,199988,603.894401428571,103.925511428571,230.378049817857
7952987355,7953254217,266862,390.001724705882,75.5608929411765,238.276831038824
7953304030,7953437960,133930,681.554662222222,90.7107844444445,237.976388501111
7953487375,7953604049,116674,822.0929375,79.720925,233.14459337875
7953687214,7953837518,150304,422.502202,135.949394,244.470727388
7953870653,7954087231,216578,409.449348571429,203.85865,243.608584522143
7954204023,7954304031,100008,490.097648571429,199.836294285714,238.437843935714
7954337361,7954837306,499945,535.870316774194,167.448947096774,238.127559598065
7954870654,7955337324,466670,626.627890344828,173.514024137931,232.067604073793
7955587245,7955687248,100003,781.514557142857,409.275417142857,219.402571515714
7955754117,7955987617,233500,766.467933333333,180.203290666667,222.460676096
7956025825,7956270521,244696,789.0100925,167.65948625,220.563256543125
7956303898,7956403931,100033,911.459374285714,154.805002857143,217.030158507143
7956487130,7956687095,199965,406.228269230769,184.114463076923,224.305202399231
7956725633,7956837244,111611,392.0507,207.96244,223.62587227125
7956870657,7957203773,333116,482.253214285714,219.745885714286,218.408644684762
7957237236,7957503781,266545,538.012181176471,239.310368235294,217.237852777647
7957537193,7957787115,249922,501.710515,185.8358375,217.238726285625
7957825487,7958003772,178285,618.262645,208.370435,213.681474868333
7958037311,7958387122,349811,717.073117272727,200.160568181818,207.645212969545
7958420531,7958653825,233294,812.811349333333,190.785864,199.678794078
7958686990,7958825844,138854,880.365071111111,184.176155555556,197.001879703333
7958887001,7959137092,250091,408.208045,210.2783675,205.780217478125
7959453799,7959637072,183273,628.71763,221.211081666667,199.694810145
7959670410,7959837074,166664,721.99914,207.985423636364,203.642342602727
7959870480,7959970394,99914,837.736877142857,210.341168571429,183.005971277143
7960426489,7960653952,227463,302.468357333333,402.829465333333,220.169943034667
7960737077,7960937054,199977,355.907583076923,215.071347692308,221.500395586923
7960987032,7961103653,116621,516.017245,231.893775,221.94735035375
7961136938,7961286858,149920,587.746926,252.225212,225.666784267
7961320578,7961770287,449709,697.577945,255.516941428571,231.918603327143
7961803646,7962053587,249941,832.2166,252.667315,226.42318235875
7962086866,7962203518,116652,900.8590375,263.24128,221.15267003
7962286880,7962420406,133526,399.562548888889,349.838548888889,229.414733323333
7962453779,7962553589,99810,355.311002857143,355.157362857143,233.274252067143
7962586894,7962736944,150050,429.22057,223.920868,234.676265508
7962770282,7962953704,183422,494.014098333333,247.496828333333,228.8848434875
7962986853,7963225683,238830,598.968301333333,263.407242666667,228.439735883333
7963303532,7963725050,421518,472.589947692308,261.290993076923,227.15548356
7963753601,7964070161,316560,581.101059,271.346158,220.7364798495
7964103532,7964286762,183230,681.091755,272.763263333333,219.263924219167
7964325686,7964953561,627875,778.634568205128,262.827781025641,217.650529152051
7964986738,7965553674,566936,901.378870857143,257.464082285714,213.150572438857
7965586759,7966786597,1199838,753.258068219178,259.007840821918,216.745798744247
7966903403,7967022513,119110,560.542695,264.776225,219.31965087
7967053340,7967353450,300110,475.407795789474,258.57452,220.821111798421
7967436700,7967803281,366581,618.532293913044,273.164951304348,218.665520016522
7967869897,7968053529,183632,823.770575,268.732791666667,216.840105973333
7968086617,7968320106,233489,907.366094666667,255.85114,217.508343709333
7968420059,7968669884,249825,409.30755375,352.71746375,219.193606951875
7968703279,7968836726,133447,433.32024,268.650946666667,218.310344734444
7968869939,7969103305,233366,517.635085333333,272.978282666667,220.263618191333
7969136605,7969353437,216832,613.930594285714,286.055001428571,221.603510339286
7969386472,7969486520,100048,700.780457142857,278.6669,220.639558224286
7969522451,7969736563,214112,888.200654285714,241.817488571429,218.662127132857
7969769916,7969903150,133234,689.599306666667,267.314408888889,224.123049951111
7969936576,7970236601,300025,665.065638947368,274.77746,224.266374381053
7970269896,7970686466,416570,791.980595384615,267.671221538462,218.064636790385
7970726199,7970903153,176954,858.381696666667,259.303413333333,215.981444393333
7970986502,7971086469,99967,385.595894285714,404.174748571429,222.666712101429
7971126611,7971269790,143179,344.5831,443.76418,222.094310701
7971486411,7971870180,383769,571.975670833333,323.2463975,228.644364035417
7971903146,7972153128,249982,653.72718375,309.34389875,222.541759374375
7972186372,7972386365,199993,473.566913846154,310.851416923077,218.600442980769
7972436464,7972669784,233320,347.126109333333,208.581682666667,219.474799677333
7972703041,7972986353,283312,425.478265555556,293.666894444444,217.917232328889
7973022729,7973153086,130357,580.087028888889,304.492371111111,218.965794513333
7973224974,7973353090,128116,783.538255555556,287.572413333333,218.803399305556
7973486398,7973669655,183257,596.220376666667,293.307218333333,219.9001570125
7973703022,7973969727,266705,538.589514117647,308.313705882353,221.947334852353
7974003033,7974253118,250085,464.91896875,313.559145,216.069811101875
7974319873,7974503042,183169,784.012893333333,280.634366666667,217.028749145
7974536336,7974686240,149904,827.683116,268.997316,216.361250665
7974725806,7975225891,500085,680.661869032258,283.452195483871,221.453439506452
7975253104,7975522133,269029,743.351131764706,284.136931764706,219.704246762941
7975552935,7975802903,249968,812.47532625,272.56971125,219.016491221875
7975836292,7976086288,249996,742.9482875,285.98526875,224.198855171875
7976119701,7976269504,149803,846.645282,277.683668,225.607046068
7976469549,7976569566,100017,388.424954285714,548.431348571429,221.892078942857
7976636200,7976736232,100032,420.526394285714,315.857042857143,218.754013441429
7976786101,7976926305,140204,471.1217,453.836886666667,218.119057514444
7976953158,7977103043,149885,516.196882,334.112986,216.934563439
7977136194,7977286130,149936,469.201396,330.229124,214.856126392
7977319656,7977552835,233179,634.230462666667,326.729774666667,216.736681564
7977586120,7977752834,166714,728.482607272727,313.413336363636,219.275498388182
7977786134,7978086118,299984,816.95528631579,302.445745263158,217.962226913158
7978119528,7978522893,403365,704.600656,325.4654296,222.3612286872
7978552839,7978985999,433160,814.923833333333,320.235833333333,216.483216264444
7979085989,7979419519,333530,722.117866666667,327.725756190476,221.564448760476
7979452957,7979669438,216481,860.646814285714,320.877972857143,215.609378175714
7980102673,7980319678,217005,414.145635714286,354.960645714286,223.983496652857
7980386008,7980602658,216650,314.458781428571,172.256657142857,222.184887729286
7980785991,7980985978,199987,897.117370769231,294.187770769231,218.163344238462
7981052933,7981319571,266638,575.694589411765,350.712025882353,231.945235791176
7981352880,7981552678,199798,603.809126153846,349.762290769231,234.448770006923
7981585870,7981802654,216784,697.66249,349.022531428571,233.691594965714
7981835975,7982127433,291458,800.047806666667,349.410385555556,228.123263924444
7982152644,7982252739,100095,872.00624,338.740794285714,223.70421253
7982326993,7982419434,92441,509.251505714286,346.753068571429,227.67972377
7982452835,7982585847,133012,360.043715555556,338.698128888889,223.414444361111
7982669269,7982825212,155943,-2,-91,0
7983985745,7984185747,200002,612.943875384615,366.289149230769,218.211641936923
7984226399,7984369158,142759,691.063704,361.928372,216.493005568
7984402572,7984569156,166584,801.846109090909,351.603156363636,213.376204869091
7984852663,7985069169,216506,346.234704285714,402.876035714286,212.29584185
7985102407,7985252592,150185,495.795738,373.27312,217.321880369
7985285741,7985385730,99989,568.11268,355.398457142857,216.84873001
7985469077,7985652452,183375,707.859953333333,370.904911666667,211.106344325
7986169052,7986335675,166623,323.066381818182,605.852229090909,210.697684464545
7986385601,7986685617,300016,460.127472631579,395.656778947368,213.821982797895
7986725910,7986919190,193280,571.149812307692,390.786466153846,214.722088208462
7986952413,7987135681,183268,664.549686666667,391.820661666667,221.981357211667
7987169059,7987502290,333231,789.225193333333,387.453267619048,223.55421132381
7987535728,7988002278,466550,882.00118137931,358.008689655172,210.945340573103
7988052384,7988202279,149895,657.2232,390.503036,217.500293421
7988237639,7988585598,347959,578.695402727273,405.406001818182,216.360463934545
7988619101,7989052669,433568,696.017622857143,394.739622142857,194.901305926429
7989085549,7989526652,441103,835.255602222222,379.811884444444,191.234985578889
7989552490,7989652335,99845,889.657073333333,406.649696666667,193.817305025714
