"start","end","dur","x","y","pupil"
354770723239,354771072544,349305,646.514043,255.300872,86.6425972836364
354771106020,354771222568,116548,633.2914275,276.0433525,90.042291085
354771255881,354771372541,116660,592.0918175,145.03794,92.03376771875
354771406061,354771772518,366457,383.868787826087,144.704605217391,89.1423937265217
354771807387,354772155781,348394,374.695626363636,50.9203263636364,83.5718159777273
354772189165,354772722472,533307,430.674235757576,54.6179539393939,85.2429260287879
354772755785,354773289166,533381,479.14876,68.3071351515152,87.6320228912121
354773322438,354773605898,283460,616.787125555556,52.5762433333333,87.83036461
354773639332,354774155794,516462,653.70466875,46.607784375,84.7852192128125
354774322545,354774572432,249887,578.7307275,52.73048125,85.565241114375
354774605796,354775139161,533365,678.821338787879,35.1696793939394,85.6817361284849
354775172252,354775539273,367021,499.360774782609,63.7366286956522,84.6538911234783
354775572261,354775922402,350141,375.495086363636,124.16214,83.5537213645455
354775955671,354776788900,833229,398.554238823529,142.276705882353,83.9167944327451
354776822415,354777722210,899795,486.675600363636,139.536419272727,83.7208781381818
354777755517,354778455576,700059,583.126693023256,131.79838,80.8167463332558
354778488776,354778855532,366756,650.90109826087,129.064895652174,81.1677577734783
354778888781,354780772014,1883233,566.180618245614,138.270498947368,85.0746077781579
354780806004,354781705539,899535,594.457799636364,149.161856363636,87.8205676354546
354781738802,354783521963,1783161,687.117167407407,137.743794814815,82.9537321756482
354783555311,354784905846,1350535,749.443727792208,107.092347272727,80.2709438454545
354784938613,354785805295,866682,817.542547169811,113.119224528302,75.7736407956604
354785838620,354786222047,383427,892.918489166667,110.663303333333,75.5062718404167
354786288404,354786421941,133537,437.846086666667,130.857837777778,79.7741259577778
354786455218,354787738479,1283261,386.081211538462,164.76995,81.0118136967949
354787771648,354789088274,1316626,464.5615925,164.51623075,83.056463452625
354789121684,354790005275,883591,558.705711111111,165.33684,83.2616081635185
354790038346,354791338483,1300137,639.68966,152.966497974684,79.0641084562025
354791371523,354792154797,783274,698.646554583333,136.29641,77.4448317308333
354792188165,354792438234,250069,790.1996225,105.69900625,77.209504755625
354792471534,354793454834,983300,693.215596,126.323181666667,78.1185050525
354793488038,354794371387,883349,776.948577037037,133.763394444444,76.3739591253704
354794405666,354795138103,732437,871.1313,141.932157333333,76.0678376444445
354795304916,354796337962,1033046,376.516007301587,181.720515555556,81.2370494595238
354796371248,354797187895,816647,420.5872296,189.7252512,80.5182510412
354797254546,354797421439,166893,745.550823636364,94.1970836363636,79.6011106345455
354797471269,354797605629,134360,672.691166666667,88.8730622222222,83.0793912311111
354797687913,354798021370,333457,458.720992380952,143.32298952381,82.9780474580952
354798054547,354798937859,883312,464.198433703704,179.972093703704,82.2415154964815
354798971112,354799487795,516683,514.9782975,180.75613375,82.11913205
354799521186,354800337839,816653,626.6209408,175.9060656,78.9412167398
354800371017,354801254436,883419,719.095114074074,157.113343703704,76.897728405
354801287701,354802271025,983324,798.753346666667,146.857939,75.8549539293333
354802305166,354803087656,782490,857.14305625,152.862645,75.599246496875
354803120943,354803254306,133363,899.135291111111,138.091793333333,75.93035463
354803305567,354803505734,200167,542.825929230769,167.563646153846,79.02492506
354803606910,354803854285,247375,877.72965375,146.94325375,74.516430476875
354804021049,354804170887,149838,440.222438,176.318044,82.350199287
354804204493,354804904657,700164,401.016280930233,185.55419255814,80.2868623597674
354804937654,354805470769,533115,486.975975757576,183.266559393939,81.2196087057576
354805504382,354806337473,833091,572.072895686275,195.550991372549,78.0672808447059
354806370765,354807487394,1116629,640.88909,188.359356176471,72.6871084822059
354807520859,354808154050,633191,719.432061025641,176.227092820513,70.7839087379487
354808187416,354808987284,799868,802.345989387755,175.364288163265,70.3008500634694
354809020808,354809687291,666483,879.23588195122,169.425496585366,72.8508474392683
354809720689,354809870626,149937,807.777068,191.71289,77.95505867
354809905387,354810020797,115410,576.271075,212.57969,77.85027698625
354810087295,354810353921,266626,389.473798823529,220.898670588235,77.3483855435294
354810387295,354810987284,599989,404.06267027027,215.084321621622,76.0451025921622
354811020686,354811637341,616655,488.527005263158,224.171233157895,76.9734422857895
354811670506,354812637214,966708,543.707090169491,214.727117627119,77.0290327388136
354812670394,354813270402,600008,621.707133513514,209.88064972973,75.3839779891892
354813303908,354813687048,383140,693.488551666667,214.902699166667,74.9708037775
354813720508,354814437112,716604,813.923829545455,202.667731818182,75.7511736238636
354814470486,354815737321,1266835,887.45244025974,199.787004415584,73.300388311039
354815787026,354815920322,133296,725.042406666667,231.156728888889,75.9186782588889
354815987043,354816136979,149936,449.550288,232.622086,77.385408701
354816170259,354817620330,1450071,398.893948409091,238.059588636364,76.6374461910227
354817653558,354818306776,653218,504.747082,225.9987395,77.81546800625
354818336981,354819303636,966655,581.358668474576,225.944253559322,77.0089234394915
354819336981,354820336860,999879,644.142133442623,214.420490491803,76.4177649127869
354820370000,354820853412,483412,672.243684,216.771428,80.5008050563333
354820886787,354821136745,249958,586.1476575,115.49794125,81.61780833625
354821170025,354821953308,783283,537.997989166667,133.94749625,84.3911950208333
354822005113,354822120149,115036,655.24609,225.465515,88.0103036925
354822153302,354822919950,766648,685.640974468085,247.337172340426,88.326654353617
354822953298,354824453181,1499883,747.373031428571,225.923933186813,79.8616545879121
354824486573,354825653190,1166617,845.949254166667,240.989096111111,78.6454235434722
354825686552,354826803320,1116768,890.498516470588,238.878215294118,80.1731840469118
354826853146,354826986441,133295,641.041791111111,267.182417777778,83.5236733333333
354827036637,354828536477,1499840,414.863075824176,258.174407692308,80.1137437964835
354828569647,354829236630,666983,502.83244,256.306789756098,78.779803215122
354829269654,354829919702,650048,575.5137515,251.6101135,77.80714095225
354829952920,354830537487,584567,648.163645555556,241.773755555556,74.1974387736111
354830569524,354831586168,1016644,734.152931290323,254.436903225806,74.5490745582258
354831619582,354832052804,433222,800.666652592593,246.732328148148,76.2479714559259
354832086172,354832686169,599997,876.238361621622,235.824254594595,75.3237749659459
354832719594,354833019481,299887,827.266381052632,255.967467368421,77.2186991268421
354833052798,354833252813,200015,886.156615384615,239.923426153846,78.4059767538461
354833302935,354833436243,133308,613.232193333333,275.554491111111,82.2255014266667
354833486171,354833719468,233297,406.545026666667,284.889645333333,81.7189159366667
354833752815,354835119442,1366627,390.660250361446,274.443842168675,79.9958732810843
354835152688,354835869322,716634,474.663450909091,282.204838636364,78.6451589127273
354835905661,354836552688,647027,577.5915335,257.100312,79.371611298
354836585913,354837736256,1150343,648.563292571429,263.747888571429,78.3499082452857
354837769148,354838652516,883368,752.648194074074,262.624738148148,75.1581230014815
354838685800,354839219211,533411,782.074477575758,244.061626060606,77.7316019551515
354839252561,354840169123,916562,854.15065,258.764433571429,81.1708683589286
354840205368,354840585795,380427,894.891503333333,275.995765833333,83.81063650625
354840619116,354840769027,149911,691.121826,275.940658,84.019500886
354840836102,354840968988,132886,424.835191111111,265.865351111111,87.4945015066667
354841004329,354841905028,900699,386.296803636364,291.730229818182,87.5454782467273
354841935744,354843185674,1249930,468.553441842105,294.871733947368,82.8435178660526
354843218978,354843818982,600004,549.33307945946,287.102694594595,80.8690821064865
354843852288,354844604571,752283,646.884187391304,292.075286086957,76.738059656087
354844635602,354845320115,684513,712.779234761905,302.658493333333,73.6868356969048
354845352184,354846152178,799994,793.011846122449,287.894990612245,74.1999878416326
354846185419,354846752177,566758,886.957578857143,273.869970857143,76.2864264982857
354846835489,354846952047,116558,438.7634125,278.5100425,81.68837576875
354846985409,354847802179,816770,388.0477812,302.1473028,81.6084969
354847835696,354848002443,166747,440.321741818182,343.082529090909,81.4519421672727
354848035382,354849252080,1216698,495.939916216216,315.887944594595,82.6850632247297
354849285293,354849985294,700001,560.642009767442,313.767644186047,78.6015155167442
354850018733,354850851916,833183,637.833540392157,287.41864745098,79.4152534101961
354850951931,354851251944,300013,676.958296842105,297.880249473684,79.8034456515789
354851285174,354852168505,883331,739.441406666667,294.466053333333,79.1629996946296
354852201899,354852468539,266640,777.872837647059,286.482790588235,76.7342922288235
354852685180,354854768403,2083223,871.437202222222,295.567858253968,79.1882347620635
354854801805,354854935246,133441,895.172915555556,291.427951111111,76.4072656533333
354855018546,354855818346,799800,389.992332244898,328.556405306122,79.4293142928571
354855851699,354856918337,1066638,477.517494461538,328.955651384615,80.6461300810769
354856951662,354857468265,516603,556.316255,317.115195625,79.2454540346875
354857505289,354858001674,496385,632.677620645161,321.288970322581,77.9953168841935
354858035039,354858684804,649765,708.4908555,326.9674225,77.6721947335
354858718230,354859334869,616639,795.101557894737,314.228643157895,75.6135540618421
354859368128,354859851424,483296,868.248576,310.922929333333,73.9761831103333
354859884798,354859984797,99999,920.7007,285.859691428571,76.2743446171429
354860068146,354860434866,366720,365.114809565217,325.937740869565,79.8484915578261
354860468040,354861018091,550051,407.992574117647,347.378633529412,81.2091373602941
354861051429,354862384667,1333238,487.242060740741,355.664187407407,79.9310401716049
354862418083,354863667874,1249791,566.175388947368,351.540071052632,77.81620676
354863705306,354864404205,698899,640.523635348837,345.01992,78.2499776462791
354864434624,354865405576,970952,700.481845084746,350.529090508475,77.1025945477966
354865435005,354865967750,532745,802.259308484848,327.331953939394,73.9331167778788
354866006721,354866801271,794550,829.865618367347,323.955963265306,74.9614943526531
354866834704,354867784428,949724,894.964101724138,334.839642758621,78.3331921991379
