"start","end","duration","startx","starty","endx","endy"
341411155349,341411188877,33528,800.367964,218.871256,835.9007775,253.0182925
341411305241,341411338883,33642,835.9007775,253.0182925,839.7132125,350.513485
341411455389,341411521828,66439,839.7132125,350.513485,598.7886375,141.1680725
341411638666,341411705224,66558,598.7886375,141.1680725,407.05327,47.89405
341411988425,341412021802,33377,407.05327,47.89405,339.024938461538,38.0454230769231
341412221800,341412255479,33679,339.024938461538,38.0454230769231,497.173610588235,63.4410588235294
341412521841,341412555258,33417,497.173610588235,63.4410588235294,455.901107692308,77.7492553846154
341412755235,341412788446,33211,455.901107692308,77.7492553846154,553.486721142857,78.6497154285714
341413355314,341413388470,33156,553.486721142857,78.6497154285714,640.738553043478,70.2044356521739
341413738552,341414121698,383146,640.738553043478,70.2044356521739,733.445891578947,77.3254831578947
341414505097,341414588336,83239,733.445891578947,77.3254831578947,340.213028235294,110.565536470588
341414855123,341414888443,33320,340.213028235294,110.565536470588,406.18454,114.16211
341415071776,341415105123,33347,406.18454,114.16211,338.204753846154,126.583907692308
341415299429,341415338398,38969,338.204753846154,126.583907692308,472.582835,149.3072675
341415455156,341415488318,33162,472.582835,149.3072675,455.657302941177,123.791740588235
341416604960,341416638424,33464,455.657302941177,123.791740588235,533.852952156863,128.788829803922
341417471629,341417505000,33371,533.852952156863,128.788829803922,595.904250545455,140.850141818182
341418404823,341418438266,33443,595.904250545455,140.850141818182,693.29176,150.891493548387
341418938272,341418971743,33471,693.29176,150.891493548387,760.045545925926,153.387667037037
341419855022,341419888091,33069,760.045545925926,153.387667037037,814.255815263158,147.153839473684
341421138186,341421171506,33320,814.255815263158,147.153839473684,916.258945714286,133.849074285714
341421388059,341421555009,166950,916.258945714286,133.849074285714,369.531248080808,135.069901616162
341423187909,341423221313,33404,369.531248080808,135.069901616162,456.030654615385,143.896091538462
341423638057,341423671382,33325,456.030654615385,143.896091538462,557.858700689655,151.359765517241
341424138416,341424171249,32833,557.858700689655,151.359765517241,653.335666666667,162.230252727273
341424704557,341424737911,33354,653.335666666667,162.230252727273,762.9912,160.209090731707
341425404472,341425437940,33468,762.9912,160.209090731707,834.512681568627,173.650214901961
341426271126,341426304446,33320,834.512681568627,173.650214901961,921.48553,168.567504
341426454669,341426537884,83215,921.48553,168.567504,384.749528070175,156.959136842105
341427471115,341427504476,33361,384.749528070175,156.959136842105,467.227501923077,160.345114230769
341428354386,341428387705,33319,467.227501923077,160.345114230769,498.925216,148.1822904
341428787742,341428820956,33214,498.925216,148.1822904,620.112158787879,164.638984848485
341429354493,341429387711,33218,620.112158787879,164.638984848485,702.249765573771,169.455560983607
341430387606,341430420952,33346,702.249765573771,169.455560983607,774.02903125,177.37860125
341430937654,341430971044,33390,774.02903125,177.37860125,879.707236216216,183.780963243243
341431570881,341431637750,66869,879.707236216216,183.780963243243,396.747863529412,168.103993333333
341432470915,341432504195,33280,396.747863529412,168.103993333333,463.99284375,159.76947875
341432754246,341432887489,133243,463.99284375,159.76947875,544.943276666667,182.04202
341433071147,341433104097,32950,544.943276666667,182.04202,589.242183421053,181.482003421053
341434354162,341434387492,33330,589.242183421053,181.482003421053,614.142553714286,132.680814285714
341434954124,341434987382,33258,614.142553714286,132.680814285714,679.669901621622,183.620112972973
341435587310,341435620697,33387,679.669901621622,183.620112972973,768.671689545455,192.182359545455
341436337863,341436370916,33053,768.671689545455,192.182359545455,857.776340465116,184.588437209302
341437070609,341437104003,33394,857.776340465116,184.588437209302,875.080369285714,171.28373
341437554200,341437587186,32986,875.080369285714,171.28373,869.667689090909,184.537770909091
341437754217,341437787177,32960,869.667689090909,184.537770909091,913.073432727273,162.313378181818
341437954062,341438020557,66495,913.073432727273,162.313378181818,387.176794117647,193.848877647059
341438287166,341438320553,33387,387.176794117647,193.848877647059,393.0402856,192.8738652
341439137299,341439170566,33267,393.0402856,192.8738652,468.378668461538,190.126420769231
341439587170,341439620420,33250,468.378668461538,190.126420769231,577.088966666667,191.642184285714
341440303836,341440337199,33363,577.088966666667,191.642184285714,638.549986956522,205.016385217391
341440703693,341440820457,116764,638.549986956522,205.016385217391,695.530668571429,216.164712857143
341441037186,341441070535,33349,695.530668571429,216.164712857143,780.798579259259,223.67411037037
341441503724,341441537238,33514,780.798579259259,223.67411037037,875.481934358974,206.297266153846
341442170385,341442203738,33353,875.481934358974,206.297266153846,921.110499230769,189.584454615385
341443486929,341443553806,66877,921.110499230769,189.584454615385,431.5037025,190.070495
341443670377,341443703591,33214,431.5037025,190.070495,384.2413,197.662751219512
341444370316,341444403565,33249,384.2413,197.662751219512,466.952758709677,187.735850967742
341444903578,341444936927,33349,466.952758709677,187.735850967742,552.568061818182,196.795800909091
341445653592,341445686822,33230,552.568061818182,196.795800909091,611.982611555556,227.951341333333
341446420063,341446453649,33586,611.982611555556,227.951341333333,674.656645,247.876233333333
341446636935,341446753722,116787,674.656645,247.876233333333,706.503601428571,240.00653
341446970141,341447003479,33338,706.503601428571,240.00653,756.312857241379,237.762746896552
341447470135,341447503488,33353,756.312857241379,237.762746896552,836.340061,221.071953
341447820081,341447853729,33648,836.340061,221.071953,909.072469,224.848641
341448170151,341448253534,83383,909.072469,224.848641,404.010120344828,214.486857931035
341449203325,341449237192,33867,404.010120344828,214.486857931035,521.878696428571,213.404531428571
341449686590,341449719967,33377,521.878696428571,213.404531428571,607.291559375,229.35995125
341450303303,341450336688,33385,607.291559375,229.35995125,701.411695882353,240.651386470588
341450887867,341450919962,32095,701.411695882353,240.651386470588,761.7645736,244.7229308
341451736677,341451769878,33201,761.7645736,244.7229308,864.6408424,241.5952672
341452169903,341452236542,66639,864.6408424,241.5952672,427.992202985075,229.883382985075
341453336601,341453369900,33299,427.992202985075,229.883382985075,516.359217857143,228.222940714286
341453819849,341453853224,33375,516.359217857143,228.222940714286,609.036341212121,244.743130909091
341454386500,341454419707,33207,609.036341212121,244.743130909091,681.42661,265.427905
341454736446,341454769793,33347,681.42661,265.427905,763.315701052632,253.415698684211
341456019727,341456053220,33493,763.315701052632,253.415698684211,860.438765346535,262.861922970297
341457719597,341457753123,33526,860.438765346535,262.861922970297,903.202401875,258.518629375
341458269630,341458352876,83246,903.202401875,258.518629375,355.741083333333,233.897917333333
341458836302,341458869541,33239,355.741083333333,233.897917333333,432.78898,254.611493571429
341459319468,341459453044,133576,432.78898,254.611493571429,496.546847906977,254.942146511628
341460153020,341460186088,33068,496.546847906977,254.942146511628,554.91719125,253.509260416667
341460969765,341461002699,32934,554.91719125,253.509260416667,642.929938064516,272.426609032258
341461502690,341461536164,33474,642.929938064516,272.426609032258,724.206581960784,283.034868235294
341462369432,341462402720,33288,724.206581960784,283.034868235294,815.193378,285.0804805
341463052756,341463085961,33205,815.193378,285.0804805,881.4305225,277.77833
341463469404,341463536107,66703,881.4305225,277.77833,407.137174,272.868618
341463685979,341463719347,33368,407.137174,272.868618,380.447112131148,278.948303606557
341464719218,341465002597,283379,380.447112131148,278.948303606557,-2,-91
341465119176,341465302566,183390,-2,-91,-2,-91
341465402558,341465719217,316659,-2,-91,-2,-91
341465919188,341466752502,833314,-2,-91,762.2210525,263.1030575
341466852503,341466885870,33367,762.2210525,263.1030575,812.682994615385,252.942257692308
341467302440,341467335810,33370,812.682994615385,252.942257692308,816.19615137931,288.697503793103
341468285713,341468319102,33389,816.19615137931,288.697503793103,887.71824,282.63686375
341468569331,341468602298,32967,887.71824,282.63686375,935.802710232558,275.569660465116
341469302325,341469385725,83400,935.802710232558,275.569660465116,405.839972631579,284.524361578947
341470002325,341470035686,33361,405.839972631579,284.524361578947,459.147701428571,290.844287142857
341470952308,341471069254,116946,459.147701428571,290.844287142857,546.430164,304.250032
341471635691,341471668885,33194,546.430164,304.250032,648.343720952381,309.608495238095
341472002191,341472035704,33513,648.343720952381,309.608495238095,715.620233846154,309.623347692308
341472885501,341472918835,33334,715.620233846154,309.623347692308,824.79113,311.65025
341473435579,341473468898,33319,824.79113,311.65025,888.8334575,303.211485416667
341474252232,341474318720,66488,888.8334575,303.211485416667,381.840715555556,301.53627
341474602078,341474635553,33475,381.840715555556,301.53627,378.924296969697,304.239659393939
341475168786,341475202082,33296,378.924296969697,304.239659393939,418.554770638298,312.828301276596
341475968784,341476135437,166653,418.554770638298,312.828301276596,493.57572097561,317.99339902439
341476801950,341476835443,33493,493.57572097561,317.99339902439,571.18488375,308.6980803125
341477885250,341477918596,33346,571.18488375,308.6980803125,656.593570232558,324.36736372093
341478618593,341478652049,33456,656.593570232558,324.36736372093,724.929597948718,337.705602051282
341479285210,341479318464,33254,724.929597948718,337.705602051282,712.547306666667,317.637872222222
341479601825,341479636146,34321,712.547306666667,317.637872222222,800.721974893617,334.195998723404
341480401808,341480435179,33371,800.721974893617,334.195998723404,866.991251428571,332.935744285714
341480652025,341480701717,49692,866.991251428571,332.935744285714,568.665669411765,318.811256470588
341480968677,341481018473,49796,568.665669411765,318.811256470588,843.856922,332.135542
341481168529,341481218465,49936,843.856922,332.135542,547.000174418605,320.752129302326
341481918341,341481951785,33444,547.000174418605,320.752129302326,615.107794666667,352.481396
341482435152,341482584981,149829,615.107794666667,352.481396,900.397727272727,340.678090909091
341482751883,341482818347,66464,900.397727272727,340.678090909091,695.036802857143,97.0536314285714
341482918380,341483101775,183395,695.036802857143,97.0536314285714,922.899573333333,347.130371851852
