"start","end","duration","startx","starty","endx","endy"
751046163,751079605,33442,613.01504,189.404792,627.760846,84.9851
751212834,751279440,66606,627.760846,84.9851,907.57211,94.5738975
751396107,751446359,50252,907.57211,94.5738975,576.759254285714,113.825451428571
751546304,751579466,33162,576.759254285714,113.825451428571,457.63903,116.30752
751696085,751730576,34491,457.63903,116.30752,415.266624,32.583804
751879449,751912698,33249,415.266624,32.583804,386.772041162791,19.5688258139535
753312742,753346171,33429,386.772041162791,19.5688258139535,477.8840968,21.8137104
753746176,753779311,33135,477.8840968,21.8137104,560.553409,28.476522
754095990,754129359,33369,560.553409,28.476522,368.85322,25.5376314285714
754229509,754262636,33127,368.85322,25.5376314285714,377.088321428571,46.8805142857143
754712584,754746032,33448,377.088321428571,46.8805142857143,465.37726,33.9289544444444
755029351,755179239,149888,465.37726,33.9289544444444,612.461025517241,30.6716234482759
755646015,755779182,133167,612.461025517241,30.6716234482759,668.641788292683,29.469503902439
756445906,756479258,33352,668.641788292683,29.469503902439,766.828176875,11.396516875
756995877,757029364,33487,766.828176875,11.396516875,681.177284324324,8.80399351351351
757629214,757662552,33338,681.177284324324,8.80399351351351,777.30249375,15.634044375
758179103,758212476,33373,777.30249375,15.634044375,837.469917333333,19.3851813333333
758445769,758479136,33367,837.469917333333,19.3851813333333,605.074725,26.657255
758595710,758662543,66833,605.074725,26.657255,349.92922,15.655475
758912309,758945784,33475,349.92922,15.655475,371.624541333333,41.0278862222222
759679102,759712361,33259,371.624541333333,41.0278862222222,429.599608,51.391304
760112348,760145879,33531,429.599608,51.391304,490.954772888889,49.9810422222222
760878966,760912329,33363,490.954772888889,49.9810422222222,565.2305425,44.91923625
761162565,761195619,33054,565.2305425,44.91923625,636.138665333333,34.2438373333333
761429065,761478946,49881,636.138665333333,34.2438373333333,407.844270909091,150.304207272727
761645857,761678934,33077,407.844270909091,150.304207272727,371.050580333333,145.072553333333
762762277,762795611,33334,371.050580333333,145.072553333333,436.228971304348,146.909199130435
763545823,763578819,32996,436.228971304348,146.909199130435,369.150530833333,145.476849166667
763962125,763995486,33361,369.150530833333,145.476849166667,485.608655769231,152.529861153846
764845428,764878741,33313,485.608655769231,152.529861153846,585.119348985507,127.68372173913
766012127,766045512,33385,585.119348985507,127.68372173913,655.826787222222,130.163013888889
766628818,766662290,33472,655.826787222222,130.163013888889,756.316003428571,118.826564
767228671,767262063,33392,756.316003428571,118.826564,839.576916190476,105.422593333333
767945533,767978574,33041,839.576916190476,105.422593333333,911.203243157895,89.6962747368421
768595295,768678649,83354,911.203243157895,89.6962747368421,373.653747936508,159.386225396825
769711865,769745376,33511,373.653747936508,159.386225396825,462.03907,166.722726363636
770095211,770128548,33337,462.03907,166.722726363636,538.965418,168.339018
770278477,770328593,50116,538.965418,168.339018,811.289731666667,127.312775
770511875,770561931,50056,811.289731666667,127.312775,542.383918823529,162.390194117647
770828571,770861936,33365,542.383918823529,162.390194117647,534.292223478261,147.883000434783
771611724,771645316,33592,534.292223478261,147.883000434783,576.591196164384,137.172235342466
772845318,772878346,33028,576.591196164384,137.172235342466,642.42209826087,141.058409565217
773245275,773361798,116523,642.42209826087,141.058409565217,692.351565,149.4479425
773478342,773694971,216629,692.351565,149.4479425,701.297845652174,148.57229173913
774445039,774478326,33287,701.297845652174,148.57229173913,774.389377021277,144.457468085106
775245200,775278233,33033,774.389377021277,144.457468085106,855.224116153846,155.489268461538
776128480,776161644,33164,855.224116153846,155.489268461538,917.516536744186,150.869898604651
776861553,776961804,100251,917.516536744186,150.869898604651,618.6951275,224.3312275
777078256,777144892,66636,618.6951275,224.3312275,381.452798181818,215.270089090909
777311489,777344979,33490,381.452798181818,215.270089090909,372.637242333333,198.642976333333
778328184,778361550,33366,372.637242333333,198.642976333333,425.461218461538,201.326861538462
778562672,778611498,48826,425.461218461538,201.326861538462,513.166251428572,94.1967657142857
778711482,778744766,33284,513.166251428572,94.1967657142857,526.858837777778,106.03026
778878130,778911362,33232,526.858837777778,106.03026,532.417092666667,190.649446666667
779394700,779428183,33483,532.417092666667,190.649446666667,630.818478787879,183.251379393939
779961380,779994700,33320,630.818478787879,183.251379393939,708.790091272727,173.499070909091
780894579,780928061,33482,708.790091272727,173.499070909091,801.168314583333,154.343328333333
781711234,781744786,33552,801.168314583333,154.343328333333,868.896448085106,149.770977021277
782511232,782544779,33547,868.896448085106,149.770977021277,914.25308,151.176475
782861299,782928993,67694,914.25308,151.176475,534.7095,190.464028571429
783027943,783094483,66540,534.7095,190.464028571429,886.483854666667,158.607490666667
783327939,783361300,33361,886.483854666667,158.607490666667,924.4553975,155.31470625
783611227,783711237,100010,924.4553975,155.31470625,425.632182,223.684938
783861170,783894472,33302,425.632182,223.684938,340.261251612903,210.187149677419
784394475,784427973,33498,340.261251612903,210.187149677419,398.679484761905,198.952335238095
784761305,784794432,33127,398.679484761905,198.952335238095,461.633482647059,208.69448
785911118,785944581,33463,461.633482647059,208.69448,543.755541481481,197.931052222222
786827866,786861273,33407,543.755541481481,197.931052222222,609.998542857143,189.786187142857
787077703,787210946,133243,609.998542857143,189.786187142857,670.7571504,198.7464456
787610936,787644508,33572,670.7571504,198.7464456,665.765993793103,192.099874482759
788110950,788144469,33519,665.765993793103,192.099874482759,752.393103333333,200.083870666667
789127699,789160903,33204,752.393103333333,200.083870666667,871.2399488,182.334592
789560893,789594229,33336,871.2399488,182.334592,923.544424444444,173.291515555556
789877454,789960903,83449,923.544424444444,173.291515555556,384.534325384615,229.260763846154
790794119,790827566,33447,384.534325384615,229.260763846154,496.922199473684,231.0803
791444346,791477440,33094,496.922199473684,231.0803,521.789173333333,228.237825714286
792160758,792194112,33354,521.789173333333,228.237825714286,600.541859047619,219.313315238095
792877382,793010996,133614,600.541859047619,219.313315238095,683.459285333333,204.423108
793493943,793527434,33491,683.459285333333,204.423108,770.484990714286,190.423642857143
793977350,794010608,33258,770.484990714286,190.423642857143,812.985822333333,199.181829666667
794993971,795027315,33344,812.985822333333,199.181829666667,888.530281975309,201.075528888889
796360560,796393823,33263,888.530281975309,201.075528888889,934.33233,184.801118333333
796577280,796627242,49962,934.33233,184.801118333333,694.296174285714,187.068691428571
796727338,796810497,83159,694.296174285714,187.068691428571,355.174422173913,239.339426956522
797560534,797593833,33299,355.174422173913,239.339426956522,360.967825263158,243.224167894737
798210483,798243938,33455,360.967825263158,243.224167894737,417.938661860465,239.624497674419
798943962,798977092,33130,417.938661860465,239.624497674419,439.96554,232.055829655172
799443887,799477107,33220,439.96554,232.055829655172,514.602543055556,225.148533888889
800660427,800693585,33158,514.602543055556,225.148533888889,608.554045714286,236.2115
800910355,800943662,33307,608.554045714286,236.2115,675.700866875,224.539058125
801993577,802027113,33536,675.700866875,224.539058125,766.635789047619,215.760583809524
802710247,802743640,33393,766.635789047619,215.760583809524,866.235914285714,205.470584761905
803426940,803460274,33334,866.235914285714,205.470584761905,926.455939,203.070468
803776876,803843651,66775,926.455939,203.070468,514.56794,234.680654285714
803943637,803976847,33210,514.56794,234.680654285714,373.401158333333,254.447946666667
804160153,804193467,33314,373.401158333333,254.447946666667,376.350731666667,260.210632083333
804976731,805010109,33378,376.350731666667,260.210632083333,475.839657777778,262.247035
805593330,805626904,33574,475.839657777778,262.247035,563.475936551724,255.197849655172
806093334,806126854,33520,563.475936551724,255.197849655172,643.1639125,239.837630625
806643392,806676737,33345,643.1639125,239.837630625,731.166928947368,233.805413157895
807293336,807326712,33376,731.166928947368,233.805413157895,814.053524444445,235.768786222222
808060059,808093209,33150,814.053524444445,235.768786222222,899.502357377049,222.817736393443
809093219,809176613,83394,899.502357377049,222.817736393443,475.128084,292.510494
809326708,809359925,33217,475.128084,292.510494,362.813749230769,293.221392307692
809559905,809726618,166713,362.813749230769,293.221392307692,364.770704242424,293.866189090909
810259943,810293203,33260,364.770704242424,293.866189090909,437.929117333333,291.507487333333
811276491,811309747,33256,437.929117333333,291.507487333333,517.778730476191,299.356090476191
811993087,812026625,33538,517.778730476191,299.356090476191,606.217825384615,292.954373076923
812443158,812476354,33196,606.217825384615,292.954373076923,678.918922325581,258.374145581395
813176387,813209736,33349,678.918922325581,258.374145581395,736.361612,262.702406
814359900,814392961,33061,736.361612,262.702406,822.565208888889,260.450137037037
814828145,814859805,31660,822.565208888889,260.450137037037,911.140952682927,240.50982195122
815526369,815659682,133313,911.140952682927,240.50982195122,589.8897,286.2806225
815776245,815809606,33361,589.8897,286.2806225,395.823111111111,290.808451111111
815943063,815976234,33171,395.823111111111,290.808451111111,381.281966666667,290.461059130435
817109481,817142889,33408,381.281966666667,290.461059130435,466.031338,305.160202
817626186,817659549,33363,466.031338,305.160202,498.615531764706,298.210847647059
818209487,818242973,33486,498.615531764706,298.210847647059,472.990151666667,286.643676111111
818826244,818859413,33169,472.990151666667,286.643676111111,531.074502857143,298.032505714286
818959422,819076146,116724,531.074502857143,298.032505714286,558.616771428571,307.391626190476
819875995,819909358,33363,558.616771428571,307.391626190476,630.762705333333,298.688613333333
820642647,820676011,33364,630.762705333333,298.688613333333,681.620390789474,281.292897105263
821926073,821959291,33218,681.620390789474,281.292897105263,789.278230243902,279.45853902439
822625974,822659535,33561,789.278230243902,279.45853902439,882.736499259259,276.388662962963
823092444,823125943,33499,882.736499259259,276.388662962963,917.628197037037,259.965406666667
823559291,823642552,83261,917.628197037037,259.965406666667,399.21208,322.835857777778
823775875,823809125,33250,399.21208,322.835857777778,367.678197666667,315.854751333333
824792451,824825856,33405,367.678197666667,315.854751333333,454.106992432432,313.5091
825425813,825459166,33353,454.106992432432,313.5091,517.214744927536,323.437804057971
826592311,826625817,33506,517.214744927536,323.437804057971,524.560696363636,320.469476363636
827159313,827192347,33034,524.560696363636,320.469476363636,602.10442625,323.550405625
827708994,827742507,33513,602.10442625,323.550405625,695.288504444444,308.679357777778
828327484,828359070,31586,695.288504444444,308.679357777778,774.762513404255,293.135656808511
829908897,829942512,33615,774.762513404255,293.135656808511,830.558221666667,295.808695833333
830325596,830359049,33453,830.558221666667,295.808695833333,911.69112,305.994136521739
830842141,830892090,49949,911.69112,305.994136521739,854.321672,218.066506666667
831125599,831342153,216554,854.321672,218.066506666667,926.596105641026,288.048987692308
831975504,832058802,83298,926.596105641026,288.048987692308,389.370655,327.49277
832175358,832208748,33390,389.370655,327.49277,349.995247466667,359.2522624
833442247,833475315,33068,349.995247466667,359.2522624,432.3605525,356.384696
834125504,834158655,33151,432.3605525,356.384696,502.732797222222,324.556261666667
834742253,834775248,32995,502.732797222222,324.556261666667,561.405118333333,332.21678875
835558686,835591819,33133,561.405118333333,332.21678875,641.061627586207,331.694367586207
836058671,836091834,33163,641.061627586207,331.694367586207,738.214654285714,319.010115918367
836891843,836925469,33626,738.214654285714,319.010115918367,810.528743018868,319.400999245283
837791824,837825225,33401,810.528743018868,319.400999245283,896.331288450704,312.874342816901
838991712,839025226,33514,896.331288450704,312.874342816901,936.685022857143,328.0662
839125246,839225238,99992,936.685022857143,328.0662,390.155106666667,374.805773333333
839408357,839441786,33429,390.155106666667,374.805773333333,359.684553333333,382.499565555556
840025103,840058463,33360,359.684553333333,382.499565555556,437.444201904762,382.646547619048
840391712,840425106,33394,437.444201904762,382.646547619048,532.210088631579,376.520447578947
841991602,842025111,33509,532.210088631579,376.520447578947,633.468257297297,366.935632162162
843241683,843274861,33178,633.468257297297,366.935632162162,706.52638,357.976312727273
843808130,843841652,33522,706.52638,357.976312727273,799.404304,339.538186857143
844408114,844474875,66761,799.404304,339.538186857143,527.99091125,371.555235
844724877,844791466,66589,527.99091125,371.555235,905.363746666667,315.600235555556
844924893,845074779,149886,905.363746666667,315.600235555556,492.201066,129.375992
845225310,845258204,32894,492.201066,129.375992,395.9296695,133.945636
845908127,845941531,33404,395.9296695,133.945636,497.87886,130.277587826087
846307994,846374743,66749,497.87886,130.277587826087,667.0570875,123.3902675
846491345,846524866,33521,667.0570875,123.3902675,718.179324444444,108.597295555556
846658269,846691332,33063,718.179324444444,108.597295555556,880.790856666667,88.9040433333333
846874752,846907991,33239,880.790856666667,88.9040433333333,917.587163333333,65.2353088888889
847191353,847274624,83271,917.587163333333,65.2353088888889,360.904839166667,165.393340833333
847658063,847691340,33277,360.904839166667,165.393340833333,488.66717,148.748302857143
847907995,847941417,33422,488.66717,148.748302857143,550.900180769231,134.448379230769
848358071,848391220,33149,550.900180769231,134.448379230769,687.054458823529,132.377563529412
848658100,848691207,33107,687.054458823529,132.377563529412,798.18574,115.7798176
849091208,849124782,33574,798.18574,115.7798176,918.33707875,116.12877875
849374624,849457931,83307,918.33707875,116.12877875,533.960073846154,181.922001538462
849657932,849691224,33292,533.960073846154,181.922001538462,504.782775384615,94.108
849891215,849924627,33412,504.782775384615,94.108,497.410471578947,242.020596842105
850224596,850257934,33338,497.410471578947,242.020596842105,582.610199090909,229.124417272727
850607869,850641140,33271,582.610199090909,229.124417272727,669.062425333333,203.867622666667
850874513,850907875,33362,669.062425333333,203.867622666667,799.578996666667,188.397242222222
851191128,851225196,34068,799.578996666667,188.397242222222,897.212719090909,162.578860909091
851574524,851707739,133215,897.212719090909,162.578860909091,743.02772,168.78929
851924654,852091091,166437,743.02772,168.78929,666.7210635,188.9170695
852741171,852774396,33225,666.7210635,188.9170695,752.522644186047,187.037174883721
853474352,853507735,33383,752.522644186047,187.037174883721,816.730550588235,176.267672941176
853774372,853807614,33242,816.730550588235,176.267672941176,912.381868571429,173.330732142857
854257690,854424604,166914,912.381868571429,173.330732142857,380.168010243902,227.141864878049
855090964,855124404,33440,380.168010243902,227.141864878049,463.52566,217.008907368421
855424363,855457687,33324,463.52566,217.008907368421,607.694325806452,219.817512258065
855957690,856074272,116582,607.694325806452,219.817512258065,699.873625333333,222.099356666667
856557726,856590842,33116,699.873625333333,222.099356666667,796.36297030303,197.000488484848
857124288,857157701,33413,796.36297030303,197.000488484848,830.670956296296,212.095588888889
857590849,857625096,34247,830.670956296296,212.095588888889,911.085850357143,176.6412875
858540786,858657567,116781,911.085850357143,176.6412875,790.913149166667,200.940295833333
859040801,859074197,33396,790.913149166667,200.940295833333,823.910456842105,177.826442105263
859374127,859407354,33227,823.910456842105,177.826442105263,874.653394,135.569556
859557427,859590715,33288,874.653394,135.569556,908.98512,184.685673333333
859724439,859790693,66254,908.98512,184.685673333333,459.593557142857,221.480391428571
859890722,859924104,33382,459.593557142857,221.480391428571,371.133840638298,242.238273617021
861473993,861507230,33237,371.133840638298,242.238273617021,459.411611904762,246.12052
862190597,862224065,33468,459.411611904762,246.12052,536.74292,236.224798064516
862724120,862757454,33334,536.74292,236.224798064516,633.558318947368,214.797595789474
863057571,863190483,132912,633.558318947368,214.797595789474,655.784978181818,231.90018
863357364,863507255,149891,655.784978181818,231.90018,734.264268148148,221.631021481481
863940666,863973878,33212,734.264268148148,221.631021481481,784.419059230769,202.008059230769
864373930,864407105,33175,784.419059230769,202.008059230769,892.653559285714,191.821183571429
864857185,864890476,33291,892.653559285714,191.821183571429,942.72952,192.632044444444
865023846,865107110,83264,942.72952,192.632044444444,424.376234,253.977754
865257185,865290456,33271,424.376234,253.977754,373.718832820513,246.673358974359
865923896,865957162,33266,373.718832820513,246.673358974359,479.120594193548,252.603295483871
866457211,866490320,33109,479.120594193548,252.603295483871,592.04848125,257.00300375
866740412,866773766,33354,592.04848125,257.00300375,659.037929090909,252.882758181818
866940401,866973766,33365,659.037929090909,252.882758181818,779.955850588235,261.559805882353
867240585,867273630,33045,779.955850588235,261.559805882353,856.1278025,249.99029
867390354,867423799,33445,856.1278025,249.99029,942.013169333333,351.15254
