"start","end","duration","startx","starty","endx","endy"
2509679713,2509713072,33359,417.593268,202.421696,377.815316129032,115.143375483871
2510196324,2510231580,35256,377.815316129032,115.143375483871,349.156065882353,27.0592164705882
2510496200,2510530444,34244,349.156065882353,27.0592164705882,477.473953333333,6.93559888888889
2510813287,2510846457,33170,477.473953333333,6.93559888888889,528.8937,-13.72656
2510996202,2511029736,33534,528.8937,-13.72656,631.7533325,-5.62230625
2511279589,2511323232,43643,631.7533325,-5.62230625,706.92873,21.604828
2511630652,2511662898,32246,706.92873,21.604828,722.439744705882,6.10739411764706
2511913745,2511946249,32504,722.439744705882,6.10739411764706,635.584482666667,12.2824506666667
2512179404,2512262859,83455,635.584482666667,12.2824506666667,348.321283703704,109.918546666667
2512696198,2512796076,99878,348.321283703704,109.918546666667,331.2181696,166.0777856
2513196089,2514246259,1050170,331.2181696,166.0777856,478.91269875,115.31807625
2514496097,2514612949,116852,478.91269875,115.31807625,475.5268025,88.04813625
2514862734,2514896075,33341,475.5268025,88.04813625,499.75950125,80.89418625
2515414138,2515446006,31868,499.75950125,80.89418625,558.606124444445,99.8489402777778
2516630603,2516662605,32002,558.606124444445,99.8489402777778,628.224413506494,122.892997402597
2517930605,2517962639,32034,628.224413506494,122.892997402597,719.611663333333,100.666064242424
2519046010,2519079207,33197,719.611663333333,100.666064242424,792.939419354839,114.585508387097
2519579074,2519612529,33455,792.939419354839,114.585508387097,868.091993448276,98.770234137931
2520562483,2520595712,33229,868.091993448276,98.770234137931,926.217952666667,72.5587866666667
2521079075,2521179133,100058,926.217952666667,72.5587866666667,376.414445,124.664471666667
2521362396,2521395672,33276,376.414445,124.664471666667,369.5888,145.262836521739
2521762393,2521795711,33318,369.5888,145.262836521739,427.226042051282,151.027165641026
2522429086,2522462402,33316,427.226042051282,151.027165641026,529.535430434783,127.125659130435
2523212311,2523245879,33568,529.535430434783,127.125659130435,557.195329444444,126.133451111111
2523829061,2523862242,33181,557.195329444444,126.133451111111,643.089997307692,125.332365384615
2524712229,2524745848,33619,643.089997307692,125.332365384615,713.350214615385,133.847906923077
2525162256,2525278910,116654,713.350214615385,133.847906923077,761.825772432432,142.490597297297
2525878843,2525914568,35725,761.825772432432,142.490597297297,754.681561666667,117.65031625
2526695447,2526728895,33448,754.681561666667,117.65031625,849.979827096774,122.206512258065
2527228774,2527262226,33452,849.979827096774,122.206512258065,909.25439882353,109.115361176471
2527819827,2527912045,92218,909.25439882353,109.115361176471,386.931069230769,180.584315384615
2528117547,2528145508,27961,386.931069230769,180.584315384615,349.655016666667,173.876024444444
2528428858,2528495313,66455,349.655016666667,173.876024444444,810.304397777778,138.487077777778
2528628819,2528662010,33191,810.304397777778,138.487077777778,795.8811,129.098688571429
2528761982,2528795338,33356,795.8811,129.098688571429,708.427565,125.467871666667
2528978659,2529011954,33295,708.427565,125.467871666667,627.347345789474,137.168748947368
2529628730,2529661990,33260,627.347345789474,137.168748947368,649.72593875,131.418304375
2530178545,2530212031,33486,649.72593875,131.418304375,609.642401176471,129.783824117647
2530761976,2530795213,33237,609.642401176471,129.783824117647,677.7112732,118.5589708
2531611832,2531645235,33403,677.7112732,118.5589708,751.479271904762,129.760221428571
2533028539,2533145315,116776,751.479271904762,129.760221428571,779.008326666667,179.808134444444
2533429934,2533645129,215195,779.008326666667,179.808134444444,815.855719166667,119.282295833333
2534028578,2534061748,33170,815.855719166667,119.282295833333,903.587545238095,109.243793809524
2534745255,2534811709,66454,903.587545238095,109.243793809524,846.724012727273,113.267870909091
2534978303,2535011686,33383,846.724012727273,113.267870909091,750.35108,123.030148235294
2535278314,2535311685,33371,750.35108,123.030148235294,682.059845714286,109.133702142857
2535761763,2535794952,33189,682.059845714286,109.133702142857,626.574070769231,130.620873846154
2535994952,2536045131,50179,626.574070769231,130.620873846154,393.152243636364,133.318158181818
2536211550,2536245166,33616,393.152243636364,133.318158181818,370.665572941176,162.844001176471
2536794966,2536830994,36028,370.665572941176,162.844001176471,445.228725294118,170.979011176471
2537378165,2537413511,35346,445.228725294118,170.979011176471,507.101993636364,156.000556060606
2538494842,2538528269,33427,507.101993636364,156.000556060606,572.582814285714,171.22232
2538745127,2538861508,116381,572.582814285714,171.22232,628.592837142857,182.900587142857
2539078204,2539111420,33216,628.592837142857,182.900587142857,675.092983243243,170.356065945946
2539711455,2539828161,116706,675.092983243243,170.356065945946,673.740130666667,141.54984
2540061512,2540094844,33332,673.740130666667,141.54984,696.756712307692,120.995470769231
2540294830,2540328309,33479,696.756712307692,120.995470769231,773.888785660377,125.720759622642
2541194747,2541228154,33407,773.888785660377,125.720759622642,862.06852,142.501135652174
2541594713,2541628152,33439,862.06852,142.501135652174,895.368651428572,129.909077142857
2541728142,2541794665,66523,895.368651428572,129.909077142857,390.9641,188.915694545455
2541961416,2541994706,33290,390.9641,188.915694545455,375.343402631579,197.877231052632
2542611292,2542644943,33651,375.343402631579,197.877231052632,398.614643448276,159.293542758621
2543594556,2543711202,116646,398.614643448276,159.293542758621,436.739975333333,183.395592
2544194600,2544228068,33468,436.739975333333,183.395592,492.516728857143,188.157814
2545377861,2545411175,33314,492.516728857143,188.157814,521.479947777778,173.883409333333
2546894458,2546927888,33430,521.479947777778,173.883409333333,603.1355395,185.90033
2547577702,2547611053,33351,603.1355395,185.90033,658.557333103448,140.367518275862
2548561116,2548594303,33187,658.557333103448,140.367518275862,734.629276296296,131.620525185185
2549027825,2549060992,33167,734.629276296296,131.620525185185,837.991549777778,152.280741777778
2549794308,2549827693,33385,837.991549777778,152.280741777778,912.752113793103,134.203655862069
2550294336,2550377530,83194,912.752113793103,134.203655862069,552.012131428571,192.532042857143
2550477550,2550510946,33396,552.012131428571,192.532042857143,362.692898,200.533081
2550827663,2550860974,33311,362.692898,200.533081,411.363058947368,207.619296315789
2551477548,2551510819,33271,411.363058947368,207.619296315789,491.32135,200.677425555556
2553594064,2553627526,33462,491.32135,200.677425555556,591.533953103448,197.033684827586
2554094102,2554127590,33488,591.533953103448,197.033684827586,615.522400714286,191.869325
2554577355,2554610691,33336,615.522400714286,191.869325,706.094247407407,174.300952592593
2555044289,2555077358,33069,706.094247407407,174.300952592593,807.057189767442,167.843966976744
2555777354,2555960821,183467,807.057189767442,167.843966976744,825.953491666667,183.939781666667
2556144124,2556177316,33192,825.953491666667,183.939781666667,899.358574166667,163.450961666667
2556960635,2557027278,66643,899.358574166667,163.450961666667,581.7721575,193.7793075
2557143996,2557193947,49951,581.7721575,193.7793075,368.815070689655,212.639612758621
2558143984,2558177163,33179,368.815070689655,212.639612758621,478.592301111111,224.373522222222
2558760503,2558793809,33306,478.592301111111,224.373522222222,574.927271111111,221.620922222222
2559377186,2559410460,33274,574.927271111111,221.620922222222,660.292751071429,211.526981428571
2560327204,2560360495,33291,660.292751071429,211.526981428571,714.239354516129,198.078198064516
2561377053,2561410305,33252,714.239354516129,198.078198064516,833.755044324324,195.944175675676
2562010353,2562044010,33657,833.755044324324,195.944175675676,902.745848275862,191.043070344828
2562510321,2562576974,66653,902.745848275862,191.043070344828,559.983855555556,227.064546666667
2562710354,2562743876,33522,559.983855555556,227.064546666667,418.968682,237.926736
2562893569,2562927098,33529,418.968682,237.926736,364.487528421053,240.682732105263
2563543615,2563576990,33375,364.487528421053,240.682732105263,460.651492592593,238.144655555556
2564010247,2564043878,33631,460.651492592593,238.144655555556,562.833782962963,260.368623703704
2564476967,2564510244,33277,562.833782962963,260.368623703704,621.498731428571,241.871102857143
2564610203,2564793591,183388,621.498731428571,241.871102857143,687.797773846154,262.071969230769
2564993622,2565026920,33298,687.797773846154,262.071969230769,695.203337647059,245.352394117647
2565293591,2565326952,33361,695.203337647059,245.352394117647,743.603949444444,227.248142777778
2565910219,2565943645,33426,743.603949444444,227.248142777778,817.670066363636,185.440079090909
2566293431,2566326942,33511,817.670066363636,185.440079090909,887.245785217391,189.099543478261
2567076730,2567110078,33348,887.245785217391,189.099543478261,945.801188888889,200.068617777778
2567243521,2567310097,66576,945.801188888889,200.068617777778,563.700574285714,244.639037142857
2567410093,2567460373,50280,563.700574285714,244.639037142857,374.099944705882,265.552887058824
2567726775,2567760219,33444,374.099944705882,265.552887058824,390.117885176471,274.187860705882
2569160024,2569193341,33317,390.117885176471,274.187860705882,484.318278636364,269.295966818182
2569909966,2569943601,33635,484.318278636364,269.295966818182,574.143299393939,259.38282
2570476617,2570509975,33358,574.143299393939,259.38282,659.157046666667,257.075201212121
2571043492,2571076607,33115,659.157046666667,257.075201212121,744.884035897436,240.47785948718
2571709807,2571743255,33448,744.884035897436,240.47785948718,834.417415384615,235.070316923077
2572159871,2572193206,33335,834.417415384615,235.070316923077,897.8218825,222.195118333333
2572576453,2572776467,200014,897.8218825,222.195118333333,367.275964,265.147826666667
2573009804,2573043353,33549,367.275964,265.147826666667,389.018557222222,281.071519444444
2573626555,2573659947,33392,389.018557222222,281.071519444444,414.638289491525,294.24758440678
2574626474,2574659747,33273,414.638289491525,294.24758440678,522.09371804878,291.829135121951
2575326429,2575359792,33363,522.09371804878,291.829135121951,611.978208333333,272.865663333333
2575743155,2575776324,33169,611.978208333333,272.865663333333,675.947229285714,267.11017
2576226381,2576259634,33253,675.947229285714,267.11017,767.0717152,276.1362416
2577192928,2577226299,33371,767.0717152,276.1362416,840.884705822785,273.328347848101
2578526280,2578559626,33346,840.884705822785,273.328347848101,898.21399625,268.19371875
2578809468,2578876195,66727,898.21399625,268.19371875,471.749911111111,304.550893333333
2579009461,2579042991,33530,471.749911111111,304.550893333333,353.485558604651,320.496507906977
2579742871,2579776294,33423,353.485558604651,320.496507906977,429.93988,315.304714285714
2579992808,2580409514,416706,429.93988,315.304714285714,513.980416538462,318.789898461538
2581342746,2581376113,33367,513.980416538462,318.789898461538,522.688377142857,220.222102857143
2581476086,2581509348,33262,522.688377142857,220.222102857143,533.416064705882,314.573466470588
2582059385,2582092715,33330,533.416064705882,314.573466470588,635.89236,294.575444583333
2582875940,2582909301,33361,635.89236,294.575444583333,724.030145454546,300.512148181818
2583259431,2583292565,33134,724.030145454546,300.512148181818,782.277693333333,305.455845714286
2583626066,2583659424,33358,782.277693333333,305.455845714286,886.024168333333,291.811008888889
2584242747,2584325936,83189,886.024168333333,291.811008888889,404.3145075,331.4733675
2584442772,2584476013,33241,404.3145075,331.4733675,348.537683846154,333.161623076923
2584892571,2584925955,33384,348.537683846154,333.161623076923,460.111266769231,327.700147076923
2585992438,2586025932,33494,460.111266769231,327.700147076923,544.758977692308,321.148575769231
2586875839,2586909083,33244,544.758977692308,321.148575769231,616.8922975,310.58058125
2587159148,2587192446,33298,616.8922975,310.58058125,687.511691785714,293.187915357143
2588109087,2588142369,33282,687.511691785714,293.187915357143,771.274376888889,295.673185777778
2588875727,2588908973,33246,771.274376888889,295.673185777778,856.45141483871,289.066027096774
2589408968,2589442381,33413,856.45141483871,289.066027096774,895.982155,296.16643125
2589692295,2589775607,83312,895.982155,296.16643125,371.107922222222,354.426366666667
2590058996,2590092346,33350,371.107922222222,354.426366666667,398.519182222222,340.23222
2590525665,2590559107,33442,398.519182222222,340.23222,487.318938095238,340.537961904762
2590892194,2590925674,33480,487.318938095238,340.537961904762,548.789357931034,329.836606896552
2591392195,2591425673,33478,548.789357931034,329.836606896552,530.886028,329.3994
2591575609,2591608836,33227,530.886028,329.3994,633.750906666667,333.166333333333
2591742239,2591775594,33355,633.750906666667,333.166333333333,519.346344615385,326.776916923077
2591975613,2592008836,33223,519.346344615385,326.776916923077,512.085267142857,307.243067142857
2592225536,2592275471,49935,512.085267142857,307.243067142857,630.723346,338.275144
2592425559,2592458897,33338,630.723346,338.275144,680.550117272727,342.91206
2592808845,2592842240,33395,680.550117272727,342.91206,767.80170137931,327.644805517241
2593308852,2593342123,33271,767.80170137931,327.644805517241,840.951209444445,321.680693333333
