"start","end","duration","startx","starty","endx","endy"
1194884949,1194918295,33346,954.432071428571,559.312677142857,912.728938666667,503.633942666667
1195134829,1195201564,66735,912.728938666667,503.633942666667,642.867574285714,216.5386
1195301542,1195351851,50309,642.867574285714,216.5386,465.66042,83.0598466666667
1195484763,1195518300,33537,465.66042,83.0598466666667,397.437878095238,55.6140561904762
1195851609,1195884784,33175,397.437878095238,55.6140561904762,544.86617125,55.452145
1196134840,1196168175,33335,544.86617125,55.452145,376.9628952,36.6734376
1196568088,1196634831,66743,376.9628952,36.6734376,548.055669090909,47.3146954545455
1196968086,1197001418,33332,548.055669090909,47.3146954545455,401.041431428571,95.1076771428571
1197101433,1197134700,33267,401.041431428571,95.1076771428571,357.552957142857,111.18797
1197351642,1197468052,116410,357.552957142857,111.18797,371.654973170732,124.286836097561
1198134737,1198168067,33330,371.654973170732,124.286836097561,379.559917307692,131.040863461538
1199023975,1199067900,43925,379.559917307692,131.040863461538,544.096392,59.097668
1199223878,1199251397,27519,544.096392,59.097668,554.568630526316,42.2318631578947
1199867931,1199901284,33353,554.568630526316,42.2318631578947,423.105786956522,45.7032608695652
1200267935,1200301299,33364,423.105786956522,45.7032608695652,363.418140779221,138.246648571429
1201567787,1201601167,33380,363.418140779221,138.246648571429,422.044558787879,109.550958181818
1202134588,1202167813,33225,422.044558787879,109.550958181818,501.005017090909,121.814845090909
1203067854,1203101051,33197,501.005017090909,121.814845090909,579.916556410256,110.650603589744
1203734442,1203767675,33233,579.916556410256,110.650603589744,600.499548333333,106.621579166667
1204551319,1204584263,32944,600.499548333333,106.621579166667,552.653315172414,133.605002758621
1205051355,1205084274,32919,552.653315172414,133.605002758621,643.199485555556,123.531177777778
1205367664,1205484241,116577,643.199485555556,123.531177777778,673.542091428571,128.324322857143
1205584249,1205623912,39663,673.542091428571,128.324322857143,699.015156333333,103.055889
1206600924,1206634355,33431,699.015156333333,103.055889,766.869245909091,78.4343013636364
1207350983,1207384176,33193,766.869245909091,78.4343013636364,838.613888636364,94.1801818181818
1208100782,1208134207,33425,838.613888636364,94.1801818181818,714.44512,98.0375375
1208384179,1208417721,33542,714.44512,98.0375375,880.188827234043,92.48712
1209184181,1209224236,40055,880.188827234043,92.48712,916.241855238095,81.1031761904762
1209550856,1209650870,100014,916.241855238095,81.1031761904762,343.1801,135.6204275
1210167442,1210200811,33369,343.1801,135.6204275,365.35922,126.187066122449
1211000659,1211034087,33428,365.35922,126.187066122449,463.365402941177,144.587721176471
1211584013,1211624651,40638,463.365402941177,144.587721176471,541.622116216216,141.021572432432
1212223478,1212250725,27247,541.622116216216,141.021572432432,566.618762380952,121.071883809524
1212933956,1212967315,33359,566.618762380952,121.071883809524,668.926328444444,123.406297333333
1213700554,1213733988,33434,668.926328444444,123.406297333333,767.558259111111,111.124682222222
1214467231,1214500535,33304,767.558259111111,111.124682222222,808.671395,104.993722
1215150744,1215324192,173448,808.671395,104.993722,851.854886486487,128.629794594595
1215923938,1215950520,26582,851.854886486487,128.629794594595,909.3189875,113.308425833333
1216334684,1216400423,65739,909.3189875,113.308425833333,432.015202222222,147.8976
1216533785,1216567091,33306,432.015202222222,147.8976,362.111340555556,161.433887222222
1217150704,1217183622,32918,362.111340555556,161.433887222222,440.049752,164.921588
1217583631,1217623813,40182,440.049752,164.921588,511.612726666667,143.915721333333
1217850519,1217883650,33131,511.612726666667,143.915721333333,570.839545714286,122.17208
1217983703,1218100302,116599,570.839545714286,122.17208,429.754092380952,129.038315238095
1218433805,1218467127,33322,429.754092380952,129.038315238095,546.068821052632,143.048023157895
1218766975,1218800299,33324,546.068821052632,143.048023157895,606.790646666667,121.199845925926
1219233776,1219266917,33141,606.790646666667,121.199845925926,609.957414444444,109.498418888889
1219550364,1219583503,33139,609.957414444444,109.498418888889,513.784735454546,134.360319090909
1219933620,1219966926,33306,513.784735454546,134.360319090909,496.40303,160.770462727273
1220324240,1220450374,126134,496.40303,160.770462727273,529.4159408,161.5105096
1220850347,1220883489,33142,529.4159408,161.5105096,550.85,153.865418484849
1221966807,1222000167,33360,550.85,153.865418484849,627.842839636364,150.2743
1222900058,1222933730,33672,627.842839636364,150.2743,690.3674112,173.5468368
1223750363,1223783379,33016,690.3674112,173.5468368,739.76353875,151.10048
1224033980,1224066690,32710,739.76353875,151.10048,592.452234,165.230656
1224223457,1224250358,26901,592.452234,165.230656,508.735525714286,162.893309285714
1224700036,1224750118,50082,508.735525714286,162.893309285714,750.039236,134.973429333333
1224983242,1225024198,40956,750.039236,134.973429333333,812.9581025,115.410661
1225666649,1225699937,33288,812.9581025,115.410661,897.08126,123.093325853659
1226366557,1226433320,66763,897.08126,123.093325853659,572.1871,160.73904
1226533333,1226583260,49927,572.1871,160.73904,396.75437,182.39351
1226733348,1226766608,33260,396.75437,182.39351,372.318778863636,176.11362
1228224379,1228249867,25488,372.318778863636,176.11362,469.089898347107,175.82364231405
1230250116,1230282996,32880,469.089898347107,175.82364231405,510.373621818182,188.905034545455
1230449773,1230633075,183302,510.373621818182,188.905034545455,591.941147272727,172.529016363636
1231349733,1231383031,33298,591.941147272727,172.529016363636,634.8731775,175.884576666667
1231766277,1231799658,33381,634.8731775,175.884576666667,606.784192105263,175.364741578947
1232419521,1232449892,30371,606.784192105263,175.364741578947,661.197891428571,166.584732
1233024067,1233049584,25517,661.197891428571,166.584732,756.594078235294,163.155866470588
1233599544,1233633049,33505,756.594078235294,163.155866470588,831.108515,158.552546785714
1234549606,1234582782,33176,831.108515,158.552546785714,917.628383076923,147.988118461538
1235216237,1235266181,49944,917.628383076923,147.988118461538,591.122211428572,197.840314285714
1235366209,1235432835,66626,591.122211428572,197.840314285714,357.095853809524,199.991125714286
1236117919,1236149721,31802,357.095853809524,199.991125714286,383.183468,185.315962222222
1236882754,1236916163,33409,383.183468,185.315962222222,459.336890163934,191.261898688525
1237916272,1237949584,33312,459.336890163934,191.261898688525,483.888709230769,199.282710512821
1239232721,1239265950,33229,483.888709230769,199.282710512821,542.647307777778,191.397895555556
1239549684,1239582513,32829,542.647307777778,191.397895555556,582.909092173913,173.925467391304
1240332591,1240365888,33297,582.909092173913,173.925467391304,620.467731666667,200.636628333333
1240549294,1240665982,116688,620.467731666667,200.636628333333,670.314637714286,186.037834857143
1241232919,1241265806,32887,670.314637714286,186.037834857143,740.452975737705,183.46344
1242265821,1242299182,33361,740.452975737705,183.46344,834.15053212766,178.419254042553
1243849334,1243882411,33077,834.15053212766,178.419254042553,890.433050461539,168.08242
1244949317,1245015795,66478,890.433050461539,168.08242,641.283562857143,176.840877142857
1245117836,1245165686,47850,641.283562857143,176.840877142857,430.676978181818,191.688807272727
1245334207,1245365696,31489,430.676978181818,191.688807272727,347.855040869565,214.572219130435
1245732428,1245765698,33270,347.855040869565,214.572219130435,368.0292784,201.3525456
1246165693,1246198934,33241,368.0292784,201.3525456,427.942480454545,209.322344090909
1246925198,1246948980,23782,427.942480454545,209.322344090909,494.55603505618,216.792691011236
1248424145,1248449019,24874,494.55603505618,216.792691011236,584.927165142857,221.039676
1249015699,1249048822,33123,584.927165142857,221.039676,660.43128972973,197.169076756757
1249649005,1249681999,32994,660.43128972973,197.169076756757,731.208268695652,199.038290869565
1250432124,1250465479,33355,731.208268695652,199.038290869565,807.215648095238,182.294044285714
1251149003,1251181998,32995,807.215648095238,182.294044285714,912.725142903226,162.399396129032
1252198799,1252248751,49952,912.725142903226,162.399396129032,621.36196,215.908051428571
1252348801,1252415604,66803,621.36196,215.908051428571,361.272672222222,225.744526666667
1252698684,1252732228,33544,361.272672222222,225.744526666667,352.460436,236.30307325
1254048807,1254081914,33107,352.460436,236.30307325,435.866665614035,229.85006877193
1255024614,1255048712,24098,435.866665614035,229.85006877193,523.983027428572,236.299822857143
1255623545,1255648717,25172,523.983027428572,236.299822857143,595.859501111111,229.904403333333
1255931865,1256098425,166560,595.859501111111,229.904403333333,621.383107096774,241.788298709677
1256598411,1256631835,33424,621.383107096774,241.788298709677,695.969690333333,220.877031
1257624078,1257648746,24668,695.969690333333,220.877031,788.039630588235,225.161078431373
1258481630,1258524035,42405,788.039630588235,225.161078431373,851.967925263158,218.245642631579
1259131747,1259165197,33450,851.967925263158,218.245642631579,820.526116923077,219.400453846154
1259364925,1259398272,33347,820.526116923077,219.400453846154,887.970075757576,197.874823030303
1259932210,1259964948,32738,887.970075757576,197.874823030303,942.141545714286,183.384762857143
1260064953,1260131601,66648,942.141545714286,183.384762857143,605.495817142857,233.7753
1260231655,1260264977,33322,605.495817142857,233.7753,413.441617142857,244.94874
1260364933,1260398142,33209,413.441617142857,244.94874,369.85893509434,255.761407169811
1261264825,1261298176,33351,369.85893509434,255.761407169811,461.759930434783,272.050265217391
1261664800,1261698175,33375,461.759930434783,272.050265217391,529.717650294118,269.886183235294
1262814962,1262848262,33300,529.717650294118,269.886183235294,611.735759344262,245.108321311475
1263848326,1263881365,33039,611.735759344262,245.108321311475,702.841089565217,261.567460869565
1264248338,1264281382,33044,702.841089565217,261.567460869565,750.96091625,247.38426325
1265597925,1265631361,33436,750.96091625,247.38426325,815.145554725275,232.996977802198
1267132809,1267164582,31773,815.145554725275,232.996977802198,904.473908095238,223.974964761905
1267848087,1267881124,33037,904.473908095238,223.974964761905,942.65314,230.0482425
1267997790,1268081186,83396,942.65314,230.0482425,517.077565,298.5365225
1268197822,1268231388,33566,517.077565,298.5365225,399.31535,312.3135275
1268348108,1268381134,33026,399.31535,312.3135275,352.9263165,291.770387
1269697844,1269731081,33237,352.9263165,291.770387,425.454592857143,289.586910714286
1270181033,1270314525,133492,425.454592857143,289.586910714286,455.993785079365,303.043106031746
1271347935,1271380993,33058,455.993785079365,303.043106031746,529.671698545455,296.308009090909
1272280876,1272321050,40174,529.671698545455,296.308009090909,590.542721758242,276.963009450549
1273824546,1273847716,23170,590.542721758242,276.963009450549,681.687152820513,275.150473333333
1274480883,1274524940,44057,681.687152820513,275.150473333333,719.026253414634,276.675865609756
1275864224,1275897430,33206,719.026253414634,276.675865609756,794.389872777778,264.316582222222
1276480749,1276524147,43398,794.389872777778,264.316582222222,875.13253125,260.628165
1277031065,1277064129,33064,875.13253125,260.628165,916.777053333333,247.120518333333
1277247627,1277331641,84014,916.777053333333,247.120518333333,484.236777777778,303.203964444444
1277464061,1277497422,33361,484.236777777778,303.203964444444,374.823794666667,322.474049333333
1277731574,1277764079,32505,374.823794666667,322.474049333333,369.916345714286,316.45304952381
1278447562,1278480633,33071,369.916345714286,316.45304952381,446.737646071429,306.279065357143
1279397263,1279430726,33463,446.737646071429,306.279065357143,452.034769333333,322.466502666667
1279663943,1279963947,300004,452.034769333333,322.466502666667,518.961356923077,331.680046153846
1280163962,1280197294,33332,518.961356923077,331.680046153846,494.80688195122,309.067315609756
1280847363,1280880516,33153,494.80688195122,309.067315609756,601.369060714286,311.727946428571
1281331666,1281363816,32150,601.369060714286,311.727946428571,653.624313333333,307.805333333333
1282647199,1282680373,33174,653.624313333333,307.805333333333,722.539726956522,313.524686521739
1283430508,1283463827,33319,722.539726956522,313.524686521739,805.043806133333,301.1845696
1284697019,1284731930,34911,805.043806133333,301.1845696,881.163356551724,282.729732413793
1285197063,1285380305,183242,881.163356551724,282.729732413793,361.755635,341.4956625
1285496924,1285530365,33441,361.755635,341.4956625,326.20311047619,345.802337142857
1285863700,1285896908,33208,326.20311047619,345.802337142857,350.706621764706,325.935545294118
1286447086,1286513596,66510,350.706621764706,325.935545294118,644.660570526316,295.363338947368
1287130250,1287163721,33471,644.660570526316,295.363338947368,691.109372727273,275.982736363636
1287332615,1287363570,30955,691.109372727273,275.982736363636,817.786838,299.766366
1287513866,1287563576,49710,817.786838,299.766366,911.487928,272.314638666667
1287796881,1287880180,83299,911.487928,272.314638666667,501.777238461539,321.014332307692
1288080154,1288147080,66926,501.777238461539,321.014332307692,563.733161666667,304.476183333333
1288332684,1288363580,30896,563.733161666667,304.476183333333,622.394228888889,298.309984444444
1288496809,1288530574,33765,622.394228888889,298.309984444444,474.706438888889,331.00583
1288813384,1288846827,33443,474.706438888889,331.00583,437.699140895522,330.438341791045
1289947101,1289980011,32910,437.699140895522,330.438341791045,480.756394915254,331.152005423729
1290946933,1290980011,33078,480.756394915254,331.152005423729,572.91317,321.021562857143
1291663326,1291696674,33348,572.91317,321.021562857143,642.578123636364,305.964441818182
1292423153,1292446957,23804,642.578123636364,305.964441818182,690.10774,310.755278285714
1293023918,1293046577,22659,690.10774,310.755278285714,695.450152413793,294.844475172414
1293523968,1293546823,22855,695.450152413793,294.844475172414,799.257720476191,287.051961904762
1294231751,1294263225,31474,799.257720476191,287.051961904762,783.939995833333,269.9433975
1294646587,1294679820,33233,783.939995833333,269.9433975,858.422918571429,272.539727142857
1295131652,1295163224,31572,858.422918571429,272.539727142857,934.965483076923,276.43476
1295363193,1295446778,83585,934.965483076923,276.43476,355.60722,363.893490909091
1295623763,1295646689,22926,355.60722,363.893490909091,334.540462631579,349.464842631579
1296263082,1296296419,33337,334.540462631579,349.464842631579,432.799358787879,344.361794545455
1296832195,1296863066,30871,432.799358787879,344.361794545455,526.435912666667,343.532620333333
1297846483,1297879672,33189,526.435912666667,343.532620333333,594.95014,337.507897142857
1297979668,1298029713,50045,594.95014,337.507897142857,918.146976111111,345.733744444444
1298618516,1298646400,27884,918.146976111111,345.733744444444,932.9944425,346.75163
