"start","end","duration","startx","starty","endx","endy"
431491590724,431491741124,150400,620.443297647059,277.714351764706,470.828148888889,107.042982222222
431491874407,431491907368,32961,470.828148888889,107.042982222222,395.435823333333,100.225082777778
431492490885,431492524029,33144,395.435823333333,100.225082777778,401.297941176471,33.0927470588235
431492790774,431492824030,33256,401.297941176471,33.0927470588235,509.221378,40.500506
431493143522,431493174093,30571,509.221378,40.500506,628.868905333333,54.4959306666667
431493407531,431493440744,33213,628.868905333333,54.4959306666667,715.400092857143,40.5051514285714
431493657599,431493690655,33056,715.400092857143,40.5051514285714,777.602681052632,39.7975610526316
431493990667,431494057409,66742,777.602681052632,39.7975610526316,439.923412727273,101.70772
431494224022,431494257375,33353,439.923412727273,101.70772,439.179896923077,113.84447
431494674118,431494707242,33124,439.179896923077,113.84447,535.24324,122.48649826087
431495073963,431495107262,33299,535.24324,122.48649826087,634.5723505,118.5508055
431495757336,431495790560,33224,634.5723505,118.5508055,739.282771578947,107.600538947368
431496090552,431496123896,33344,739.282771578947,107.600538947368,824.916731111111,106.973412222222
431496707114,431496740611,33497,824.916731111111,106.973412222222,887.060148,99.8498093333333
431497223906,431497307119,83213,887.060148,99.8498093333333,412.148646470588,125.394873529412
431497857219,431497890546,33327,412.148646470588,125.394873529412,495.46073,148.210268571429
431498343747,431498373955,30208,495.46073,148.210268571429,435.281605,140.080634166667
431498757252,431498790392,33140,435.281605,140.080634166667,591.246685714286,147.93108
431498890389,431498923775,33386,591.246685714286,147.93108,749.020802857143,133.669865714286
431499023772,431499057058,33286,749.020802857143,133.669865714286,762.868986,116.916244
431499373838,431499406980,33142,762.868986,116.916244,552.981010769231,112.878481538462
431499607003,431499643942,36939,552.981010769231,112.878481538462,467.79634,114.925904285714
431499857091,431499890428,33337,467.79634,114.925904285714,420.5611,111.007920833333
431500274013,431500306980,32967,420.5611,111.007920833333,540.236099259259,124.689717037037
431500742615,431500773734,31119,540.236099259259,124.689717037037,631.410048571429,119.049837142857
431501107000,431501142707,35707,631.410048571429,119.049837142857,731.228221538462,110.06214
431501343659,431501373713,30054,731.228221538462,110.06214,842.798340740741,102.321851111111
431501806867,431501843737,36870,842.798340740741,102.321851111111,880.8502075,80.4677325
431501956940,431502040381,83441,880.8502075,80.4677325,452.396416571429,140.097039428571
431502606873,431502643091,36218,452.396416571429,140.097039428571,565.038085777778,140.855473777778
431503373575,431503406874,33299,565.038085777778,140.855473777778,639.905641428571,126.585974285714
431503843005,431503873579,30574,639.905641428571,126.585974285714,727.257102325581,130.30658372093
431504573612,431504606731,33119,727.257102325581,130.30658372093,826.181463478261,124.241400869565
431504973465,431505006729,33264,826.181463478261,124.241400869565,870.93892,110.871664615385
431505206742,431505273586,66844,870.93892,110.871664615385,402.482864444444,139.128201111111
431505556816,431505590153,33337,402.482864444444,139.128201111111,412.50508,156.240541818182
431506306745,431506373706,66961,412.50508,156.240541818182,748.9581,142.4834625
431506623397,431506656747,33350,748.9581,142.4834625,743.757070212766,127.760272765957
431507423269,431507456747,33478,743.757070212766,127.760272765957,847.460461052632,121.510451052632
431508073462,431508156707,83245,847.460461052632,121.510451052632,444.1691064,158.420464
431508973345,431509006503,33158,444.1691064,158.420464,557.015492727273,163.649661818182
431509539977,431509573579,33602,557.015492727273,163.649661818182,653.87185,146.9488775
431509956556,431509989967,33411,653.87185,146.9488775,736.38786,146.26996
431510306495,431510343623,37128,736.38786,146.26996,794.21530173913,136.718254782609
431510706488,431510739864,33376,794.21530173913,136.718254782609,689.898127179487,138.156245128205
431511373265,431511406379,33114,689.898127179487,138.156245128205,816.35021125,129.5923825
431511656437,431511689763,33326,816.35021125,129.5923825,862.105246666667,140.213822222222
431511823143,431511889801,66658,862.105246666667,140.213822222222,413.152052222222,173.051398888889
431512173396,431512206394,32998,413.152052222222,173.051398888889,431.9493625,180.3978525
431512589758,431512623028,33270,431.9493625,180.3978525,532.537459333333,170.510824666667
431513106359,431513139748,33389,532.537459333333,170.510824666667,627.419916,166.5648184
431513539780,431513573091,33311,627.419916,166.5648184,724.336488947368,169.484151052632
431514189658,431514223034,33376,724.336488947368,169.484151052632,816.780373103448,165.377404827586
431514689635,431514722894,33259,816.780373103448,165.377404827586,882.43636,158.668276363636
431514889618,431514972968,83350,882.43636,158.668276363636,396.980301481481,185.26895037037
431515406246,431515444208,37962,396.980301481481,185.26895037037,431.304583428571,200.787215428571
431516006245,431516044859,38614,431.304583428571,200.787215428571,522.0793965,198.0310765
431516689536,431516722900,33364,522.0793965,198.0310765,565.56238440678,189.696650847458
431517689538,431517722777,33239,565.56238440678,189.696650847458,670.147393191489,180.308110638298
431518489470,431518522783,33313,670.147393191489,180.308110638298,751.396203636364,192.70452
431518872854,431518906002,33148,751.396203636364,192.70452,856.678245128205,175.786988205128
431519544943,431519572844,27901,856.678245128205,175.786988205128,893.675949090909,173.955961818182
431519739586,431519806034,66448,893.675949090909,173.955961818182,412.237475714286,185.986197142857
431520022657,431520056080,33423,412.237475714286,185.986197142857,412.117091428571,215.510931428571
431520856090,431520889268,33178,412.117091428571,215.510931428571,479.920792857143,203.219788571429
431521105997,431521156121,50124,479.920792857143,203.219788571429,675.293098,182.959584
431521306020,431521339406,33386,675.293098,182.959584,830.19104,180.71266
431521722651,431521755921,33270,830.19104,180.71266,874.775798461538,184.44988
431521955965,431522022629,66664,874.775798461538,184.44988,514.823284444445,215.502451111111
431522155938,431522189310,33372,514.823284444445,215.502451111111,449.01448,214.9498664
431523005890,431523043520,37630,449.01448,214.9498664,508.202945833333,210.445880833333
431523422522,431523455933,33411,508.202945833333,210.445880833333,456.019969090909,207.748876363636
431523622534,431523655995,33461,456.019969090909,207.748876363636,592.651614705882,221.675064117647
431524205731,431524244541,38810,592.651614705882,221.675064117647,653.481367906977,210.251771162791
431524940880,431524972470,31590,653.481367906977,210.251771162791,740.555141904762,198.856642857143
431525305777,431525433547,127770,740.555141904762,198.856642857143,857.6589,205.076225416667
431526205744,431526272667,66923,857.6589,205.076225416667,458.2543,225.707228888889
431526405606,431526441743,36137,458.2543,225.707228888889,399.122692258065,226.244473548387
431526940863,431526972743,31880,399.122692258065,226.244473548387,498.239683,233.421585
431527289050,431527322263,33213,498.239683,233.421585,591.954615652174,236.108536521739
431527689020,431527722283,33263,591.954615652174,236.108536521739,725.138475,220.3367825
431527843468,431527872525,29057,725.138475,220.3367825,876.842953571429,201.714924285714
431528322266,431528355599,33333,876.842953571429,201.714924285714,862.998014117647,202.584891764706
431528622286,431528655716,33430,862.998014117647,202.584891764706,707.810848888889,219.283131111111
431528788926,431528822270,33344,707.810848888889,219.283131111111,666.5598816,241.1803176
431529222281,431529255563,33282,666.5598816,241.1803176,719.345747272727,232.152232727273
431529972217,431530005495,33278,719.345747272727,232.152232727273,701.870831578947,233.580088421053
431530305500,431530343714,38214,701.870831578947,233.580088421053,809.326866666667,230.814541666667
431530722156,431530755549,33393,809.326866666667,230.814541666667,884.6621775,229.988626666667
431531138959,431531205489,66530,884.6621775,229.988626666667,400.667597142857,244.201044285714
431531888804,431531922160,33356,400.667597142857,244.201044285714,498.303339333333,250.722824
431532405371,431532438990,33619,498.303339333333,250.722824,590.68838,267.981154814815
431532872129,431532905377,33248,590.68838,267.981154814815,696.300132173913,269.17512
431533272103,431533305380,33277,696.300132173913,269.17512,765.049845185185,263.139677777778
431533742741,431533772174,29433,765.049845185185,263.139677777778,859.951052222222,252.67211
431534055849,431534122034,66185,859.951052222222,252.67211,416.72889,261.35414
431534238751,431534272127,33376,416.72889,261.35414,418.505287826087,259.599057826087
431535022282,431535055339,33057,418.505287826087,259.599057826087,513.993285714286,272.409455714286
431535505272,431535542409,37137,513.993285714286,272.409455714286,602.882224571429,288.257930285714
431536105245,431536143283,38038,602.882224571429,288.257930285714,673.604208571429,288.464104571429
431536705120,431536743140,38020,673.604208571429,288.464104571429,781.772986486487,277.165643243243
431537955239,431537988428,33189,781.772986486487,277.165643243243,867.9049255,275.824352
431538643893,431538721781,77888,867.9049255,275.824352,404.484503255814,289.151961395349
431539421770,431539455074,33304,404.484503255814,289.151961395349,491.330974146341,293.62348
431540121660,431540155061,33401,491.330974146341,293.62348,587.940488571429,286.143657142857
431540604989,431540642679,37690,587.940488571429,286.143657142857,689.928899365079,291.615772063492
431541671721,431541704877,33156,689.928899365079,291.615772063492,778.659647659574,289.974319148936
431542471878,431542504866,32988,778.659647659574,289.974319148936,871.318272666667,283.532281333333
431542988134,431543055092,66958,871.318272666667,283.532281333333,401.313642352941,305.170201176471
431543321778,431543354866,33088,401.313642352941,305.170201176471,422.671302666667,298.960436666667
431543843732,431543871766,28034,422.671302666667,298.960436666667,502.673486363636,312.204003636364
431544221538,431544254838,33300,502.673486363636,312.204003636364,606.128810714286,303.928629285714
431544704736,431544743244,38508,606.128810714286,303.928629285714,696.558288235294,307.535930588235
431545004765,431545042978,38213,696.558288235294,307.535930588235,769.130116,304.3809645
431545688011,431545721394,33383,769.130116,304.3809645,727.215927272727,310.785374545455
431546071639,431546104757,33118,727.215927272727,310.785374545455,847.594334285714,307.540235
431546554715,431546621420,66705,847.594334285714,307.540235,417.276137333333,312.998017333333
431546854758,431546888012,33254,417.276137333333,312.998017333333,419.006346666667,328.272477142857
431547221280,431547255206,33926,419.006346666667,328.272477142857,529.970935555556,341.435188888889
431547542798,431547571351,28553,529.970935555556,341.435188888889,634.001779047619,334.768999047619
431547904604,431547941614,37010,634.001779047619,334.768999047619,702.369974285714,332.384565714286
