"start","end","duration","startx","starty","endx","endy"
348163995353,348164026497,31144,587.136951428571,150.505014285714,577.424808333333,108.34077
348164195293,348164228660,33367,577.424808333333,108.34077,373.006244,79.852092
348164378557,348164412140,33583,373.006244,79.852092,372.081454074074,40.9642592592593
348164845199,348164878570,33371,372.081454074074,40.9642592592593,363.21682375,90.41930875
348165128649,348165161799,33150,363.21682375,90.41930875,417.519427692308,97.36946
348165362037,348165396097,34060,417.519427692308,97.36946,354.192173714286,50.6649234285714
348165961951,348165995285,33334,354.192173714286,50.6649234285714,476.502268,67.166426
348166311850,348166361827,49977,476.502268,67.166426,587.524384,78.736684
348166511852,348166545034,33182,587.524384,78.736684,660.801502352941,86.7646247058824
348166811986,348166845070,33084,660.801502352941,86.7646247058824,747.696756842105,72.9387936842105
348167461674,348167495162,33488,747.696756842105,72.9387936842105,762.443090769231,107.067995384615
348168128687,348168195715,67028,762.443090769231,107.067995384615,370.523494444444,105.621425555556
348168478321,348168511730,33409,370.523494444444,105.621425555556,530.708748108108,110.373751891892
348169111820,348169144929,33109,530.708748108108,110.373751891892,570.499946,109.554434
348169295027,348169328356,33329,570.499946,109.554434,404.598957142857,128.466111428571
348169428420,348170078278,649858,404.598957142857,128.466111428571,-1.38159849056604,-90.5169335849057
348171566689,348171981801,415112,-1.38159849056604,-90.5169335849057,614.816821428571,176.75199
348172200138,348172231259,31121,614.816821428571,176.75199,673.8993336,203.874008
348172631258,348172664410,33152,673.8993336,203.874008,707.343350612245,211.829740816327
348173464457,348173498541,34084,707.343350612245,211.829740816327,737.188825483871,202.263927096774
348174514605,348174547659,33054,737.188825483871,202.263927096774,827.565564,189.929822857143
348175114508,348175147666,33158,827.565564,189.929822857143,880.166005555556,198.575882222222
348175431103,348175514631,83528,880.166005555556,198.575882222222,383.2142612,216.4035524
348176331026,348176364325,33299,383.2142612,216.4035524,441.011124545455,222.282705454545
348176714361,348176747734,33373,441.011124545455,222.282705454545,535.98273625,237.77887
348176999775,348177030977,31202,535.98273625,237.77887,607.44398,234.765051724138
348177497676,348177531003,33327,607.44398,234.765051724138,709.471755833333,231.6603275
348177914462,348177947558,33096,709.471755833333,231.6603275,794.99743627907,237.39940744186
348178647551,348178680778,33227,794.99743627907,237.39940744186,893.520944347826,227.408244347826
348179047540,348179130890,83350,893.520944347826,227.408244347826,356.712769166667,236.687174166667
348179514444,348179547391,32947,356.712769166667,236.687174166667,403.6568275,249.82635
348179664176,348179780816,116640,403.6568275,249.82635,398.450625789474,244.214414210526
348180398087,348180431103,33016,398.450625789474,244.214414210526,453.895222105263,255.079873684211
348180730883,348180764068,33185,453.895222105263,255.079873684211,522.140734074074,268.272697777778
348181197531,348181230738,33207,522.140734074074,268.272697777778,602.212257931035,281.502022758621
348181697558,348181730749,33191,602.212257931035,281.502022758621,674.570415714286,274.281563571429
348182180654,348182214105,33451,674.570415714286,274.281563571429,753.390181739131,248.766019130435
348182580661,348182614100,33439,753.390181739131,248.766019130435,825.8967712,235.1425728
348183014257,348183047281,33024,825.8967712,235.1425728,903.861444,229.652848
348183197397,348183297516,100119,903.861444,229.652848,360.406726923077,256.901293846154
348183714155,348183747281,33126,360.406726923077,256.901293846154,452.1667136,272.5634568
348184147275,348184180546,33271,452.1667136,272.5634568,522.684343125,278.327738125
348184797266,348184830622,33356,522.684343125,278.327738125,405.883501176471,240.172516470588
348185097454,348185130642,33188,405.883501176471,240.172516470588,363.404714,239.96673
348185280544,348185347158,66614,363.404714,239.96673,787.295958888889,234.066131111111
348185630626,348185663827,33201,787.295958888889,234.066131111111,856.509580666667,204.935976666667
348186147187,348186180434,33247,856.509580666667,204.935976666667,888.240911428571,197.847085714286
348186280410,348186363844,83434,888.240911428571,197.847085714286,371.603861777778,243.279956444444
348187097208,348187130477,33269,371.603861777778,243.279956444444,456.938128148148,256.78833037037
348187563818,348187597172,33354,456.938128148148,256.78833037037,523.50059,265.1623775
348187713861,348187747016,33155,523.50059,265.1623775,591.076176190476,265.129441904762
348188080411,348188197165,116754,591.076176190476,265.129441904762,573.843924444444,217.608291111111
348188330554,348188413750,83196,573.843924444444,217.608291111111,664.225642666667,281.167093333333
348188647069,348188680287,33218,664.225642666667,281.167093333333,711.634426,280.42273
348188830352,348188863691,33339,711.634426,280.42273,837.32122,277.16022125
348189113889,348189147057,33168,837.32122,277.16022125,903.857184285714,251.073861428571
348189363691,348189446894,83203,903.857184285714,251.073861428571,379.217041904762,248.508282857143
348189780333,348189814029,33696,379.217041904762,248.508282857143,460.082754615385,285.541364615385
348190230406,348190263583,33177,460.082754615385,285.541364615385,554.688070204082,303.604924081633
348191146896,348191180169,33273,554.688070204082,303.604924081633,624.108397,300.683074333333
348192163535,348192196932,33397,624.108397,300.683074333333,688.100339672131,282.883334754098
348193197615,348193230237,32622,688.100339672131,282.883334754098,746.729868888889,282.977005555556
348193513756,348193546782,33026,746.729868888889,282.977005555556,831.176574444445,270.353155555556
348193830092,348193863449,33357,831.176574444445,270.353155555556,900.32184,271.779007878788
348194397197,348194480037,82840,900.32184,271.779007878788,364.446475714286,285.839268571429
348194696758,348194730173,33415,364.446475714286,285.839268571429,373.069486666667,280.026625333333
348194963485,348194996787,33302,373.069486666667,280.026625333333,485.06577030303,295.01923030303
348195530101,348195563324,33223,485.06577030303,295.01923030303,569.090134615385,310.906420769231
348195980032,348196013348,33316,569.090134615385,310.906420769231,635.941234814815,317.271706666667
348196446719,348196479944,33225,635.941234814815,317.271706666667,725.822080833333,306.778715
348196863323,348196896668,33345,725.822080833333,306.778715,829.281937435897,288.757463589744
348197529980,348197563326,33346,829.281937435897,288.757463589744,899.408466363636,283.001810909091
348197913335,348197996649,83314,899.408466363636,283.001810909091,421.448442857143,302.485071428571
348198096651,348198130694,34043,421.448442857143,302.485071428571,372.548535862069,298.642507586207
348198596702,348198629919,33217,372.548535862069,298.642507586207,403.970904210526,312.546692631579
348199246537,348199279793,33256,403.970904210526,312.546692631579,450.583642962963,304.826281481481
348199713437,348199746439,33002,450.583642962963,304.826281481481,519.281471111111,317.134917777778
348200030112,348200063182,33070,519.281471111111,317.134917777778,617.822903571429,324.134282857143
348200513342,348200546395,33053,617.822903571429,324.134282857143,694.410157297297,326.75145027027
348201146461,348201179697,33236,694.410157297297,326.75145027027,795.4996875,304.745216666667
348201563060,348201596505,33445,795.4996875,304.745216666667,878.325621904762,303.002157142857
348202279667,348202346281,66614,878.325621904762,303.002157142857,398.78989,320.346216
348202496524,348202529795,33271,398.78989,320.346216,380.905963478261,321.799793043478
348203279693,348203313200,33507,380.905963478261,321.799793043478,479.714482,343.2924835
348203962931,348203996450,33519,479.714482,343.2924835,591.902799090909,370.912982727273
348204346185,348204379559,33374,591.902799090909,370.912982727273,658.779308333333,370.818329166667
348204762947,348204797312,34365,658.779308333333,370.818329166667,757.108119090909,334.844861818182
348205146166,348205179559,33393,757.108119090909,334.844861818182,842.756537647059,339.522283529412
348205729662,348205762795,33133,842.756537647059,339.522283529412,929.633130909091,338.073823030303
348206296275,348206379453,83178,929.633130909091,338.073823030303,389.607975483871,346.512387096774
348206879412,348206913036,33624,389.607975483871,346.512387096774,489.293971428571,374.421760714286
348207362807,348207397065,34258,489.293971428571,374.421760714286,543.843789180328,371.08872852459
348208398965,348208429535,30570,543.843789180328,371.08872852459,484.090743,354.126602
348208746070,348208779324,33254,484.090743,354.126602,571.202064285714,358.354358571429
348209229376,348209262668,33292,571.202064285714,358.354358571429,695.703478181818,375.855953939394
348209796005,348209829356,33351,695.703478181818,375.855953939394,769.164833076923,349.473805384615
348210245956,348210279314,33358,769.164833076923,349.473805384615,837.595028235294,341.754092352941
348210829367,348210862567,33200,837.595028235294,341.754092352941,900.564970526316,352.04022
348211162532,348211229345,66813,900.564970526316,352.04022,366.089985,346.488066428571
348211679156,348211712747,33591,366.089985,346.488066428571,441.102904615385,370.725568846154
348212562545,348212595909,33364,441.102904615385,370.725568846154,514.299123333333,383.533261666667
348212779162,348212879171,100009,514.299123333333,383.533261666667,546.551116,351.34844
348213129232,348213162459,33227,546.551116,351.34844,662.01494,383.306753
348213479170,348213512626,33456,662.01494,383.306753,704.725265,377.485332
348213829112,348213862458,33346,704.725265,377.485332,790.715502173913,373.427747391304
348214612399,348214645704,33305,790.715502173913,373.427747391304,866.862244705882,380.838051764706
348214912719,348214945675,32956,866.862244705882,380.838051764706,922.062964210526,356.998973684211
348215245692,348215312596,66904,922.062964210526,356.998973684211,378.6259925,392.634728333333
348215695766,348215729112,33346,378.6259925,392.634728333333,418.31118,378.64564375
348215979070,348216012349,33279,418.31118,378.64564375,512.768871666667,403.152218333333
348216395680,348216429277,33597,512.768871666667,403.152218333333,597.056741818182,403.453590909091
348216778913,348216812521,33608,597.056741818182,403.453590909091,719.108907727273,398.62738
348217529007,348217562305,33298,719.108907727273,398.62738,822.801936,387.748174
348217878915,348217912386,33471,822.801936,387.748174,897.667643846154,382.283673076923
348218329049,348218395643,66594,897.667643846154,382.283673076923,388.918958333333,428.598681666667
348218578834,348218612234,33400,388.918958333333,428.598681666667,386.578379,405.219597
348218928858,348218962204,33346,386.578379,405.219597,489.74405862069,406.284922758621
348219428873,348219462176,33303,489.74405862069,406.284922758621,587.56628,428.857453
348219778791,348219812392,33601,587.56628,428.857453,660.629077894737,436.62398
348220112415,348220145455,33040,660.629077894737,436.62398,762.626470909091,420.241641818182
348220312337,348220345452,33115,762.626470909091,420.241641818182,863.283324137931,404.686796551724
348220812272,348220912196,99924,863.283324137931,404.686796551724,367.291375135135,407.686042162162
348221512300,348221545423,33123,367.291375135135,407.686042162162,453.453598,434.264953333333
348222029008,348222062049,33041,453.453598,434.264953333333,554.917279583333,436.3484325
348222845321,348222878702,33381,554.917279583333,436.3484325,634.365925625,418.879173125
348223395425,348223428747,33322,634.365925625,418.879173125,739.53958,438.169283076923
348223628647,348223661922,33275,739.53958,438.169283076923,810.768997575758,440.588569090909
348224195384,348224228823,33439,810.768997575758,440.588569090909,901.7476325,451.23789
348224328639,348224678549,349910,901.7476325,451.23789,469.714122222222,72.4796066666667
348224812101,348224845190,33089,469.714122222222,72.4796066666667,381.768874285714,61.9662828571429
348225061909,348225228635,166726,381.768874285714,61.9662828571429,909.553954358974,449.507563589744
