"start","end","duration","startx","starty","endx","endy"
20249930567,20250009888,79321,580.601646666667,103.976004444444,698.68352,76.6699345454546
20250182206,20250243007,60801,698.68352,76.6699345454546,385.4828125,-51.5012575
20250359659,20250393193,33534,385.4828125,-51.5012575,291.776985,-103.969161666667
20250584244,20250626420,42176,291.776985,-103.969161666667,443.8265,-65.7458308333333
20251009720,20251059661,49941,443.8265,-65.7458308333333,321.801086,-100.56729
20251209738,20251281738,72000,321.801086,-100.56729,631.9548075,-21.76560125
20251526289,20251559671,33382,631.9548075,-21.76560125,723.412944,-14.451427
20251876762,20251905811,29049,723.412944,-14.451427,843.560444705882,-1.41174823529412
20252159671,20252242863,83192,843.560444705882,-1.41174823529412,345.305069411765,-47.39516
20252509883,20252542875,32992,345.305069411765,-47.39516,324.505990769231,59.2780338461539
20252959551,20252993007,33456,324.505990769231,59.2780338461539,419.156071,102.983969
20253309778,20253342864,33086,419.156071,102.983969,472.7664325,119.1711025
20253459566,20253609861,150295,472.7664325,119.1711025,524.98160875,119.21310125
20253859543,20253893510,33967,524.98160875,119.21310125,493.676414545455,93.4185436363636
20254059551,20254093280,33729,493.676414545455,93.4185436363636,623.264280869565,88.7822808695652
20254459575,20254492834,33259,623.264280869565,88.7822808695652,507.121446666667,90.9356666666667
20254626183,20254659539,33356,507.121446666667,90.9356666666667,685.530360666667,107.740060666667
20255142732,20255182870,40138,685.530360666667,107.740060666667,599.55284,121.000453333333
20255459424,20255492826,33402,599.55284,121.000453333333,689.975523333333,72.0283222222222
20255781034,20255809754,28720,689.975523333333,72.0283222222222,737.647429756098,75.4470941463415
20256459449,20256493319,33870,737.647429756098,75.4470941463415,801.431908717949,97.2100671794872
20257126033,20257159425,33392,801.431908717949,97.2100671794872,859.06738,94.17902
20257409480,20257492860,83380,859.06738,94.17902,372.160875,107.8544625
20257609617,20257642691,33074,372.160875,107.8544625,347.822677647059,88.28684
20257909594,20257942620,33026,347.822677647059,88.28684,512.092987826087,92.0449947826087
20258309498,20258342646,33148,512.092987826087,92.0449947826087,612.499635833333,75.3568033333333
20258725938,20258759305,33367,612.499635833333,75.3568033333333,600.149224545455,76.8670009090909
20259109534,20259142496,32962,600.149224545455,76.8670009090909,506.570299344262,89.5947436065574
20260142521,20260182869,40348,506.570299344262,89.5947436065574,376.21008125,80.0596325
20260425926,20260459177,33251,376.21008125,80.0596325,359.604694545455,91.1245509090909
20260625917,20260842504,216587,359.604694545455,91.1245509090909,515.446473333333,122.519806666667
20261081879,20261109409,27530,515.446473333333,122.519806666667,516.543042352941,104.655937647059
20261642417,20261682142,39725,516.543042352941,104.655937647059,624.425176666667,95.2141057142857
20262359171,20262392492,33321,624.425176666667,95.2141057142857,745.717117142857,93.14317
20262609203,20262642371,33168,745.717117142857,93.14317,830.321450285714,93.8503902857143
20263209246,20263281810,72564,830.321450285714,93.8503902857143,360.775133333333,122.240413333333
20263559053,20263593313,34260,360.775133333333,122.240413333333,374.509208571429,93.25325
20263809107,20263842408,33301,374.509208571429,93.25325,416.079866,79.2134986666667
20264325676,20264359040,33364,416.079866,79.2134986666667,518.477682857143,118.901165714286
20264459046,20264492329,33283,518.477682857143,118.901165714286,537.817315223881,125.811843880597
20265592387,20265625688,33301,537.817315223881,125.811843880597,650.028490833333,101.682445833333
20266008976,20266042250,33274,650.028490833333,101.682445833333,735.43033,76.7803883333333
20266425554,20266458925,33371,735.43033,76.7803883333333,817.315824761905,42.6621352380952
20266792212,20266982823,190611,817.315824761905,42.6621352380952,334.8234672,80.0013608
20267382238,20267442119,59881,334.8234672,80.0013608,422.882856363636,94.2633872727273
20267609145,20267725592,116447,422.882856363636,94.2633872727273,470.480812380952,153.417312380952
20268058805,20268092196,33391,470.480812380952,153.417312380952,558.672652941176,160.592744705882
20268358788,20268392228,33440,558.672652941176,160.592744705882,684.343419166667,155.619817083333
20269182319,20269208870,26551,684.343419166667,155.619817083333,769.77822375,155.533243125
20269725429,20269758802,33373,769.77822375,155.533243125,881.6058425,174.73363
20269875677,20269908982,33305,881.6058425,174.73363,910.22634,175.88495375
20270158688,20270192095,33407,910.22634,175.88495375,887.243788181818,149.801844545455
20270541996,20270708935,166939,887.243788181818,149.801844545455,349.6790744,131.6033536
20271108929,20271142007,33078,349.6790744,131.6033536,411.025782105263,143.321301052632
20271441915,20271482098,40183,411.025782105263,143.321301052632,530.022071,166.8775455
20272125554,20272158664,33110,530.022071,166.8775455,638.720627,185.266222
20272481845,20272508742,26897,638.720627,185.266222,742.915791428571,207.838408571429
20272608696,20272641928,33232,742.915791428571,207.838408571429,742.231808888889,218.648573333333
20272782312,20272841871,59559,742.231808888889,218.648573333333,794.346389333333,176.117081333333
20273081818,20273108597,26779,794.346389333333,176.117081333333,882.695378571429,174.243257142857
20273325138,20273358540,33402,882.695378571429,174.243257142857,863.42284,132.844717142857
20273458558,20273658555,199997,863.42284,132.844717142857,309.525996666667,106.174031666667
20273841904,20273882138,40234,309.525996666667,106.174031666667,344.873304615385,159.285123076923
20274084627,20274108716,24089,344.873304615385,159.285123076923,410.46825826087,159.012751304348
20274482550,20274591853,109303,410.46825826087,159.012751304348,531.125306451613,199.932799354839
20275093324,20275141752,48428,531.125306451613,199.932799354839,692.718628333333,230.321011666667
20275325181,20275358423,33242,692.718628333333,230.321011666667,614.364638709677,236.420509032258
20275858430,20275894414,35984,614.364638709677,236.420509032258,507.9613064,218.222672
20276291834,20276325320,33486,507.9613064,218.222672,420.277440740741,157.471608148148
20276758427,20276791705,33278,420.277440740741,157.471608148148,391.024155625,163.173641875
20277308352,20277341655,33303,391.024155625,163.173641875,526.181544,172.122064
20277658290,20277691811,33521,526.181544,172.122064,556.176254883721,207.294682325581
20278391727,20278424960,33233,556.176254883721,207.294682325581,614.160633846154,214.119478461538
20278624938,20278658290,33352,614.160633846154,214.119478461538,724.316361666667,228.277084444444
20279241483,20279282309,40826,724.316361666667,228.277084444444,785.151631111111,193.808351111111
20279408633,20279441489,32856,785.151631111111,193.808351111111,854.510562857143,165.277645714286
20279658295,20279691604,33309,854.510562857143,165.277645714286,752.534846666667,178.20766
20279875233,20279908346,33113,752.534846666667,178.20766,855.340174285714,134.808297142857
20280008484,20280091571,83087,855.340174285714,134.808297142857,358.249068,155.729583428571
20280658168,20280924797,266629,358.249068,155.729583428571,488.363278823529,222.936409411765
20281191567,20281224808,33241,488.363278823529,222.936409411765,455.372609090909,195.219361818182
20281391458,20281424796,33338,455.372609090909,195.219361818182,561.22428,232.861528333333
20281608422,20281641388,32966,561.22428,232.861528333333,725.649745454545,256.769754545455
20281808241,20281841419,33178,725.649745454545,256.769754545455,686.225638,230.832626
20282824825,20282858058,33233,686.225638,230.832626,656.76725375,277.122269375
20283908240,20283941953,33713,656.76725375,277.122269375,774.16416631579,250.74594
20284241247,20284280910,39663,774.16416631579,250.74594,802.044238888889,227.524256666667
20284558057,20284591364,33307,802.044238888889,227.524256666667,892.991056470588,228.390834117647
20284857912,20284924705,66793,892.991056470588,228.390834117647,412.424129565217,258.876264347826
20285291447,20285324695,33248,412.424129565217,258.876264347826,464.750105,230.45856
20285707959,20285741245,33286,464.750105,230.45856,564.279097647059,260.621227058824
20286008110,20286041248,33138,564.279097647059,260.621227058824,658.673385714286,285.975365714286
20286141252,20286280971,139719,658.673385714286,285.975365714286,531.025048125,255.761235
20286791275,20286824556,33281,531.025048125,255.761235,552.096835,230.48496
20286941149,20286982010,40861,552.096835,230.48496,662.317293684211,256.402008421053
20287280984,20287308083,27099,662.317293684211,256.402008421053,745.901786956522,260.884488695652
20287682095,20287707880,25785,745.901786956522,260.884488695652,818.083848888889,289.82476
20287841159,20287883260,42101,818.083848888889,289.82476,901.580995555556,287.329288888889
20288008063,20288108066,100003,901.580995555556,287.329288888889,442.503354666667,294.752330666667
20288341146,20288374834,33688,442.503354666667,294.752330666667,372.638332,249.51255
20288524458,20288593322,68864,372.638332,249.51255,636.324395833333,300.931339166667
20288974714,20289008033,33319,636.324395833333,300.931339166667,700.261415555556,265.038264444444
20289291087,20289392819,101732,700.261415555556,265.038264444444,797.85966,253.799055
20289507853,20289540997,33144,797.85966,253.799055,798.430828,296.117652
20289691148,20289791515,100367,798.430828,296.117652,810.142447843137,313.158083921569
20290624294,20290657661,33367,810.142447843137,313.158083921569,875.4938175,317.303665833333
20291040985,20291124307,83322,875.4938175,317.303665833333,409.588872857143,318.718622857143
20291340886,20291374455,33569,409.588872857143,318.718622857143,367.708681538462,299.304966153846
20291578631,20291607944,29313,367.708681538462,299.304966153846,555.184141052632,338.012705263158
20291908007,20291940870,32863,555.184141052632,338.012705263158,454.690838571429,317.86936
20292157539,20292190975,33436,454.690838571429,317.86936,407.690242222222,305.141604444444
20292324328,20292590974,266646,407.690242222222,305.141604444444,851.612292222222,339.860195555556
20292874844,20292907734,32890,851.612292222222,339.860195555556,895.890458,310.040324
20293057549,20293124186,66637,895.890458,310.040324,553.237036363636,308.063392727273
20293482037,20293507829,25792,553.237036363636,308.063392727273,605.3132375,353.65527
20293624186,20293657545,33359,605.3132375,353.65527,786.362713846154,342.635570769231
20293857557,20293890849,33292,786.362713846154,342.635570769231,885.554072857143,344.890887857143
20294340786,20294424443,83657,885.554072857143,344.890887857143,393.758405333333,357.544906666667
20294657419,20294690920,33501,393.758405333333,357.544906666667,456.106392571429,382.661007428571
20295257431,20295424064,166633,456.106392571429,382.661007428571,484.973249454545,384.562064727273
20296324049,20296357413,33364,484.973249454545,384.562064727273,582.59066,388.630432857143
20296578739,20296607549,28810,582.59066,388.630432857143,464.595748484849,371.200913939394
20297140643,20297182646,42003,464.595748484849,371.200913939394,516.819039069767,347.281781395349
20297881931,20297907427,25496,516.819039069767,347.281781395349,655.030917647059,370.664118823529
20298174234,20298207438,33204,655.030917647059,370.664118823529,713.965306153846,379.27809948718
20298840507,20298991357,150850,713.965306153846,379.27809948718,709.507480930233,380.172450232558
20301123815,20301157164,33349,709.507480930233,380.172450232558,793.733726,386.328302
20301807448,20301840393,32945,793.733726,386.328302,850.434363928571,365.3007875
20302757070,20302840405,83335,850.434363928571,365.3007875,403.900228888889,370.256185555556
20303123678,20303182694,59016,403.900228888889,370.256185555556,333.675098461538,362.203961538462
20303375531,20303423699,48168,333.675098461538,362.203961538462,479.811305714286,416.479228571429
20303523675,20303557021,33346,479.811305714286,416.479228571429,497.993664,414.63839
20303875746,20303907275,31529,497.993664,414.63839,576.425210434783,406.567362608696
20304282235,20304307215,24980,576.425210434783,406.567362608696,696.929389565217,393.887419130435
20304683155,20304707160,24005,696.929389565217,393.887419130435,822.014604705882,400.883435294118
20304982828,20305007120,24292,822.014604705882,400.883435294118,893.968254285714,422.43044
