"start","end","duration","startx","starty","endx","endy"
96346817639,96346901058,83419,756.857831111111,417.317546666667,620.855553333333,171.993913333333
96347034210,96347084332,50122,620.855553333333,171.993913333333,442.558351428571,129.306365714286
96347184305,96347217602,33297,442.558351428571,129.306365714286,399.12394,92.2790066666667
96347450888,96347484343,33455,399.12394,92.2790066666667,394.264236666667,47.0091922222222
96347767686,96347801043,33357,394.264236666667,47.0091922222222,615.486351304348,44.921907826087
96348171302,96348200913,29611,615.486351304348,44.921907826087,592.630689411765,38.8059364705882
96348468320,96348501143,32823,592.630689411765,38.8059364705882,563.412154444444,23.6144422222222
96348784156,96348817518,33362,563.412154444444,23.6144422222222,671.2909675,16.8235966666667
96349201190,96349234098,32908,671.2909675,16.8235966666667,785.953637948718,22.7915656410256
96349867590,96349900840,33250,785.953637948718,22.7915656410256,852.273774285714,42.0230542857143
96350001131,96350217501,216370,852.273774285714,42.0230542857143,685.6122,33.4259342857143
96350550732,96350600814,50082,685.6122,33.4259342857143,488.725114,79.856938
96350750769,96350802195,51426,488.725114,79.856938,368.691885641026,97.4859307692308
96351433957,96351471797,37840,368.691885641026,97.4859307692308,391.807292592593,44.4459251851852
96351901078,96351933952,32874,391.807292592593,44.4459251851852,482.8339105,15.9974735
96352584047,96352617385,33338,482.8339105,15.9974735,569.41777,2.95504
96352871012,96352900689,29677,569.41777,2.95504,647.229678823529,9.33268235294118
96353170642,96353200696,30054,647.229678823529,9.33268235294118,779.483379,29.8177
96353517279,96353750639,233360,779.483379,29.8177,367.087785,70.4916433333333
96353917288,96353983921,66633,367.087785,70.4916433333333,797.991362,49.958234
96354133848,96354170875,37027,797.991362,49.958234,846.570062352941,43.1789882352941
96354433835,96354501551,67716,846.570062352941,43.1789882352941,363.376331578947,70.838032631579
96354800709,96354833827,33118,363.376331578947,70.838032631579,357.91989,102.77925
96354983923,96355017240,33317,357.91989,102.77925,426.604404736842,97.4934415789474
96355633838,96355670702,36864,426.604404736842,97.4934415789474,512.495666896552,79.8877717241379
96356133843,96356171368,37525,512.495666896552,79.8877717241379,588.863878125,75.934453125
96356683863,96356717128,33265,588.863878125,75.934453125,692.647564262295,97.1248213114754
96357717119,96357750371,33252,692.647564262295,97.1248213114754,788.786752222222,106.843136944444
96358933576,96358967887,34311,788.786752222222,106.843136944444,846.311728636364,113.102623636364
96359683665,96359867142,183477,846.311728636364,113.102623636364,369.77992244898,130.139431428571
96361483562,96361516894,33332,369.77992244898,130.139431428571,383.3528075,155.38283
96361770640,96361800443,29803,383.3528075,155.38283,504.712435384615,120.510039230769
96362216894,96362250121,33227,504.712435384615,120.510039230769,426.94078,116.700785365854
96362916739,96362950124,33385,426.94078,116.700785365854,506.487747692308,109.164470769231
96363150124,96363183549,33425,506.487747692308,109.164470769231,560.286815,103.84249875
96363433465,96363467930,34465,560.286815,103.84249875,472.354545238095,98.4360057142857
96364150141,96364184524,34383,472.354545238095,98.4360057142857,583.248983529412,89.9422105882353
96364450016,96364483400,33384,583.248983529412,89.9422105882353,634.023441290323,126.831936129032
96364983426,96365016741,33315,634.023441290323,126.831936129032,681.284383,174.4118615
96365670802,96365700195,29393,681.284383,174.4118615,733.952626666667,141.671309122807
96366633220,96366670566,37346,733.952626666667,141.671309122807,805.1781576,129.5993176
96367483310,96367516616,33306,805.1781576,129.5993176,867.146668235294,162.503847058824
96367783230,96367866640,83410,867.146668235294,162.503847058824,406.058607692308,179.445304615385
96368066618,96368100122,33504,406.058607692308,179.445304615385,376.563114375,168.69277125
96368616526,96368649875,33349,376.563114375,168.69277125,453.847837857143,132.376697142857
96369099948,96369233080,133132,453.847837857143,132.376697142857,452.729451666667,122.529476666667
96369400069,96369433077,33008,452.729451666667,122.529476666667,515.195435,122.70388125
96370233101,96370266513,33412,515.195435,122.70388125,603.139053243243,143.227593783784
96371483074,96371516427,33353,603.139053243243,143.227593783784,693.385732727273,157.417974242424
96372599892,96372632984,33092,693.385732727273,157.417974242424,800.727619642857,163.678749642857
96373549672,96373582981,33309,800.727619642857,163.678749642857,844.984174722222,183.321997222222
96374766376,96374849498,83122,844.984174722222,183.321997222222,491.42534,162.7905
96374949503,96374982951,33448,491.42534,162.7905,380.521115294118,179.160152941176
96375249493,96375332836,83343,380.521115294118,179.160152941176,873.900699,179.250133
96375649493,96375732824,83331,873.900699,179.250133,374.647611111111,190.461958333333
96376316131,96376349500,33369,374.647611111111,190.461958333333,449.546373809524,172.50832047619
96377032713,96377066211,33498,449.546373809524,172.50832047619,535.188004489796,148.593917142857
96377870788,96377899435,28647,535.188004489796,148.593917142857,565.327157948718,156.561543589744
96378532585,96378566083,33498,565.327157948718,156.561543589744,635.624281666667,160.380688333333
96378749368,96378782669,33301,635.624281666667,160.380688333333,731.6324495,197.832545
96379432577,96379467952,35375,731.6324495,197.832545,791.354698571429,200.940776666667
96380149251,96380183182,33931,791.354698571429,200.940776666667,715.317836774194,199.975013548387
96380682733,96380715851,33118,715.317836774194,199.975013548387,803.092371142857,210.397070857143
96381870784,96381899411,28627,803.092371142857,210.397070857143,694.143174693878,205.267455102041
96382699186,96382732450,33264,694.143174693878,205.267455102041,814.029727111111,210.327887111111
96383471302,96383499218,27916,814.029727111111,210.327887111111,868.789413333333,224.675545333333
96383732338,96383799350,67012,868.789413333333,224.675545333333,432.638564,220.60583
96383949136,96383982445,33309,432.638564,220.60583,378.177627213115,210.506233770492
96385048986,96385082326,33340,378.177627213115,210.506233770492,428.306455789474,190.123645263158
96385715656,96385749004,33348,428.306455789474,190.123645263158,468.830458021978,175.582587692308
96387232224,96387265819,33595,468.830458021978,175.582587692308,430.981007058824,190.417705882353
96387815585,96387848868,33283,430.981007058824,190.417705882353,494.213069142857,166.054716571429
96388415488,96388448887,33399,494.213069142857,166.054716571429,602.433700540541,172.690096216216
96389048874,96389082168,33294,602.433700540541,172.690096216216,688.165167419355,205.090802903226
96390099049,96390132090,33041,688.165167419355,205.090802903226,741.356866875,224.317521875
96390648766,96390682282,33516,741.356866875,224.317521875,799.259114343434,236.102466060606
96392315392,96392348614,33222,799.259114343434,236.102466060606,869.196270333333,259.146767666667
96393331951,96393370987,39036,869.196270333333,259.146767666667,717.003638666667,238.467421333333
96393598700,96393748623,149923,717.003638666667,238.467421333333,870.106065714286,234.854017142857
96393972277,96394031838,59561,870.106065714286,234.854017142857,511.4225225,235.629585
96394148630,96394181908,33278,511.4225225,235.629585,369.971091176471,218.987400588235
96394731830,96394770485,38655,369.971091176471,218.987400588235,556.998075384615,186.36722
96394965386,96394998734,33348,556.998075384615,186.36722,606.587023076923,172.378467692308
96395415154,96395448515,33361,606.587023076923,172.378467692308,688.633826,191.786996666667
96395931724,96395968580,36856,688.633826,191.786996666667,534.712880909091,185.333184545455
96396315138,96396348507,33369,534.712880909091,185.333184545455,592.30412,161.866782608696
96396715111,96396748377,33266,592.30412,161.866782608696,702.030477777778,184.923142222222
96396882246,96396915103,32857,702.030477777778,184.923142222222,780.494884,218.203576
96397398612,96397431711,33099,780.494884,218.203576,834.7908448,238.2203712
96397831751,96397865142,33391,834.7908448,238.2203712,894.50067,255.37352
96398081698,96398171151,89453,894.50067,255.37352,425.108307272727,249.002403636364
96398331577,96398371057,39480,425.108307272727,249.002403636364,385.646567671233,232.394027945205
96399571231,96399598438,27207,385.646567671233,232.394027945205,467.320741818182,236.90711
96399948259,96399981744,33485,467.320741818182,236.90711,462.561191428571,177.584047857143
96400431589,96400468462,36873,462.561191428571,177.584047857143,546.665392777778,191.381836111111
96401048273,96401081553,33280,546.665392777778,191.381836111111,612.745846666667,184.54662
96401414910,96401448265,33355,612.745846666667,184.54662,702.613817142857,228.795671428571
96402014914,96402048118,33204,702.613817142857,228.795671428571,765.236783013699,239.936016712329
96403398312,96403431343,33031,765.236783013699,239.936016712329,842.140536774194,247.553409677419
96403931359,96403971767,40408,842.140536774194,247.553409677419,875.278484,262.36152
96404114779,96404183566,68787,875.278484,262.36152,439.788122222222,250.061384444444
96404314792,96404348000,33208,439.788122222222,250.061384444444,389.040557368421,234.306397894737
96404967782,96404998083,30301,389.040557368421,234.306397894737,475.818954117647,214.651792156863
96405831219,96405873544,42325,475.818954117647,214.651792156863,553.335022482759,201.700630896552
96408270344,96408298050,27706,553.335022482759,201.700630896552,624.408687164179,224.211171641791
96409397940,96409431095,33155,624.408687164179,224.211171641791,730.629150769231,251.043603076923
96409847752,96409881215,33463,730.629150769231,251.043603076923,819.631723157895,268.799621578947
96410497879,96410531102,33223,819.631723157895,268.799621578947,841.741304117647,280.348070980392
96412214351,96412247622,33271,841.741304117647,280.348070980392,647.8668975,278.8523225
96412364359,96412430969,66610,647.8668975,278.8523225,415.377141666667,266.888695
96412614300,96412647624,33324,415.377141666667,266.888695,374.709596842105,258.069102105263
96412947631,96412981038,33407,374.709596842105,258.069102105263,450.56286691358,239.452513333333
96414314272,96414347536,33264,450.56286691358,239.452513333333,515.858546,222.380808
96414497572,96414647499,149927,515.858546,222.380808,514.087868571429,209.430132857143
96414864286,96414897689,33403,514.087868571429,209.430132857143,573.768418666667,229.517592
96415130848,96415164997,34149,573.768418666667,229.517592,658.785013913043,263.356287391304
96415914187,96415947522,33335,658.785013913043,263.356287391304,725.895395789474,285.782337894737
96416571004,96416597581,26577,725.895395789474,285.782337894737,830.31053728,282.21364208
96418670848,96418747378,76530,830.31053728,282.21364208,424.638528888889,280.105635555556
96418880757,96418914026,33269,424.638528888889,280.105635555556,378.785256666667,267.80562047619
96419597542,96419630586,33044,378.785256666667,267.80562047619,444.194551698113,244.979747169811
96420497321,96420530588,33267,444.194551698113,244.979747169811,503.985009333333,247.512436
96421364041,96421397431,33390,503.985009333333,247.512436,622.108066363636,262.803422727273
96421747134,96421780554,33420,622.108066363636,262.803422727273,638.591849850746,275.754482686567
96422880619,96422913789,33170,638.591849850746,275.754482686567,729.382606229508,311.371041639344
96423913804,96423947013,33209,729.382606229508,311.371041639344,796.125804285714,305.756525
96424397224,96424430331,33107,796.125804285714,305.756525,758.489552,298.40904
96424581269,96424613749,32480,758.489552,298.40904,868.481500666667,294.537812666667
96425097088,96425171416,74328,868.481500666667,294.537812666667,422.947566,289.40083
96425313645,96425347010,33365,422.947566,289.40083,389.26587375,272.19283125
96425863972,96425897204,33232,389.26587375,272.19283125,471.392423076923,275.722565384615
96426313644,96426347010,33366,471.392423076923,275.722565384615,569.843686666667,264.246691333333
96426830215,96426863772,33557,569.843686666667,264.246691333333,628.593321333333,269.65814
96427197085,96427230201,33116,628.593321333333,269.65814,671.4073224,305.0645432
96427630210,96427730260,100050,671.4073224,305.0645432,543.466331764706,290.184928235294
96427996923,96428030114,33191,543.466331764706,290.184928235294,640.9409825,307.9246675
96428280241,96428313510,33269,640.9409825,307.9246675,687.632165945946,339.28263027027
96428913526,96428946754,33228,687.632165945946,339.28263027027,770.716396216216,338.72707945946
96429546805,96429580209,33404,770.716396216216,338.72707945946,804.680772666667,351.28738
96430063540,96430097103,33563,804.680772666667,351.28738,753.702860869565,348.21383
96430846753,96430883415,36662,753.702860869565,348.21383,875.770947368421,339.833885263158
96431182116,96431246762,64646,875.770947368421,339.833885263158,516.648507368421,317.918282105263
96431546628,96431580048,33420,516.648507368421,317.918282105263,435.36597,308.408803846154
96431996669,96432030000,33331,435.36597,308.408803846154,368.012181794872,315.703916153846
96433313298,96433346630,33332,368.012181794872,315.703916153846,402.186198181818,320.940444848485
96433879938,96434080000,200062,402.186198181818,320.940444848485,409.913283529412,317.689790882353
96435196605,96435229834,33229,409.913283529412,317.689790882353,498.184495151515,312.877358787879
96435765496,96435796671,31175,498.184495151515,312.877358787879,510.626905789474,325.600683684211
96436413212,96436446394,33182,510.626905789474,325.600683684211,609.604805641026,332.318978974359
96437729739,96437765509,35770,609.604805641026,332.318978974359,682.957433225807,355.54152516129
96438780244,96438813024,32780,682.957433225807,355.54152516129,616.129646470588,323.030159411765
96439363334,96439396272,32938,616.129646470588,323.030159411765,547.496010526316,318.832113684211
96440012899,96440046698,33799,547.496010526316,318.832113684211,643.799418518519,331.974711111111
96440479601,96440512916,33315,643.799418518519,331.974711111111,705.745141111111,351.049347037037
96441396159,96441429484,33325,705.745141111111,351.049347037037,676.124347887324,371.88802028169
96442596454,96442629458,33004,676.124347887324,371.88802028169,786.635871612903,356.683566451613
96443129368,96443170702,41334,786.635871612903,356.683566451613,851.266119090909,357.105814090909
96443879476,96443946026,66550,851.266119090909,357.105814090909,420.513314,355.497704
96444096039,96444129373,33334,420.513314,355.497704,384.88936,353.422008421053
96444429349,96444471106,41757,384.88936,353.422008421053,441.493976428571,350.590845714286
96444912622,96444946013,33391,441.493976428571,350.590845714286,525.304371666667,326.267986666667
96445129353,96445171127,41774,525.304371666667,326.267986666667,515.5506896,352.9369472
96445562728,96445596048,33320,515.5506896,352.9369472,592.71608244898,381.248151020408
96446396033,96446429229,33196,592.71608244898,381.248151020408,702.508507164179,386.278389253731
96447529219,96447571449,42230,702.508507164179,386.278389253731,795.639663389831,378.139992542373
96448529097,96448729131,200034,795.639663389831,378.139992542373,769.72206,361.816703636364
96448895996,96448929141,33145,769.72206,361.816703636364,788.405926842105,380.428382631579
96449545774,96449745763,199989,788.405926842105,380.428382631579,817.72860125,385.72539625
96450528993,96450562520,33527,817.72860125,385.72539625,871.292424,383.433030666667
96450796063,96450862445,66382,871.292424,383.433030666667,422.086607272727,380.819778181818
96451028955,96451064624,35669,422.086607272727,380.819778181818,366.34393,371.985829545455
96451779117,96451945640,166523,366.34393,371.985829545455,897.52658,436.027467692308
