"start","end","duration","startx","starty","endx","endy"
349117101399,349117270945,169546,768.299811428572,560.358205714286,428.040027272727,120.821174545455
349117437696,349117470940,33244,428.040027272727,120.821174545455,364.015648125,89.722169375
349117987738,349118021135,33397,364.015648125,89.722169375,449.442504583333,81.6441941666667
349118804222,349118837605,33383,449.442504583333,81.6441941666667,382.859724,78.9076432
349119237562,349119271064,33502,382.859724,78.9076432,481.01704,63.0871366666667
349119854160,349119891326,37166,481.01704,63.0871366666667,558.994130588235,82.27224
349120154149,349120192072,37923,558.994130588235,82.27224,669.882214666667,61.317456
349120421146,349120454135,32989,669.882214666667,61.317456,803.465935555556,66.3794555555556
349120892011,349120920861,28850,803.465935555556,66.3794555555556,695.141197777778,83.8089911111111
349121054143,349121087545,33402,695.141197777778,83.8089911111111,550.069420909091,140.940644545455
349121437444,349121554020,116576,550.069420909091,140.940644545455,370.338146,153.643843
349121870816,349121904124,33308,370.338146,153.643843,447.656678666667,143.237552
349122220807,349122254083,33276,447.656678666667,143.237552,503.453157777778,183.82708
349122689024,349122720723,31699,503.453157777778,183.82708,589.644278666667,171.947022666667
349122954012,349122987429,33417,589.644278666667,171.947022666667,687.179579047619,182.260826666667
349123320910,349123354026,33116,687.179579047619,182.260826666667,795.637207692308,194.750843846154
349123770694,349123803966,33272,795.637207692308,194.750843846154,892.767745,189.371785833333
349124188855,349124253947,65092,892.767745,189.371785833333,387.999778095238,215.328036190476
349124587424,349124620904,33480,387.999778095238,215.328036190476,480.000342666667,220.886353333333
349124853892,349124887512,33620,480.000342666667,220.886353333333,584.155922758621,234.78524
349125353903,349125391350,37447,584.155922758621,234.78524,667.931133913043,208.70877826087
349125753910,349125792331,38421,667.931133913043,208.70877826087,727.89945,182.4749075
349125903944,349125953896,49952,727.89945,182.4749075,590.128721428571,195.265957142857
349126170560,349126203997,33437,590.128721428571,195.265957142857,669.501167058824,192.454194117647
349126470555,349126503870,33315,669.501167058824,192.454194117647,822.833378333333,213.6184025
349126892008,349126920728,28720,822.833378333333,213.6184025,854.467331084337,193.744522650602
349128287185,349128320650,33465,854.467331084337,193.744522650602,915.02233,180.6264325
349128703849,349128792090,88241,915.02233,180.6264325,386.864556,210.689456
349129270442,349129303748,33306,386.864556,210.689456,478.957943571429,217.003468571429
349130220385,349130253693,33308,478.957943571429,217.003468571429,581.284734857143,212.121517714286
349130820579,349130853646,33067,581.284734857143,212.121517714286,698.56356,223.263886153846
349131270318,349131303755,33437,698.56356,223.263886153846,784.645932727273,213.577781818182
349131653541,349131688874,35333,784.645932727273,213.577781818182,878.187163333333,208.393973333333
349132070312,349132153525,83213,878.187163333333,208.393973333333,378.014466666667,238.120991666667
349132736957,349132770186,33229,378.014466666667,238.120991666667,463.178466153846,267.103856153846
349133195296,349133220261,24965,463.178466153846,267.103856153846,543.410937037037,237.220423703704
349133653578,349133688864,35286,543.410937037037,237.220423703704,606.10964375,246.71963
349133936812,349133970189,33377,606.10964375,246.71963,735.000568571429,247.961007857143
349134420418,349134453407,32989,735.000568571429,247.961007857143,825.652283333333,235.265836666667
349134736844,349134770052,33208,825.652283333333,235.265836666667,918.375595454546,220.939047272727
349135120343,349135203488,83145,918.375595454546,220.939047272727,369.985066666667,243.070145
349135391986,349135420138,28152,369.985066666667,243.070145,413.601931818182,239.672016363636
349136136690,349136170094,33404,413.601931818182,239.672016363636,378.000254545455,261.542370909091
349136336741,349136370059,33318,378.000254545455,261.542370909091,451.4139784,261.9197608
349136753286,349136781181,27895,451.4139784,261.9197608,533.359976842105,256.973152631579
349137070058,349137103357,33299,533.359976842105,256.973152631579,626.417360769231,257.177345384615
349137520048,349137553284,33236,626.417360769231,257.177345384615,726.088407311828,255.010496774194
349139093675,349139120197,26522,726.088407311828,255.010496774194,813.567704545455,255.396254545455
349139469934,349139503299,33365,813.567704545455,255.396254545455,882.907071428571,248.151765238095
349140188823,349140219906,31083,882.907071428571,248.151765238095,848.150934285714,265.53516
349140319989,349140353144,33155,848.150934285714,265.53516,894.067267368421,242.672893157895
349140969814,349141153158,183344,894.067267368421,242.672893157895,388.975236666667,274.797256666667
349141336462,349141369810,33348,388.975236666667,274.797256666667,419.529770810811,265.986327027027
349141969816,349142003219,33403,419.529770810811,265.986327027027,399.448408235294,265.724989411765
349142269682,349142336461,66779,399.448408235294,265.724989411765,563.242741428571,290.183547142857
349142553073,349142586677,33604,563.242741428571,290.183547142857,634.727854444444,297.443922222222
349142869681,349142903120,33439,634.727854444444,297.443922222222,715.229473333333,298.413536
349143136338,349143169697,33359,715.229473333333,298.413536,805.423874285714,279.760473333333
349143503162,349143536328,33166,805.423874285714,279.760473333333,899.23513902439,275.87131902439
349144203073,349144291720,88647,899.23513902439,275.87131902439,432.160646666667,311.221936666667
349144469695,349144502992,33297,432.160646666667,311.221936666667,379.96456,280.802654285714
349144603001,349144936344,333343,379.96456,280.802654285714,353.560602,224.903788
349145091273,349145188845,97572,353.560602,224.903788,790.648948,222.188496
349145336327,349145369558,33231,790.648948,222.188496,914.903645490196,214.924729411765
349146202914,349146369560,166646,914.903645490196,214.924729411765,388.798820212766,253.672312978723
349147919504,349147952795,33291,388.798820212766,253.672312978723,473.97425625,257.220805
349148202877,349148236075,33198,473.97425625,257.220805,584.804693488372,261.150469767442
349148936141,349148969465,33324,584.804693488372,261.150469767442,668.922597894737,252.897275263158
349149586263,349149619725,33462,668.922597894737,252.897275263158,744.414759111111,263.473521333333
349150352658,349150392088,39430,744.414759111111,263.473521333333,745.384684444444,266.059563333333
349150669312,349150702659,33347,745.384684444444,266.059563333333,835.004608181818,261.724472727273
349151052644,349151086070,33426,835.004608181818,261.724472727273,920.918366,260.86279
349151569316,349151652525,83209,920.918366,260.86279,488.49088,276.047468571429
349151752515,349151791669,39154,488.49088,276.047468571429,385.083186666667,269.628072666667
349152269223,349152302585,33362,385.083186666667,269.628072666667,506.80616,258.862862
349152619392,349152652522,33130,506.80616,258.862862,597.895820909091,273.761856363636
349153002610,349153035994,33384,597.895820909091,273.761856363636,739.097491052632,279.408309473684
349153652527,349153685974,33447,739.097491052632,279.408309473684,837.541123529412,282.612902941176
349154235833,349154269187,33354,837.541123529412,282.612902941176,898.26706875,273.8225925
349154519404,349154585979,66575,898.26706875,273.8225925,397.95626,294.087666842105
349155202508,349155235926,33418,397.95626,294.087666842105,483.048962758621,301.577731034483
349155702499,349155735696,33197,483.048962758621,301.577731034483,573.372531818182,301.210263636364
349156093733,349156119146,25413,573.372531818182,301.210263636364,670.849524375,291.80373625
349156635718,349156669077,33359,670.849524375,291.80373625,783.895526666667,303.243888333333
349157052277,349157085898,33621,783.895526666667,303.243888333333,904.026234814815,295.561103703704
349157519036,349157605148,86112,904.026234814815,295.561103703704,406.323846,307.908316
349158085789,349158119013,33224,406.323846,307.908316,489.130011,316.121021
349158435633,349158468951,33318,489.130011,316.121021,397.436317435897,305.306974358974
349159102664,349159135601,32937,397.436317435897,305.306974358974,496.436916521739,313.43541826087
349159502292,349159535574,33282,496.436916521739,313.43541826087,582.168309285714,321.188172857143
349159991867,349160018911,27044,582.168309285714,321.188172857143,678.400584,324.320721333333
349160252170,349160285780,33610,678.400584,324.320721333333,765.436114615385,314.967773846154
349160702149,349160735471,33322,765.436114615385,314.967773846154,895.1606875,311.721245
349160986339,349161068855,82516,895.1606875,311.721245,396.515575,323.006431
349161391270,349161418883,27613,396.515575,323.006431,521.768759259259,325.886515555556
349161852032,349161890641,38609,521.768759259259,325.886515555556,603.726630434783,338.10002173913
349162252082,349162285697,33615,603.726630434783,338.10002173913,706.919909230769,335.890912820513
349162918856,349162952020,33164,706.919909230769,335.890912820513,800.928491818182,336.412706363636
349163302112,349163335341,33229,800.928491818182,336.412706363636,895.308489677419,326.054177419355
349163835338,349163918770,83432,895.308489677419,326.054177419355,399.629977142857,336.973373877551
349164718853,349164751908,33055,399.629977142857,336.973373877551,467.273123157895,337.587162105263
349165051891,349165085454,33563,467.273123157895,337.587162105263,584.555863529412,361.638420588235
349165635204,349165668568,33364,584.555863529412,361.638420588235,674.09944875,367.0938625
349165918719,349165951918,33199,674.09944875,367.0938625,758.608787586207,388.285702758621
349166418661,349166451775,33114,758.608787586207,388.285702758621,864.7575248,380.1006024
349166851810,349166885368,33558,864.7575248,380.1006024,916.770666,380.776292
349167035219,349167168583,133364,916.770666,380.776292,920.592123,411.717503
349167485339,349167518694,33355,920.592123,411.717503,910.127391,432.531694
