"start","end","duration","startx","starty","endx","endy"
870451925,870618625,166700,656.624757142857,470.600520952381,533.002106666667,153.253342222222
870751932,870785645,33713,533.002106666667,153.253342222222,382.844028,141.453648
870935335,870968575,33240,382.844028,141.453648,375.084965454545,120.780323636364
871135337,871168568,33231,375.084965454545,120.780323636364,487.057631666667,113.710225
871351908,871385794,33886,487.057631666667,113.710225,590.634,124.732791428571
871602173,871635200,33027,590.634,124.732791428571,698.052228571429,100.63392
871735436,871886139,150703,698.052228571429,100.63392,589.014668571429,94.7410885714286
871985524,872219186,233662,589.014668571429,94.7410885714286,558.8752025,15.4471675
872335188,872368574,33386,558.8752025,15.4471675,568.675677647059,78.6013741176471
872635205,872668567,33362,568.675677647059,78.6013741176471,656.323153333333,98.6602226666667
872901941,872935183,33242,656.323153333333,98.6602226666667,719.54046,66.7931385714286
873151836,873185336,33500,719.54046,66.7931385714286,593.040352,71.135126
873335212,873468467,133255,593.040352,71.135126,569.556095,74.61715
873586242,873768436,182194,569.556095,74.61715,588.246226666667,-19.9967213333333
874002005,874035085,33080,588.246226666667,-19.9967213333333,562.483859012346,45.1263948148148
875368320,875401721,33401,562.483859012346,45.1263948148148,636.792666153846,53.8191184615385
875601714,875635068,33354,636.792666153846,53.8191184615385,729.267498,29.775148
875951659,876101724,150065,729.267498,29.775148,599.725115,3.0038275
876218432,876268311,49879,599.725115,3.0038275,540.072537142857,20.7793771428571
876368307,876434982,66675,540.072537142857,20.7793771428571,451.781019,32.607772
876751682,876789107,37425,451.781019,32.607772,358.901030588235,31.1311905882353
877051535,877085974,34439,358.901030588235,31.1311905882353,575.33688,50.0253966666667
877268313,877301628,33315,575.33688,50.0253966666667,662.80127,48.51125875
877551912,877801611,249699,662.80127,48.51125875,821.357436470588,5.17719411764706
878068195,878118253,50058,821.357436470588,5.17719411764706,716.357617142857,63.3143257142857
878334933,878368193,33260,716.357617142857,63.3143257142857,704.2794925,42.4367025
878486235,878518249,32014,704.2794925,42.4367025,791.313147142857,25.26765
878734838,878768193,33355,791.313147142857,25.26765,865.551725517241,36.9338517241379
879234833,879318261,83428,865.551725517241,36.9338517241379,423.1325675,96.42183
879434819,879468225,33406,423.1325675,96.42183,351.08976,31.1438514285714
879684911,879951420,266509,351.08976,31.1438514285714,359.668348,75.314324
880101562,880134826,33264,359.668348,75.314324,408.237562857143,117.094618571429
880351421,880386194,34773,408.237562857143,117.094618571429,501.705861428571,107.515431428571
880834849,880868058,33209,501.705861428571,107.515431428571,553.149069090909,36.4673472727273
881034841,881068062,33221,553.149069090909,36.4673472727273,540.922984444445,100.816406666667
881201467,881234716,33249,540.922984444445,100.816406666667,665.6365275,95.5619
881351437,881484772,133335,665.6365275,95.5619,700.071082222222,105.373157777778
881768066,881801556,33490,700.071082222222,105.373157777778,786.468062758621,102.562120689655
882751325,882784934,33609,786.468062758621,102.562120689655,734.586567,103.990838
883767944,883801496,33552,734.586567,103.990838,700.140711666667,105.71034
884184669,884218033,33364,700.140711666667,105.71034,748.175719393939,98.5377836363636
884751171,884784671,33500,748.175719393939,98.5377836363636,794.47818,36.4213488888889
884918247,884951166,32919,794.47818,36.4213488888889,825.830678064516,91.4219387096774
885451162,885484671,33509,825.830678064516,91.4219387096774,800.270875555556,33.1789244444444
885617867,885651171,33304,800.270875555556,33.1789244444444,889.000287272727,106.464355454545
886001232,886067813,66581,889.000287272727,106.464355454545,382.083487058824,136.971742352941
886334447,886367811,33364,382.083487058824,136.971742352941,359.491840952381,118.502751428571
886701205,886851166,149961,359.491840952381,118.502751428571,426.214544166667,158.902520833333
887234464,887367808,133344,426.214544166667,158.902520833333,472.355693333333,127.493548888889
887586418,887617864,31446,472.355693333333,127.493548888889,508.964148421053,98.9315294736842
887917751,887951422,33671,508.964148421053,98.9315294736842,400.470708888889,87.8109888888889
888085722,888117757,32035,400.470708888889,87.8109888888889,359.840366666667,94.2431542857143
888451079,888586522,135443,359.840366666667,94.2431542857143,890.627614814815,94.5346933333333
889017752,889051051,33299,890.627614814815,94.5346933333333,917.05696,118.285282857143
889151039,889234322,83283,917.05696,118.285282857143,379.622824117647,150.368952352941
889784418,889817759,33341,379.622824117647,150.368952352941,371.655116470588,106.822995294118
890085410,890117744,32334,371.655116470588,106.822995294118,387.59266,84.2164306666667
890350928,890385488,34560,387.59266,84.2164306666667,383.500475,86.0005175
890634295,890667563,33268,383.500475,86.0005175,485.793029333333,91.9734466666667
890900982,890934341,33359,485.793029333333,91.9734466666667,409.591084705882,73.1051376470588
891200972,891234237,33265,409.591084705882,73.1051376470588,501.401914666667,53.554508
891467598,891500983,33385,501.401914666667,53.554508,568.690391034483,38.2424386206897
891967603,892000847,33244,568.690391034483,38.2424386206897,625.091296842105,56.8688589473684
892300856,892334202,33346,625.091296842105,56.8688589473684,726.124110769231,89.7340261538462
892534199,892567565,33366,726.124110769231,89.7340261538462,761.253244615385,66.7930353846154
892767437,892801266,33829,761.253244615385,66.7930353846154,866.614838571429,105.692492857143
893017726,893201955,184229,866.614838571429,105.692492857143,475.63355,133.521755
893450782,893567454,116672,475.63355,133.521755,551.392930769231,88.9847830769231
893767441,893801002,33561,551.392930769231,88.9847830769231,620.186313846154,98.3496784615385
894000936,894167455,166519,620.186313846154,98.3496784615385,699.35417,86.64774
894284717,894317517,32800,699.35417,86.64774,715.48642,37.02906
894450661,894486665,36004,715.48642,37.02906,760.869158918919,108.997579459459
895086084,895117756,31672,760.869158918919,108.997579459459,733.960045454545,125.157961818182
895289229,895317562,28333,733.960045454545,125.157961818182,682.755632727273,103.229765454545
895484166,895600768,116602,682.755632727273,103.229765454545,749.920306,96.296392
895750665,895785673,35008,749.920306,96.296392,781.494214,118.757034
895934082,896050700,116618,781.494214,118.757034,876.018033023256,129.425945116279
896750669,896834007,83338,876.018033023256,129.425945116279,368.413510588235,172.364692941176
897100645,897217593,116948,368.413510588235,172.364692941176,452.805172972973,145.486109189189
897817259,897967203,149944,452.805172972973,145.486109189189,448.442052173913,134.477297391304
898333988,898500999,167011,448.442052173913,134.477297391304,551.854327,144.9045555
899150923,899185354,34431,551.854327,144.9045555,590.279724444444,128.771422222222
899317265,899467228,149963,590.279724444444,128.771422222222,641.445053846154,119.422976923077
899667197,899700573,33376,641.445053846154,119.422976923077,673.98998375,125.35016875
899950416,899983903,33487,673.98998375,125.35016875,591.00729,79.458831
900300516,900333830,33314,591.00729,79.458831,674.766066666667,99.0869173333333
900567066,900600572,33506,674.766066666667,99.0869173333333,752.401151612903,136.972861935484
901100477,901133719,33242,752.401151612903,136.972861935484,859.551542608696,142.669486956522
901600450,901633698,33248,859.551542608696,142.669486956522,870.548254117647,179.383691764706
902183892,902300462,116570,870.548254117647,179.383691764706,387.371296,161.750634
902450295,902483771,33476,387.371296,161.750634,314.26374,177.551628333333
902667253,902700354,33101,314.26374,177.551628333333,418.259881818182,170.200431818182
903050316,903085628,35312,418.259881818182,170.200431818182,496.90837,154.2564725
903200351,903233714,33363,496.90837,154.2564725,602.640741666667,166.979636666667
903417139,903666950,249811,602.640741666667,166.979636666667,586.641451428571,107.496345714286
903766950,903800375,33425,586.641451428571,107.496345714286,632.277101333333,122.164461333333
904033574,904066945,33371,632.277101333333,122.164461333333,734.482620833333,137.694796666667
904450206,904486102,35896,734.482620833333,137.694796666667,823.155117826087,160.076473913043
905233591,905266828,33237,823.155117826087,160.076473913043,891.771398823529,159.797522352941
905533592,905600246,66654,891.771398823529,159.797522352941,387.38428,189.188790588235
905866826,906016889,150063,387.38428,189.188790588235,422.362002758621,188.383100689655
906483538,906517057,33519,422.362002758621,188.383100689655,516.893979090909,214.011747272727
906866811,906900107,33296,516.893979090909,214.011747272727,607.489323076923,202.563176923077
907317117,907386096,68979,607.489323076923,202.563176923077,488.4919225,161.31444
907500107,907533460,33353,488.4919225,161.31444,463.347594666667,170.609452
907766735,907800111,33376,463.347594666667,170.609452,534.326504615385,160.080703076923
908433438,908700094,266656,534.326504615385,160.080703076923,638.487441818182,169.261631818182
909050050,909085854,35804,638.487441818182,169.261631818182,689.432788235294,178.193177647059
909349939,909385897,35958,689.432788235294,178.193177647059,748.241742608696,156.794171304348
909749925,909783398,33473,748.241742608696,156.794171304348,838.892336,168.002342857143
910350280,910383463,33183,838.892336,168.002342857143,879.568133913044,174.54318
910749909,910783899,33990,879.568133913044,174.54318,907.594102,144.64987
910933371,910999992,66621,907.594102,144.64987,437.363817777778,177.18146
911133219,911166578,33359,437.363817777778,177.18146,358.481024444444,189.278566666667
911299907,911433212,133305,358.481024444444,189.278566666667,399.481522222222,196.08774
911566580,911599967,33387,399.481522222222,196.08774,378.737548780488,221.393375121951
912266569,912349890,83321,378.737548780488,221.393375121951,902.37676,186.740094545455
912516637,912549782,33145,902.37676,186.740094545455,939.75654,175.23046
912699842,912766442,66600,939.75654,175.23046,440.604700769231,228.024010769231
913186710,913216659,29949,440.604700769231,228.024010769231,460.630296666667,209.351038333333
913399860,913433220,33360,460.630296666667,209.351038333333,352.037649333333,219.883048
913666457,913699869,33412,352.037649333333,219.883048,405.825406666667,204.471013333333
913885605,913916717,31112,405.825406666667,204.471013333333,479.3273928,179.277396
914316507,914349813,33306,479.3273928,179.277396,520.15522,212.395598235294
914899725,915133101,233376,520.15522,212.395598235294,611.13361,136.29697
915249666,915289504,39838,611.13361,136.29697,659.841886666667,166.886184
915516637,915549657,33020,659.841886666667,166.886184,716.045361,181.743888
915866320,915899745,33425,716.045361,181.743888,768.445868571429,183.310457142857
915999746,916032967,33221,768.445868571429,183.310457142857,758.729030769231,191.191215384615
916232960,916266330,33370,758.729030769231,191.191215384615,804.876052,276.956218
916416378,916449723,33345,804.876052,276.956218,815.66138,185.259785
916566321,916616386,50065,815.66138,185.259785,884.3383225,162.7928725
916732969,916766315,33346,884.3383225,162.7928725,865.801991666667,49.9918
916949552,916986663,37111,865.801991666667,49.9918,900.50727,73.78405
917099638,917232990,133352,900.50727,73.78405,385.333211538462,239.158479230769
917649539,917683091,33552,385.333211538462,239.158479230769,410.093989333333,246.127901333333
917916263,917949573,33310,410.093989333333,246.127901333333,489.976617142857,218.556122857143
918049537,918106250,56713,489.976617142857,218.556122857143,478.286725714286,225.278265714286
918199608,918332930,133322,478.286725714286,225.278265714286,525.31785,218.9996725
918449553,918482920,33367,525.31785,218.9996725,514.693381,260.70294
918799743,919032858,233115,514.693381,260.70294,507.243676666667,264.906761666667
919216323,919249549,33226,507.243676666667,264.906761666667,472.206166153846,236.251249230769
919449431,919532828,83397,472.206166153846,236.251249230769,557.68465,224.7192225
919649433,919685687,36254,557.68465,224.7192225,604.103302857143,219.49196952381
920016263,920049669,33406,604.103302857143,219.49196952381,684.779025333333,218.964998666667
920282937,920499529,216592,684.779025333333,218.964998666667,653.6639875,564.0396425
920616136,920685270,69134,653.6639875,564.0396425,679.012263636364,199.655167272727
920849431,920886591,37160,679.012263636364,199.655167272727,773.062933076923,199.312901538462
921299554,921332750,33196,773.062933076923,199.312901538462,850.6778,198.591262857143
921789143,921816144,27001,850.6778,198.591262857143,891.652789142857,200.853240571429
922385754,922416328,30574,891.652789142857,200.853240571429,881.78726875,222.93753875
922665953,922849302,183349,881.78726875,222.93753875,375.600032631579,248.910711578947
923149370,923187130,37760,375.600032631579,248.910711578947,461.515792121212,256.238548484848
923716020,923749306,33286,461.515792121212,256.238548484848,517.411083529412,260.577222352941
924299382,924332597,33215,517.411083529412,260.577222352941,554.920521111111,254.487896666667
924616016,924649164,33148,554.920521111111,254.487896666667,656.05992,251.050122857143
925215912,925249186,33274,656.05992,251.050122857143,726.977997368421,244.751926315789
925865811,925899230,33419,726.977997368421,244.751926315789,728.35395,213.059343333333
926086095,926115867,29772,728.35395,213.059343333333,838.961973913043,203.571623478261
926482568,926515894,33326,838.961973913043,203.571623478261,907.675757142857,205.153051904762
927199137,927232471,33334,907.675757142857,205.153051904762,879.948305,215.6685125
927482522,928049052,566530,879.948305,215.6685125,452.229696521739,252.282445217391
928415762,928449045,33283,452.229696521739,252.282445217391,427.179937142857,260.163557142857
928549047,928665704,116657,427.179937142857,260.163557142857,469.265064,265.694602
928816138,928849076,32938,469.265064,265.694602,520.97022,280.693744
928999104,929265706,266602,520.97022,280.693744,604.435211428572,217.888857142857
929365701,929398983,33282,604.435211428572,217.888857142857,668.351761176471,252.147335294118
929665704,929698989,33285,668.351761176471,252.147335294118,745.796309166667,243.21566
930085751,930115638,29887,745.796309166667,243.21566,849.513041904762,235.802871428571
930799011,930832391,33380,849.513041904762,235.802871428571,916.131953636364,222.20008
931186841,931248910,62069,916.131953636364,222.20008,377.460527272727,262.648723636364
931415861,931448920,33059,377.460527272727,262.648723636364,394.071988571429,283.801487142857
931665582,931849198,183616,394.071988571429,283.801487142857,508.805228387097,278.107217419355
932348796,932385848,37052,508.805228387097,278.107217419355,534.784905454546,304.354510909091
932732222,932886244,154022,534.784905454546,304.354510909091,650.862421428571,242.211992857143
933098862,933132225,33363,650.862421428571,242.211992857143,619.924171764706,305.855641176471
933398857,933432099,33242,619.924171764706,305.855641176471,667.7375828,298.3666264
934248789,934286415,37626,667.7375828,298.3666264,727.672346666667,289.500655
934465447,934498792,33345,727.672346666667,289.500655,821.180814193548,273.223085806452
934998788,935032088,33300,821.180814193548,273.223085806452,882.149231428571,293.909534285714
935482153,935632085,149932,882.149231428571,293.909534285714,414.209492,300.35793
935789215,935815388,26173,414.209492,300.35793,329.1619325,309.28401
935931958,936085977,154019,329.1619325,309.28401,377.654513846154,334.452296923077
936498747,936531974,33227,377.654513846154,334.452296923077,443.970055294118,316.091983529412
936798623,936831979,33356,443.970055294118,316.091983529412,508.87247025641,308.400871794872
937465332,937498608,33276,508.87247025641,308.400871794872,598.559979285714,320.899267142857
937948551,938115269,166718,598.559979285714,320.899267142857,625.670525,316.827621666667
938381963,938415258,33295,625.670525,316.827621666667,633.760534444444,281.336157777778
938698533,938731884,33351,633.760534444444,281.336157777778,721.735305405405,295.752058918919
939331851,939365205,33354,721.735305405405,295.752058918919,796.6752,293.522264285714
939585731,939748466,162735,796.6752,293.522264285714,906.546117142857,266.096011428571
939965202,939998526,33324,906.546117142857,266.096011428571,851.027387692308,286.353169230769
940198483,940231866,33383,851.027387692308,286.353169230769,923.980166666667,270.972907777778
940515430,940585740,70310,923.980166666667,270.972907777778,390.680032727273,320.65214
940748421,940781913,33492,390.680032727273,320.65214,360.030337333333,323.715302666667
941015312,941048414,33102,360.030337333333,323.715302666667,463.061362941177,317.153855294118
941598383,941631699,33316,463.061362941177,317.153855294118,557.833538333333,304.548316666667
941815145,941848302,33157,557.833538333333,304.548316666667,565.937502307692,317.553533076923
942265076,942298420,33344,565.937502307692,317.553533076923,546.869842105263,327.541932280702
943231725,943264959,33234,546.869842105263,327.541932280702,584.907925294118,340.531786470588
943815022,943998381,183359,584.907925294118,340.531786470588,629.533357142857,353.974788571429
944098445,944215058,116613,629.533357142857,353.974788571429,629.643255789474,344.010429473684
944515023,944548165,33142,629.643255789474,344.010429473684,678.259583333333,319.086764444444
944915002,944948182,33180,678.259583333333,319.086764444444,736.272495384615,295.886203846154
945364816,945398288,33472,736.272495384615,295.886203846154,810.22433125,289.9106175
945648164,945782014,133850,810.22433125,289.9106175,879.543742,277.388102
945931439,945964828,33389,879.543742,277.388102,820.385322352941,298.623978823529
946231458,946264816,33358,820.385322352941,298.623978823529,923.91324875,287.93406625
946515160,946698136,182976,923.91324875,287.93406625,819.61882,311.279482857143
946798218,946831605,33387,819.61882,311.279482857143,939.870848,303.010386
946981627,947048060,66433,939.870848,303.010386,379.633593333333,321.558798666667
947281765,947314995,33230,379.633593333333,321.558798666667,325.500376,300.926838
947464828,947498113,33285,325.500376,300.926838,352.382817037037,279.150371111111
947931441,947964703,33262,352.382817037037,279.150371111111,476.09213,294.531831666667
948148041,948231461,83420,476.09213,294.531831666667,597.818297142857,262.221082857143
948331445,948364717,33272,597.818297142857,262.221082857143,666.112373953488,305.743381860465
949064704,949098123,33419,666.112373953488,305.743381860465,751.2833975,298.4230025
949347941,949386613,38672,751.2833975,298.4230025,829.252985454546,279.149229090909
949547928,949683114,135186,829.252985454546,279.149229090909,904.521411428571,256.328944285714
949897976,949981604,83628,904.521411428571,256.328944285714,408.104906666667,316.736628888889
950114642,950147927,33285,408.104906666667,316.736628888889,374.862086153846,325.77498
950347947,950385940,37993,374.862086153846,325.77498,490.599968571429,308.646961428571
950599704,950631319,31615,490.599968571429,308.646961428571,565.182453636364,342.663067272727
950981288,951014615,33327,565.182453636364,342.663067272727,616.482202857143,379.388605714286
951114805,951147911,33106,616.482202857143,379.388605714286,674.331237333333,324.765
951385613,951414803,29190,674.331237333333,324.765,656.605797142857,263.690302857143
951514651,951547909,33258,656.605797142857,263.690302857143,752.898678571429,309.580870714286
951997964,952031217,33253,752.898678571429,309.580870714286,836.536938571429,305.652025714286
