"start","end","duration","startx","starty","endx","endy"
362184485691,362184512507,26816,392.333682,162.239518,420.7208296,125.5194064
362184912491,362184945864,33373,420.7208296,125.5194064,381.3361168,59.9446256
362185345727,362185379234,33507,381.3361168,59.9446256,477.397673571429,81.2421721428571
362185829083,362185865584,36501,477.397673571429,81.2421721428571,591.43855875,77.91895375
362186112741,362186145722,32981,591.43855875,77.91895375,667.470708235294,71.3678058823529
362186412616,362186445775,33159,667.470708235294,71.3678058823529,721.323128333333,167.934328333333
362186629065,362186667752,38687,721.323128333333,167.934328333333,730.0691488,79.6062296
362187062427,362187095843,33416,730.0691488,79.6062296,835.231116666667,64.80062
362187379097,362187428963,49866,835.231116666667,64.80062,478.081591764706,61.3984376470588
362187695808,362187728931,33123,478.081591764706,61.3984376470588,595.177688333333,84.3990833333333
362187912361,362187945575,33214,595.177688333333,84.3990833333333,683.144316363636,91.5689963636364
362188112373,362188179024,66651,683.144316363636,91.5689963636364,780.86964,7.0550175
362188295715,362188328955,33240,780.86964,7.0550175,840.370548333333,-23.932715
362188512193,362188595674,83481,840.370548333333,-23.932715,383.992831428571,64.9057561904762
362188928965,362188962346,33381,383.992831428571,64.9057561904762,443.11967625,97.78561875
362189212249,362189245604,33355,443.11967625,97.78561875,389.77158,156.960045
362189628824,362189667660,38836,389.77158,156.960045,451.134118235294,156.274190588235
362190212225,362190245477,33252,451.134118235294,156.274190588235,527.856232142857,141.953350714286
362190695541,362190728849,33308,527.856232142857,141.953350714286,591.153228571429,134.41919
362190945479,362190979247,33768,591.153228571429,134.41919,668.138044545455,129.522756818182
362191695763,362191728809,33046,668.138044545455,129.522756818182,746.641890526316,134.700606315789
362192028722,362192066871,38149,746.641890526316,134.700606315789,828.885496923077,138.682165384615
362192478756,362192512197,33441,828.885496923077,138.682165384615,883.631098333333,143.466993333333
362192695543,362192767354,71811,883.631098333333,143.466993333333,408.524200476191,180.933127142857
362193445355,362193478763,33408,408.524200476191,180.933127142857,491.909684705882,186.326938823529
362193745340,362193778686,33346,491.909684705882,186.326938823529,557.838310769231,178.748449230769
362193978760,362194011994,33234,557.838310769231,178.748449230769,641.010511666667,150.911984166667
362194395420,362194428575,33155,641.010511666667,150.911984166667,739.412261176471,162.736185882353
362194695639,362194728559,32920,739.412261176471,162.736185882353,830.270504444445,150.675554444444
362195011986,362195045337,33351,830.270504444445,150.675554444444,890.494157142857,157.177087142857
362195267147,362195328585,61438,890.494157142857,157.177087142857,396.54197106383,178.290665957447
362196095300,362196128562,33262,396.54197106383,178.290665957447,507.107633636364,194.593356363636
362196478670,362196511822,33152,507.107633636364,194.593356363636,629.1100075,191.27088125
362197028455,362197061956,33501,629.1100075,191.27088125,725.758957647059,203.295247058824
362197328453,362197411838,83385,725.758957647059,203.295247058824,891.592838181818,142.702358181818
362197578681,362197611855,33174,891.592838181818,142.702358181818,895.998685454545,139.21498
362197778926,362197845108,66182,895.998685454545,139.21498,390.808593076923,177.116573846154
362198266786,362198295169,28383,390.808593076923,177.116573846154,463.942583157895,196.546214736842
362198595161,362198628435,33274,463.942583157895,196.546214736842,575.852685714286,202.664828571429
362198845107,362198878576,33469,575.852685714286,202.664828571429,676.203662,202.886537
362199195183,362199228432,33249,676.203662,202.886537,774.758291428572,205.998758857143
362199795403,362199828323,32920,774.758291428572,205.998758857143,852.704497,194.501311
362200145093,362200178405,33312,852.704497,194.501311,909.058573846154,171.517821538462
362200378390,362200444967,66577,909.058573846154,171.517821538462,421.641871666667,185.479286666667
362200628311,362200667295,38984,421.641871666667,185.479286666667,394.807169166667,200.87629
362201044974,362201078921,33947,394.807169166667,200.87629,470.783475121951,211.325372195122
362201744978,362201778394,33416,470.783475121951,211.325372195122,492.813746666667,149.652828888889
362201911588,362201944962,33374,492.813746666667,149.652828888889,530.037992571429,208.945057714286
362202511594,362202544978,33384,530.037992571429,208.945057714286,625.864249473684,213.436451052632
362203167947,362203195135,27188,625.864249473684,213.436451052632,737.707934,190.393628
362203511632,362203544857,33225,737.707934,190.393628,784.107758181818,176.477609090909
362203894914,362203928187,33273,784.107758181818,176.477609090909,846.803184571429,193.564489714286
362204495159,362204528071,32912,846.803184571429,193.564489714286,894.1175245,202.3550625
362205178145,362205211502,33357,894.1175245,202.3550625,749.092603333333,211.544633333333
362205794764,362205828108,33344,749.092603333333,211.544633333333,797.732834545455,195.493256363636
362205994798,362206028094,33296,797.732834545455,195.493256363636,903.37718875,194.21193625
362206278136,362206344732,66596,903.37718875,194.21193625,450.36424,248.427328888889
362206478716,362206511340,32624,450.36424,248.427328888889,353.322186666667,235.7575
362206795060,362206828103,33043,353.322186666667,235.7575,407.792035294118,291.889277647059
362207095018,362207127934,32916,407.792035294118,291.889277647059,456.127624444444,249.531037777778
362207411339,362207444723,33384,456.127624444444,249.531037777778,538.673999090909,217.734397272727
362207794663,362207827982,33319,538.673999090909,217.734397272727,606.392878918919,243.13297027027
362208427961,362208466873,38912,606.392878918919,243.13297027027,655.13865483871,234.043469032258
362208961409,362208994962,33553,655.13865483871,234.043469032258,712.595908333333,225.24799
362209377912,362209411251,33339,712.595908333333,225.24799,786.254819285714,207.508405714286
362209869340,362209894851,25511,786.254819285714,207.508405714286,851.807983478261,237.24422826087
362210644477,362210677905,33428,851.807983478261,237.24422826087,894.883011111111,227.916366666667
362210811616,362210877920,66304,894.883011111111,227.916366666667,435.526051111111,244.915095555556
362211011214,362211044481,33267,435.526051111111,244.915095555556,350.724396,278.463626666667
362211279042,362211311130,32088,350.724396,278.463626666667,384.9487275,292.3021
362211427837,362211461356,33519,384.9487275,292.3021,441.722855172414,265.827916551724
362211927704,362212167272,239568,441.722855172414,265.827916551724,511.433778333333,254.842388333333
362212344478,362212377848,33370,511.433778333333,254.842388333333,498.939483478261,273.202426086957
362212744339,362212777818,33479,498.939483478261,273.202426086957,607.88353,266.408154285714
362213694572,362213727673,33101,607.88353,266.408154285714,674.710264545455,261.884075454545
362214077914,362214110997,33083,674.710264545455,261.884075454545,623.420009655172,251.936067586207
362214577748,362214611001,33253,623.420009655172,251.936067586207,699.313685882353,268.634150588235
362214877649,362214910975,33326,699.313685882353,268.634150588235,804.218408571429,236.401983333333
362215594401,362215627569,33168,804.218408571429,236.401983333333,884.814021904762,219.43331952381
362216310869,362216377692,66823,884.814021904762,219.43331952381,432.34718,233.396142222222
362216510876,362216544229,33353,432.34718,233.396142222222,386.500555833333,252.51176
362216927458,362216960960,33502,386.500555833333,252.51176,461.363651489362,267.055146382979
362217727446,362217764708,37262,461.363651489362,267.055146382979,496.682055272727,264.38858
362218667025,362218694168,27143,496.682055272727,264.38858,540.07757902439,264.647695609756
362219360846,362219394164,33318,540.07757902439,264.647695609756,627.726894,266.889814285714
362220543993,362220578210,34217,627.726894,266.889814285714,702.304239512195,262.414904390244
362221927204,362221960748,33544,702.304239512195,262.414904390244,772.435802105263,256.37396
362222266933,362222294047,27114,772.435802105263,256.37396,861.800330344828,290.255072413793
362222766742,362222794008,27266,861.800330344828,290.255072413793,897.337686470588,254.040196470588
362223343864,362223410639,66775,897.337686470588,254.040196470588,492.387514285714,274.031437142857
362223510638,362223543847,33209,492.387514285714,274.031437142857,400.075284,284.623001333333
362223778056,362223810503,32447,400.075284,284.623001333333,400.88746,272.223972666667
362224293929,362224327221,33292,400.88746,272.223972666667,485.307162580645,261.408347096774
362224827127,362224860958,33831,485.307162580645,261.408347096774,566.466161403509,296.704419649123
362225794006,362225827107,33101,566.466161403509,296.704419649123,613.113143529412,290.987725882353
362226377299,362226410347,33048,613.113143529412,290.987725882353,715.673112666667,263.338813333333
362227393932,362227426957,33025,715.673112666667,263.338813333333,718.275196774194,250.747576774194
362227926952,362227969989,43037,718.275196774194,250.747576774194,711.176195,281.147390555556
362228543619,362228576965,33346,711.176195,281.147390555556,781.111066666667,286.048852121212
362229110254,362229143612,33358,781.111066666667,286.048852121212,872.135413513514,264.871787567568
362229743609,362229777332,33723,872.135413513514,264.871787567568,909.131257647059,258.823495294118
362230326824,362230410248,83424,909.131257647059,258.823495294118,436.154608333333,288.00593
362230593545,362230626849,33304,436.154608333333,288.00593,398.699381290323,294.039920645161
362231126842,362231166227,39385,398.699381290323,294.039920645161,469.134358571429,310.941767142857
362231377330,362231410137,32807,469.134358571429,310.941767142857,379.381166666667,316.063572666667
362233893481,362233926700,33219,379.381166666667,316.063572666667,426.417345714286,316.2724
362234026706,362234060135,33429,426.417345714286,316.2724,583.5790896,299.3711832
362234460165,362234493699,33534,583.5790896,299.3711832,603.28724875,325.64338
362234743358,362234776638,33280,603.28724875,325.64338,682.480209285714,292.946782857143
362235226557,362235266822,40265,682.480209285714,292.946782857143,795.65996490566,298.565117358491
362236126578,362236167072,40494,795.65996490566,298.565117358491,856.194023809524,306.501864761905
362236493512,362236526594,33082,856.194023809524,306.501864761905,912.25143625,292.5954975
362237043219,362237109893,66674,912.25143625,292.5954975,422.876029333333,316.019021333333
362237343238,362237376531,33293,422.876029333333,316.019021333333,417.835667368421,328.017057894737
362237993361,362238026466,33105,417.835667368421,328.017057894737,525.280932903226,318.955945806452
362238526451,362238561770,35319,525.280932903226,318.955945806452,631.5148184,310.6503168
362239109748,362239143121,33373,631.5148184,310.6503168,696.927501538462,306.557125128205
362239776409,362239809893,33484,696.927501538462,306.557125128205,763.058194615385,336.778613846154
362240226354,362240264542,38188,763.058194615385,336.778613846154,822.229706923077,320.111835769231
362241110352,362241142956,32604,822.229706923077,320.111835769231,895.444960540541,320.275964324324
362241742984,362241809900,66916,895.444960540541,320.275964324324,417.558545333333,338.488656
362242043003,362242076357,33354,417.558545333333,338.488656,384.719469090909,328.920191515152
362242609613,362242642986,33373,384.719469090909,328.920191515152,421.450666666667,291.101237333333
362242876331,362242909621,33290,421.450666666667,291.101237333333,428.461545757576,332.933990606061
362243992931,362244026207,33276,428.461545757576,332.933990606061,497.7790504,359.5010288
362244426185,362244459560,33375,497.7790504,359.5010288,594.204639130435,344.327932173913
362244826115,362244867278,41163,594.204639130435,344.327932173913,668.609601666667,340.126773333333
362245042876,362245076140,33264,668.609601666667,340.126773333333,766.705544615385,336.585603076923
362245492854,362245526063,33209,766.705544615385,336.585603076923,839.932553333333,325.348513333333
362245809541,362245842726,33185,839.932553333333,325.348513333333,700.131533333333,335.4039975
362246226073,362246264682,38609,700.131533333333,335.4039975,756.381936842105,319.367764210526
362246567897,362246593049,25152,756.381936842105,319.367764210526,919.375083846154,337.808080769231
