"start","end","duration","startx","starty","endx","endy"
1325078301,1325111661,33360,383.950546666667,114.732883333333,371.003086486486,44.2073464864865
1325711658,1325745101,33443,371.003086486486,44.2073464864865,455.7110555,43.1234765
1326394937,1326428477,33540,455.7110555,43.1234765,527.635554285714,51.75528
1326761700,1326794906,33206,527.635554285714,51.75528,633.042633461538,28.3163288461538
1327645041,1327678161,33120,633.042633461538,28.3163288461538,729.208883333333,25.8454606666667
1328161628,1328194802,33174,729.208883333333,25.8454606666667,814.694373,25.178285
1328511555,1328578176,66621,814.694373,25.178285,381.598287857143,66.605065
1329028416,1329178128,149712,381.598287857143,66.605065,546.646653714286,75.4332582857143
1329745045,1329811403,66358,546.646653714286,75.4332582857143,814.655384705882,32.2621188235294
1330078037,1330178032,99995,814.655384705882,32.2621188235294,362.546662105263,58.0985531578947
1330794759,1330828201,33442,362.546662105263,58.0985531578947,452.812594666667,40.0144626666667
1331311315,1331344806,33491,452.812594666667,40.0144626666667,530.988762857143,40.1961057142857
1331678034,1331711301,33267,530.988762857143,40.1961057142857,639.016155483871,24.4235412903226
1332211302,1332244716,33414,639.016155483871,24.4235412903226,756.659201538462,8.05607794871795
1332877947,1332911298,33351,756.659201538462,8.05607794871795,812.818711578947,20.2257389473684
1333211295,1333277913,66618,812.818711578947,20.2257389473684,374.395940769231,58.7706815384615
1333694531,1333728027,33496,374.395940769231,58.7706815384615,511.018990714286,49.5428914285714
1334177938,1334211175,33237,511.018990714286,49.5428914285714,554.227313157895,46.7169978947368
1334828091,1334911171,83080,554.227313157895,46.7169978947368,357.423492727273,134.10214
1335077809,1335111168,33359,357.423492727273,134.10214,355.812218,138.271046571429
1336261373,1336294433,33060,355.812218,138.271046571429,439.399879428571,149.446985142857
1336861117,1336894414,33297,439.399879428571,149.446985142857,542.234035652174,153.147846956522
1337261109,1337294431,33322,542.234035652174,153.147846956522,625.825940645161,139.719618064516
1337794423,1337827747,33324,625.825940645161,139.719618064516,701.600921904762,125.534464761905
1338511087,1338544463,33376,701.600921904762,125.534464761905,739.740908674699,133.812224578313
1339910913,1339944638,33725,739.740908674699,133.812224578313,706.710496190476,122.842518095238
1340627659,1340661004,33345,706.710496190476,122.842518095238,799.772735806452,134.554993870968
1341677543,1341710810,33267,799.772735806452,134.554993870968,894.680375675676,127.991267027027
1342310826,1342344259,33433,894.680375675676,127.991267027027,938.3056125,106.8673875
1342460875,1342544283,83408,938.3056125,106.8673875,372.281142857143,171.653331428571
1342761484,1342794152,32668,372.281142857143,171.653331428571,366.133812222222,167.308990555556
1343377412,1343410796,33384,366.133812222222,167.308990555556,446.810165090909,147.413637090909
1344310667,1344344092,33425,446.810165090909,147.413637090909,508.417500909091,181.50853
1344694028,1344727370,33342,508.417500909091,181.50853,548.955774285714,189.126988571429
1344827384,1344944087,116703,548.955774285714,189.126988571429,614.405656551724,179.408396551724
1345410679,1345444207,33528,614.405656551724,179.408396551724,691.608425789474,150.632723157895
1346060728,1346093900,33172,691.608425789474,150.632723157895,771.589096086957,134.930435652174
1346843992,1346877352,33360,771.589096086957,134.930435652174,836.738541016949,143.580619661017
1347843973,1347877179,33206,836.738541016949,143.580619661017,906.250535211268,133.912105915493
1349043961,1349127346,83385,906.250535211268,133.912105915493,420.465263636364,186.755034545455
1349293768,1349327292,33524,420.465263636364,186.755034545455,355.461845357143,183.662562142857
1350243851,1350277090,33239,355.461845357143,183.662562142857,421.087028831169,171.245725194805
1351543933,1351577052,33119,421.087028831169,171.245725194805,497.183568,171.159715636364
1352476951,1352510309,33358,497.183568,171.159715636364,576.796557837838,187.942856216216
1353110277,1353143724,33447,576.796557837838,187.942856216216,383.647453333333,189.859586666667
1353476893,1353676883,199990,383.647453333333,189.859586666667,805.892288571429,167.184777142857
1353776914,1353810147,33233,805.892288571429,167.184777142857,920.565281818182,149.322983636364
1354160263,1354243737,83474,920.565281818182,149.322983636364,391.87413,191.6849275
1354360221,1354393535,33314,391.87413,191.6849275,378.039947826087,190.046651304348
1354760274,1354793535,33261,378.039947826087,190.046651304348,455.203741428571,165.889445714286
1355010179,1355043694,33515,455.203741428571,165.889445714286,538.941556363636,152.835116363636
1355210185,1355243733,33548,538.941556363636,152.835116363636,601.312391343284,159.578802089552
1356343461,1356376814,33353,601.312391343284,159.578802089552,668.252057857143,175.500488571429
1356826871,1356860125,33254,668.252057857143,175.500488571429,738.974816338028,156.973058309859
1358020015,1358046756,26741,738.974816338028,156.973058309859,817.479352666667,148.265535333333
1358526765,1358560124,33359,817.479352666667,148.265535333333,907.943053333333,135.815563333333
1359043454,1359126751,83297,907.943053333333,135.815563333333,435.91664,213.631655555556
1359260002,1359293277,33275,435.91664,213.631655555556,354.404801764706,220.165944705882
1359843476,1359876582,33106,354.404801764706,220.165944705882,437.770571764706,198.3773
1360426671,1360460183,33512,437.770571764706,198.3773,517.518215,195.28042375
1360709926,1360843215,133289,517.518215,195.28042375,533.8470490625,194.620835625
1361893150,1361926597,33447,533.8470490625,194.620835625,604.389894634146,190.469714634146
1362593150,1362626503,33353,604.389894634146,190.469714634146,688.838978795181,200.146246746988
1363993026,1364026582,33556,688.838978795181,200.146246746988,621.387097777778,231.409153333333
1364159975,1364193041,33066,621.387097777778,231.409153333333,530.891934117647,200.903370196078
1365026452,1365059735,33283,530.891934117647,200.903370196078,606.3364005,193.659325
1365709685,1365743218,33533,606.3364005,193.659325,672.545247017544,214.884501052632
1366759642,1366792893,33251,672.545247017544,214.884501052632,736.967801714286,204.793708571429
1367359621,1367392895,33274,736.967801714286,204.793708571429,828.745384,182.117937142857
1367959597,1367992793,33196,828.745384,182.117937142857,882.127778387097,175.551421935484
1369009417,1369042937,33520,882.127778387097,175.551421935484,944.395955,186.156490714286
1369492780,1369576070,83290,944.395955,186.156490714286,581.093968571429,232.345391428571
1369676058,1369726153,50095,581.093968571429,232.345391428571,356.9433,268.01560875
1369976047,1370009428,33381,356.9433,268.01560875,348.055108666667,268.916924666667
1370492648,1370526426,33778,348.055108666667,268.916924666667,442.467456190476,235.867665238095
1371209299,1371242887,33588,442.467456190476,235.867665238095,514.767135,237.648782692308
1372092657,1372126017,33360,514.767135,237.648782692308,554.493336551724,246.974236551724
1372592632,1372626004,33372,554.493336551724,246.974236551724,639.919874705882,270.867498235294
1373175937,1373209311,33374,639.919874705882,270.867498235294,713.414986530612,229.40972122449
1374009169,1374042739,33570,713.414986530612,229.40972122449,767.991818666667,231.160107555556
1374775811,1374809179,33368,767.991818666667,231.160107555556,857.082488444444,212.591371555556
1375542546,1375575817,33271,857.082488444444,212.591371555556,921.628353333333,218.310264444444
1376009166,1376059251,50085,921.628353333333,218.310264444444,722.416182857143,236.098245714286
1376159259,1376242525,83266,722.416182857143,236.098245714286,444.9292425,257.740975
1376359357,1376392400,33043,444.9292425,257.740975,372.521225671642,265.204206865672
1377492429,1377525786,33357,372.521225671642,265.204206865672,467.993081764706,252.06675
1378075724,1378109046,33322,467.993081764706,252.06675,551.124518461539,254.210085128205
1378742346,1378775695,33349,551.124518461539,254.210085128205,653.266521052632,255.775432631579
1379075731,1379175686,99955,653.266521052632,255.775432631579,623.062215,280.4102125
1379292279,1379475685,183406,623.062215,280.4102125,661.022926666667,272.815882222222
1379758998,1379792286,33288,661.022926666667,272.815882222222,687.09316,235.610251052632
1380408926,1380442213,33287,687.09316,235.610251052632,774.924509230769,238.234722307692
1380859218,1380892162,32944,774.924509230769,238.234722307692,849.286267,237.751542
1381208805,1381242398,33593,849.286267,237.751542,908.588969433962,211.24723245283
1382108804,1382142217,33413,908.588969433962,211.24723245283,934.657812,196.595968
1382375457,1382442221,66764,934.657812,196.595968,492.82341,269.881156
1382592139,1382625552,33413,492.82341,269.881156,354.287282173913,260.995439565217
1383375421,1383475437,100016,354.287282173913,260.995439565217,892.027502,218.4255
1383625513,1383658861,33348,892.027502,218.4255,932.595087777778,202.545642222222
1383942276,1384042110,99834,932.595087777778,202.545642222222,353.778452340426,281.658235319149
1384808687,1384842122,33435,353.778452340426,281.658235319149,368.972931764706,257.774624705882
1385108676,1385142110,33434,368.972931764706,257.774624705882,448.158958461538,243.95952
1385342244,1385525621,183377,448.158958461538,243.95952,465.623392666667,255.883751333333
1386008673,1386042103,33430,465.623392666667,255.883751333333,545.727862857143,244.915837142857
1386841988,1386875333,33345,545.727862857143,244.915837142857,624.37895125,266.890300416667
1387658625,1387691916,33291,624.37895125,266.890300416667,690.300325098039,268.891336862745
1388525300,1388558891,33591,690.300325098039,268.891336862745,747.59,248.315630666667
1389291788,1389325273,33485,747.59,248.315630666667,856.317658536585,237.391384878049
1389991790,1390025193,33403,856.317658536585,237.391384878049,926.590712,238.495631
1390341851,1390458617,116766,926.590712,238.495631,944.243054666667,252.396565333333
1390691657,1390791645,99988,944.243054666667,252.396565333333,375.259002222222,308.527451111111
1390925151,1390958629,33478,375.259002222222,308.527451111111,347.456702857143,288.038134285714
1391525325,1391558372,33047,347.456702857143,288.038134285714,456.422317560976,271.546963414634
1392225053,1392258505,33452,456.422317560976,271.546963414634,519.568114615385,279.440414615385
1393108312,1393141774,33462,519.568114615385,279.440414615385,617.027485,272.55808
1393658357,1393691543,33186,617.027485,272.55808,730.49948,269.036134666667
1394174949,1394208199,33250,730.49948,269.036134666667,791.070265333333,261.561079333333
1394691539,1394724916,33377,791.070265333333,261.561079333333,876.700852222222,245.206732222222
1395008168,1395041618,33450,876.700852222222,245.206732222222,950.0696625,232.480575833333
1395424945,1395508183,83238,950.0696625,232.480575833333,386.282176363636,312.585681818182
1395674805,1395708186,33381,386.282176363636,312.585681818182,354.948742777778,316.815313888889
1396291392,1396324912,33520,354.948742777778,316.815313888889,432.14175257732,304.962193814433
1397924758,1397958112,33354,432.14175257732,304.962193814433,532.972857142857,299.716704285714
1398408052,1398441344,33292,532.972857142857,299.716704285714,618.407187,292.917479
1398758063,1398791267,33204,618.407187,292.917479,687.471810985916,285.003787323944
1399957997,1399991270,33273,687.471810985916,285.003787323944,788.748178125,275.8626746875
1401041225,1401074610,33385,788.748178125,275.8626746875,832.366153333333,283.327071578947
1402007808,1402041227,33419,832.366153333333,283.327071578947,896.242725614035,271.686206315789
1402974448,1403007814,33366,896.242725614035,271.686206315789,935.935171666667,265.021921666667
1403191053,1403257858,66805,935.935171666667,265.021921666667,545.505035555556,314.490484444444
1403391066,1403441235,50169,545.505035555556,314.490484444444,338.263041052632,327.677570526316
1403741231,1403774429,33198,338.263041052632,327.677570526316,355.303076315789,337.642626315789
1404391045,1404424682,33637,355.303076315789,337.642626315789,446.2339645,327.076905
1405074346,1405107717,33371,446.2339645,327.076905,500.298868,320.1567964
1405924456,1405957739,33283,500.298868,320.1567964,575.851874074074,331.307477037037
1406390918,1406424430,33512,575.851874074074,331.307477037037,688.574368510638,321.541439574468
1407190918,1407225431,34513,688.574368510638,321.541439574468,742.644542909091,302.119034909091
1408124327,1408157667,33340,742.644542909091,302.119034909091,835.502931923077,307.306613846154
1409007436,1409040903,33467,835.502931923077,307.306613846154,925.029335862069,284.441117241379
1409507427,1409590784,83357,925.029335862069,284.441117241379,391.075368888889,337.922628888889
1409724207,1409757496,33289,391.075368888889,337.922628888889,356.698482702703,353.796428108108
1410357488,1410390672,33184,356.698482702703,353.796428108108,421.440134782609,341.735777391304
1411140907,1411174071,33164,421.440134782609,341.735777391304,491.962793636364,335.284834545455
1411890670,1411924198,33528,491.962793636364,335.284834545455,568.707273333333,347.644038888889
1412207308,1412307330,100022,568.707273333333,347.644038888889,622.129008888889,366.726184444444
1412440726,1412640713,199987,622.129008888889,366.726184444444,671.928384324324,340.554434594595
1413240809,1413273934,33125,671.928384324324,340.554434594595,749.097316153846,299.82669
1413690524,1413724068,33544,749.097316153846,299.82669,838.536638,308.08784
1414373944,1414407173,33229,838.536638,308.08784,922.2121,304.10441375
1414657377,1414740605,83228,922.2121,304.10441375,327.575090434783,378.161413913043
1415107188,1415140776,33588,327.575090434783,378.161413913043,367.134479259259,371.07901037037
1415573833,1415607179,33346,367.134479259259,371.07901037037,484.372997777778,342.611691111111
1415740649,1415773815,33166,484.372997777778,342.611691111111,728.929096,335.88257
1415923998,1415957240,33242,728.929096,335.88257,767.795208571429,319.003994285714
1416057260,1416090417,33157,767.795208571429,319.003994285714,877.647618,300.673397
1416407060,1416457250,50190,877.647618,300.673397,575.729989230769,323.755992307692
1416657148,1416690398,33250,575.729989230769,323.755992307692,502.859329,334.184075
1417007069,1417190422,183353,502.859329,334.184075,826.906104444445,307.087228888889
1417473689,1417523855,50166,826.906104444445,307.087228888889,752.38504,307.05343
1417673694,1417707077,33383,752.38504,307.05343,930.467621818182,295.648794545455
1417873661,1418023843,150182,930.467621818182,295.648794545455,351.136675555556,352.5413
1418457330,1418490269,32939,351.136675555556,352.5413,437.789345789474,349.714608947368
1419106942,1419140526,33584,437.789345789474,349.714608947368,485.254085714286,354.501705714286
1419240450,1419273711,33261,485.254085714286,354.501705714286,391.220354864865,366.662264054054
1420490142,1420523769,33627,391.220354864865,366.662264054054,465.571836111111,360.293719444444
1421106926,1421140406,33480,465.571836111111,360.293719444444,544.041776969697,359.588969090909
1421673570,1421706806,33236,544.041776969697,359.588969090909,644.561530666667,349.445512
1421940233,1421973570,33337,644.561530666667,349.445512,758.956774285714,353.90732
1422423828,1422456890,33062,758.956774285714,353.90732,937.717776129032,361.558715483871
