"start","end","duration","startx","starty","endx","endy"
74024048524,74024141156,92632,831.187157142857,298.323757142857,513.872747272727,148.625438181818
74024301980,74024335558,33578,513.872747272727,148.625438181818,364.912108,142.947366666667
74024818632,74024852062,33430,364.912108,142.947366666667,377.695444848485,94.2611612121212
74025385339,74025418674,33335,377.695444848485,94.2611612121212,442.890550909091,78.8508884848485
74025951969,74025985290,33321,442.890550909091,78.8508884848485,503.136762222222,77.0417244444444
74026251957,74026285300,33343,503.136762222222,77.0417244444444,627.012145,73.414882
74026601875,74026641163,39288,627.012145,73.414882,680.230175,80.43999125
74026885314,74027001890,116576,680.230175,80.43999125,371.413751111111,133.70848
74027142488,74027168608,26120,371.413751111111,133.70848,383.634655555556,161.616286111111
74027751970,74027785147,33177,383.634655555556,161.616286111111,450.827897878788,167.115926666667
74028868593,74028901729,33136,450.827897878788,167.115926666667,526.684716451613,156.063691935484
74029918414,74029951844,33430,526.684716451613,156.063691935484,603.812903125,167.819673125
74030468948,74030501618,32670,603.812903125,167.819673125,696.106281176471,173.15992627451
74031342730,74031368488,25758,696.106281176471,173.15992627451,792.558725538462,168.697388615385
74032437420,74032468370,30950,792.558725538462,168.697388615385,872.03722,174.893517272727
74032818285,74032884945,66660,872.03722,174.893517272727,389.487308888889,195.613740555556
74033468316,74033501501,33185,389.487308888889,195.613740555556,509.442377647059,194.258425882353
74034051599,74034084896,33297,509.442377647059,194.258425882353,594.357588205128,181.091251794872
74034718154,74034751601,33447,594.357588205128,181.091251794872,680.831466923077,183.468680769231
74035168432,74035201496,33064,680.831466923077,183.468680769231,762.205006153846,169.085074615385
74035618172,74035651474,33302,762.205006153846,169.085074615385,819.856332820513,177.660283589744
74036284796,74036318011,33215,819.856332820513,177.660283589744,890.361323809524,180.526898095238
74036651464,74036742530,91066,890.361323809524,180.526898095238,374.210309677419,205.582414193548
74037234802,74037451505,216703,374.210309677419,205.582414193548,358.105765454545,216.529547878788
74037984678,74038018035,33357,358.105765454545,216.529547878788,429.313278857143,209.355663428571
74038584664,74038617937,33273,429.313278857143,209.355663428571,516.116592413793,207.053079310345
74039084722,74039117913,33191,516.116592413793,207.053079310345,609.384996296296,192.333557037037
74039553534,74039584593,31059,609.384996296296,192.333557037037,634.206068235294,174.745336470588
74039851329,74039884529,33200,634.206068235294,174.745336470588,657.208753333333,105.179544
74040117888,74040151331,33443,657.208753333333,105.179544,753.271231578947,190.97945
74040768096,74040801105,33009,753.271231578947,190.97945,858.38026195122,183.818005853659
74041467964,74041501134,33170,858.38026195122,183.818005853659,904.9653,201.122576875
74042017785,74042084438,66653,904.9653,201.122576875,375.80462,221.771832307692
74042284441,74042317820,33379,375.80462,221.771832307692,385.33978,219.304166153846
74042517786,74042552871,35085,385.33978,219.304166153846,430.439444,202.504064
74043034694,74043068009,33315,430.439444,202.504064,495.113056363636,224.302405454545
74043245615,74043267821,22206,495.113056363636,224.302405454545,556.178070566038,232.819259622642
74044142659,74044167936,25277,556.178070566038,232.819259622642,669.516465862069,212.432567241379
74045117672,74045151111,33439,669.516465862069,212.432567241379,762.578129230769,207.634190769231
74045567702,74045600867,33165,762.578129230769,207.634190769231,864.692131020408,218.54317755102
74046400868,74046467907,67039,864.692131020408,218.54317755102,387.120854285714,241.037814285714
74046684310,74046717544,33234,387.120854285714,241.037814285714,346.751571052632,256.600607368421
74047342791,74047367899,25108,346.751571052632,256.600607368421,441.740578974359,259.509267692308
74048000768,74048043200,42432,441.740578974359,259.509267692308,532.652921818182,221.674554545455
74048384154,74048417542,33388,532.652921818182,221.674554545455,577.006785454545,230.082493636364
74048767486,74048800759,33273,577.006785454545,230.082493636364,682.052475428571,245.228652
74049367637,74049400744,33107,682.052475428571,245.228652,784.759738461539,229.226525128205
74050043275,74050067653,24378,784.759738461539,229.226525128205,876.05304245614,234.61358245614
74051000636,74051084076,83440,876.05304245614,234.61358245614,490.37437,169.0880675
74051200638,74051234312,33674,490.37437,169.0880675,393.051498235294,181.797653529412
74051783942,74051817320,33378,393.051498235294,181.797653529412,485.304994615385,179.024006153846
74052242136,74052267578,25442,485.304994615385,179.024006153846,535.789530285714,171.446054857143
74052842686,74052883939,41253,535.789530285714,171.446054857143,740.119317777778,215.199526666667
74053167440,74053200487,33047,740.119317777778,215.199526666667,805.107104444445,235.458817777778
74053642940,74053667424,24484,805.107104444445,235.458817777778,859.359474579439,240.51744635514
74055437505,74055517169,79664,859.359474579439,240.51744635514,332.073593076923,270.809867692308
74055933896,74055967401,33505,332.073593076923,270.809867692308,410.654432,267.628627333333
74056550469,74056583683,33214,410.654432,267.628627333333,499.237893142857,269.031816571429
74057150469,74057183655,33186,499.237893142857,269.031816571429,567.586529756098,263.064131219512
74057850879,74057883672,32793,567.586529756098,263.064131219512,644.224292820513,263.439275384615
74058516922,74058551895,34973,644.224292820513,263.439275384615,704.443115555556,162.995224444444
74058683675,74058716920,33245,704.443115555556,162.995224444444,732.87552,225.647868
74058866996,74058900236,33240,732.87552,225.647868,767.697368888889,276.85811037037
74059342620,74059367059,24439,767.697368888889,276.85811037037,862.793377857143,260.936430714286
74059816909,74059883566,66657,862.793377857143,260.936430714286,392.279113333333,272.958617777778
74060016901,74060050248,33347,392.279113333333,272.958617777778,365.189003414634,277.390245365854
74060716922,74060750211,33289,365.189003414634,277.390245365854,417.558916774194,278.925243225806
74061250698,74061283604,32906,417.558916774194,278.925243225806,525.171427169811,281.518565660377
74062150119,74062183436,33317,525.171427169811,281.518565660377,624.992610769231,272.30111948718
74062816787,74062852139,35352,624.992610769231,272.30111948718,712.191234782609,249.44844173913
74063216678,74063250125,33447,712.191234782609,249.44844173913,782.431558,254.146156
74063742287,74063766905,24618,782.431558,254.146156,832.589237,275.377289
74064083321,74064116679,33358,832.589237,275.377289,883.74608,271.212208888889
74064250147,74064316669,66522,883.74608,271.212208888889,379.340615384615,291.40284
74065166828,74065199867,33039,379.340615384615,291.40284,481.652764444444,295.190328148148
74065641209,74065816538,175329,481.652764444444,295.190328148148,570.449966666667,305.197665714286
74066149976,74066183316,33340,570.449966666667,305.197665714286,667.358210384615,284.00713
74067043099,74067066966,23867,667.358210384615,284.00713,775.580497894737,269.447430526316
74067366792,74067399748,32956,775.580497894737,269.447430526316,872.622628837209,282.956421395349
74068099744,74068183172,83428,872.622628837209,282.956421395349,359.20612,322.460115151515
74068716425,74068753151,36726,359.20612,322.460115151515,427.879762352941,317.993242941177
74069299838,74069333259,33421,427.879762352941,317.993242941177,543.509658888889,320.728191111111
74069916401,74069949750,33349,543.509658888889,320.728191111111,570.391408,296.818926
74070099618,74070134494,34876,570.391408,296.818926,684.345493333333,309.065941052632
74071066422,74071099609,33187,684.345493333333,309.065941052632,779.864989411765,310.008231764706
74071650237,74071682940,32703,779.864989411765,310.008231764706,886.380674693878,305.47006244898
74072482928,74072599482,116554,886.380674693878,305.47006244898,329.975923333333,323.454648333333
74072782928,74072816262,33334,329.975923333333,323.454648333333,372.27209,351.303799411765
74073366482,74073399540,33058,372.27209,351.303799411765,430.834917037037,348.809108888889
74074282840,74074316180,33340,430.834917037037,348.809108888889,534.153140476191,347.013519047619
74074999454,74075042803,43349,534.153140476191,347.013519047619,592.648195,331.368808846154
74075882854,74075916050,33196,592.648195,331.368808846154,683.956876363636,341.287108484848
74076449471,74076482686,33215,683.956876363636,341.287108484848,765.4538775,324.04194625
74076999370,74077043488,44118,765.4538775,324.04194625,657.059743333333,337.798433333333
74077516037,74077550278,34241,657.059743333333,337.798433333333,781.951347647059,326.781157647059
74078099252,74078315916,216664,781.951347647059,326.781157647059,851.311234,324.823389333333
74078799247,74078832904,33657,851.311234,324.823389333333,899.3156576,305.4778216
74079233219,74079315901,82682,899.3156576,305.4778216,339.897743809524,286.51664
74079649254,74079682565,33311,339.897743809524,286.51664,404.772957727273,345.137372727273
74080382568,74080415803,33235,404.772957727273,345.137372727273,487.618116969697,358.380443636364
74080950597,74080982567,31970,487.618116969697,358.380443636364,547.624741333333,354.973559555556
74081715812,74081750802,34990,547.624741333333,354.973559555556,632.153887027027,369.2726
74082352211,74082382436,30225,632.153887027027,369.2726,726.325779591837,354.517592653061
74083182438,74083215663,33225,726.325779591837,354.517592653061,815.272893846154,336.645957948718
74083849090,74083882343,33253,815.272893846154,336.645957948718,856.94408375,330.152595
74084938055,74084998940,60885,856.94408375,330.152595,699.59493,204.0054
74085115655,74085150228,34573,699.59493,204.0054,794.94676,240.4622825
74085265699,74085298922,33223,794.94676,240.4622825,785.2754275,278.0651325
74085415549,74085448991,33442,785.2754275,278.0651325,694.955366666667,241.530466666667
74085682323,74085715557,33234,694.955366666667,241.530466666667,790.165716470588,314.420352941176
74085982313,74086015545,33232,790.165716470588,314.420352941176,864.832430476191,332.434127142857
74086698864,74086782184,83320,864.832430476191,332.434127142857,345.693375,359.165377857143
74087232133,74087265577,33444,345.693375,359.165377857143,422.449843333333,336.4779125
74087648938,74087682182,33244,422.449843333333,336.4779125,536.467495428571,353.505828571429
74088249856,74088282191,32335,536.467495428571,353.505828571429,630.963095714286,353.263565
74088732235,74088765602,33367,630.963095714286,353.263565,712.793634285714,347.616577142857
74089098748,74089142476,43728,712.793634285714,347.616577142857,708.45296,271.183362
74089282238,74089315420,33182,708.45296,271.183362,826.795713125,334.789945625
74089832594,74090048793,216199,826.795713125,334.789945625,917.861936,329.729194
74090198631,74090282087,83456,917.861936,329.729194,334.361050344828,382.264737241379
74090748727,74090782058,33331,334.361050344828,382.264737241379,416.47879037037,380.701714074074
74091348711,74091381985,33274,416.47879037037,380.701714074074,519.518266111111,378.556445555556
74091965454,74091998495,33041,519.518266111111,378.556445555556,598.96786,389.407082051282
74092632619,74092665400,32781,598.96786,389.407082051282,655.041391176471,396.132782941177
74093215174,74093248717,33543,655.041391176471,396.132782941177,618.438861463415,386.438666341463
74093915171,74093950944,35773,618.438861463415,386.438666341463,722.879806190476,370.79394
74094642331,74094665334,23003,722.879806190476,370.79394,760.279711666667,339.230473333333
74094848559,74094881840,33281,760.279711666667,339.230473333333,846.587175,352.450453636364
