"start","end","duration","startx","starty","endx","endy"
346091228574,346091295267,66693,637.04656,166.888091428571,513.962898181818,55.28634
346091461874,346091495412,33538,513.962898181818,55.28634,401.146103333333,100.008741666667
346091879319,346091911820,32501,401.146103333333,100.008741666667,384.167801052632,142.000695789474
346092211822,346092395387,183565,384.167801052632,142.000695789474,463.600316470588,138.545921176471
346092664348,346092695099,30751,463.600316470588,138.545921176471,534.003178518519,107.809091111111
346093111837,346093145266,33429,534.003178518519,107.809091111111,586.288957,83.015245
346093465501,346093628390,162889,586.288957,83.015245,605.285163333333,120.134675
346094011712,346094045075,33363,605.285163333333,120.134675,699.615731428572,93.8051085714286
346094265487,346094295365,29878,699.615731428572,93.8051085714286,536.425397777778,95.8310688888889
346094428249,346094478724,50475,536.425397777778,95.8310688888889,432.209724615385,-1.67911846153846
346094678368,346094711695,33327,432.209724615385,-1.67911846153846,561.042531111111,1.77229555555556
346094845062,346094945047,99985,561.042531111111,1.77229555555556,485.695151428571,20.3048714285714
346095144934,346095178444,33510,485.695151428571,20.3048714285714,409.952042857143,14.6634285714286
346095278376,346095344938,66562,409.952042857143,14.6634285714286,712.984957142857,-55.3858628571429
346095565302,346095594998,29696,712.984957142857,-55.3858628571429,790.6253,-51.2952371428571
346095695149,346095761798,66649,790.6253,-51.2952371428571,707.042272727273,-34.0169945454545
346095928271,346096061699,133428,707.042272727273,-34.0169945454545,858.366485,-47.6312066666667
346096244935,346096278351,33416,858.366485,-47.6312066666667,892.633597142857,-42.1417857142857
346096379547,346096444940,65393,892.633597142857,-42.1417857142857,396.641368571429,19.1760057142857
346096544947,346096578365,33418,396.641368571429,19.1760057142857,400.377125454545,14.1736527272727
346096744938,346096778230,33292,400.377125454545,14.1736527272727,454.883225,50.4508575
346097028144,346097065145,37001,454.883225,50.4508575,391.072927692308,116.099904615385
346097266810,346097295022,28212,391.072927692308,116.099904615385,482.779603529412,119.181155294118
346097565820,346097694964,129144,482.779603529412,119.181155294118,519.40196,127.690468888889
346097828125,346097864450,36325,519.40196,127.690468888889,582.432803076923,114.638938461538
346098064577,346098094999,30422,582.432803076923,114.638938461538,671.969757894737,83.0356705263158
346098395003,346098428178,33175,671.969757894737,83.0356705263158,754.260598461539,77.6111584615385
346098628163,346098778216,150053,754.260598461539,77.6111584615385,711.868222857143,104.217022857143
346098878249,346098911632,33383,711.868222857143,104.217022857143,566.699829333333,101.128841333333
346099144813,346099178269,33456,566.699829333333,101.128841333333,479.412704210526,100.393601052632
346099478156,346099528037,49881,479.412704210526,100.393601052632,767.033794782609,90.1483113043478
346099894860,346099928065,33205,767.033794782609,90.1483113043478,761.875171612903,68.3861283870968
346100428049,346100464931,36882,761.875171612903,68.3861283870968,697.784374285714,61.2643085714286
346100678145,346100711435,33290,697.784374285714,61.2643085714286,800.90356,62.6920642105263
346101011306,346101044676,33370,800.90356,62.6920642105263,811.582338666667,44.100608
346101278088,346101428031,149943,811.582338666667,44.100608,868.021088095238,58.4086514285714
346102111329,346102144970,33641,868.021088095238,58.4086514285714,929.96709,47.5150685714286
346102361850,346102464615,102765,929.96709,47.5150685714286,364.068797894737,109.711937894737
346102763653,346102794676,31023,364.068797894737,109.711937894737,449.487969411765,92.5316
346103061399,346103094625,33226,449.487969411765,92.5316,385.0887384,118.8433584
346103494753,346103764591,269838,385.0887384,118.8433584,449.543616666667,153.092686666667
346103944564,346103977980,33416,449.543616666667,153.092686666667,554.91028625,113.83641125
346104494770,346104527764,32994,554.91028625,113.83641125,608.5788625,68.9314525
346104644569,346104711187,66618,608.5788625,68.9314525,430.272533333333,132.108731111111
346104994669,346105194501,199832,430.272533333333,132.108731111111,474.371165714286,120.791651428571
346105527789,346105561272,33483,474.371165714286,120.791651428571,462.989874285714,91.6192571428572
346105661339,346105694678,33339,462.989874285714,91.6192571428572,537.376137142857,110.305977142857
346106027795,346106177883,150088,537.376137142857,110.305977142857,612.517259166667,138.527684166667
346106565074,346106594497,29423,612.517259166667,138.527684166667,685.3747575,112.5743525
346106711075,346106744437,33362,685.3747575,112.5743525,774.698269090909,68.2133490909091
346106911103,346106977773,66670,774.698269090909,68.2133490909091,751.31442,103.1922725
346107094496,346107127640,33144,751.31442,103.1922725,829.891508235294,88.3224317647059
346107394507,346107427639,33132,829.891508235294,88.3224317647059,897.80336,72.7775407407407
346107861191,346107977741,116550,897.80336,72.7775407407407,331.805578333333,162.663353333333
346108167162,346108394359,227197,331.805578333333,162.663353333333,884.515016,58.2743973333333
346108627659,346108664309,36650,884.515016,58.2743973333333,867.151476,62.844318
346108977783,346109144309,166526,867.151476,62.844318,522.06511,84.136324
346109294372,346109327515,33143,522.06511,84.136324,430.10625375,123.012775
346109577604,346109610934,33330,430.10625375,123.012775,389.032248,128.040088
346109844296,346109910904,66608,389.032248,128.040088,719.382142857143,86.5662057142857
346110011004,346110077620,66616,719.382142857143,86.5662057142857,437.98426,139.784584210526
346110377607,346110410926,33319,437.98426,139.784584210526,435.12226875,147.6045125
346110661001,346110844196,183195,435.12226875,147.6045125,653.954165,154.9967725
346110964369,346111010815,46446,653.954165,154.9967725,666.772428571429,76.0019333333333
346111344188,346111377600,33412,666.772428571429,76.0019333333333,768.896364285714,86.4110757142857
346111594250,346111627520,33270,768.896364285714,86.4110757142857,823.208557142857,72.1107571428572
346111727522,346111894348,166826,823.208557142857,72.1107571428572,902.9331775,106.192426666667
346112277476,346112361747,84271,902.9331775,106.192426666667,386.603312857143,146.771585714286
346112577492,346112610801,33309,386.603312857143,146.771585714286,359.621290769231,149.289686153846
346112810781,346112844063,33282,359.621290769231,149.289686153846,433.5769375,140.63792
346112964891,346113110816,145925,433.5769375,140.63792,507.1464,168.878382
346113266025,346113294190,28165,507.1464,168.878382,487.1190704,175.50622
346113694254,346113727401,33147,487.1190704,175.50622,598.847557777778,158.041986666667
346114010704,346114177500,166796,598.847557777778,158.041986666667,621.051522608696,130.086479130435
346114544076,346114577352,33276,621.051522608696,130.086479130435,633.312469090909,106.771230909091
346114744061,346114777313,33252,633.312469090909,106.771230909091,737.916840740741,90.653442962963
346115210701,346115243939,33238,737.916840740741,90.653442962963,820.703383333333,77.371245
346115427291,346115460821,33530,820.703383333333,77.371245,893.9145,71.1426663157895
346115764359,346115965530,201171,893.9145,71.1426663157895,375.863897333333,153.276176
346116194183,346116343942,149759,375.863897333333,153.276176,390.42625,178.382726
346116493977,346116527271,33294,390.42625,178.382726,487.110972631579,169.552821052632
346116827133,346116864652,37519,487.110972631579,169.552821052632,569.755664827586,172.340917241379
346117327146,346117627147,300001,569.755664827586,172.340917241379,706.3250272,126.0511416
346118010579,346118039672,29093,706.3250272,126.0511416,769.552618333333,124.890438333333
346118210583,346118243815,33232,769.552618333333,124.890438333333,838.34406625,149.294885625
346118764306,346118793888,29582,838.34406625,149.294885625,882.79822,104.697055384615
346118993891,346119027168,33277,882.79822,104.697055384615,932.532929411765,43.5391588235294
346119293866,346119377119,83253,932.532929411765,43.5391588235294,313.580213846154,135.579666153846
346119577091,346119610439,33348,313.580213846154,135.579666153846,443.734898333333,159.705765
346119793892,346119827071,33179,443.734898333333,159.705765,458.815155,130.32475875
346120077143,346120110437,33294,458.815155,130.32475875,481.182777142857,100.585965714286
346120210454,346120243674,33220,481.182777142857,100.585965714286,503.609127619048,152.130047619048
346120577147,346120610438,33291,503.609127619048,152.130047619048,576.5470825,163.04394625
346121127056,346121177198,50142,576.5470825,163.04394625,711.464837333333,149.147314666667
346121410337,346121443688,33351,711.464837333333,149.147314666667,830.407528888889,143.472364444444
346121577012,346121610303,33291,830.407528888889,143.472364444444,834.856137894737,164.280684210526
346121910370,346121943681,33311,834.856137894737,164.280684210526,882.988558181818,113.286045454545
346122110325,346122293958,183633,882.988558181818,113.286045454545,960.949225714286,124.6744
346122393856,346122443711,49855,960.949225714286,124.6744,909.138756,10.604498
346122593760,346122626899,33139,909.138756,10.604498,935.28059,123.628215
346122743563,346122826909,83346,935.28059,123.628215,395.090973846154,215.16476
346123026896,346123065496,38600,395.090973846154,215.16476,354.791091428571,241.472155714286
346123276986,346123310309,33323,354.791091428571,241.472155714286,451.40168,202.312028387097
346123810204,346123843568,33364,451.40168,202.312028387097,513.071865454545,189.802070909091
346124010207,346124293621,283414,513.071865454545,189.802070909091,676.34753375,201.45400125
346124543567,346124576839,33272,676.34753375,201.45400125,680.1641,174.03787
346124763683,346124793652,29969,680.1641,174.03787,576.6064352,176.5366128
346125193489,346125226818,33329,576.6064352,176.5366128,599.466517777778,206.903613333333
346125365221,346125393512,28291,599.466517777778,206.903613333333,666.844854285714,125.947102857143
346125493502,346125526766,33264,666.844854285714,125.947102857143,714.767734285714,181.156852857143
346125743440,346126126760,383320,714.767734285714,181.156852857143,829.704110344828,186.409353793103
346126593514,346126626780,33266,829.704110344828,186.409353793103,876.91990125,164.570515
346126876727,346126910058,33331,876.91990125,164.570515,793.525066153846,185.154426153846
346127326640,346127364353,37713,793.525066153846,185.154426153846,858.883621975309,164.308708395062
346128693386,346128726677,33291,858.883621975309,164.308708395062,911.485997333333,156.006214666667
346128963834,346129043315,79481,911.485997333333,156.006214666667,427.025031111111,249.707868888889
346129176721,346129209952,33231,427.025031111111,249.707868888889,366.237377837838,235.801810810811
346129809937,346129843315,33378,366.237377837838,235.801810810811,411.82724173913,235.725492173913
346130210296,346130263927,53631,411.82724173913,235.725492173913,504.277057777778,169.39883
346130543205,346130576586,33381,504.277057777778,169.39883,568.214446153846,202.600645384615
346130993311,346131076589,83278,568.214446153846,202.600645384615,669.741433333333,228.872991666667
346131263855,346131293259,29404,669.741433333333,228.872991666667,695.224723333333,195.122798333333
346131476641,346131509766,33125,695.224723333333,195.122798333333,770.386579,195.82355
346131826404,346131976486,150082,770.386579,195.82355,777.07018375,212.7097575
346132226423,346132265392,38969,777.07018375,212.7097575,688.6339375,231.6765025
346132509864,346132543196,33332,688.6339375,231.6765025,571.504728333333,215.063505
346132726406,346132763472,37066,571.504728333333,215.063505,476.188514285714,201.35284
346132859917,346132893417,33500,476.188514285714,201.35284,368.993990909091,225.258703636364
346133065054,346133143070,78016,368.993990909091,225.258703636364,916.944881818182,141.371931818182
346133493133,346133526423,33290,916.944881818182,141.371931818182,805.766998333333,203.464311666667
346133709754,346133743053,33299,805.766998333333,203.464311666667,864.272371428572,165.340523809524
346134076520,346134109700,33180,864.272371428572,165.340523809524,925.544168571429,175.96902
346134209728,346134243073,33345,925.544168571429,175.96902,757.515883076923,241.578412307692
346134443090,346134476370,33280,757.515883076923,241.578412307692,676.1350136,274.4997256
346134976367,346135009696,33329,676.1350136,274.4997256,744.594835,283.664863333333
346135193121,346135426281,233160,744.594835,283.664863333333,828.758109285714,288.570217857143
346135876396,346135909822,33426,828.758109285714,288.570217857143,887.825198285714,272.901506285714
346136476359,346136565074,88715,887.825198285714,272.901506285714,389.72254,321.626816363636
346136726280,346136765152,38872,389.72254,321.626816363636,330.590094545455,325.609714545455
346136926162,346137109561,183399,330.590094545455,325.609714545455,336.072747058824,316.194467058824
346137376240,346137409566,33326,336.072747058824,316.194467058824,394.249687058824,321.112979411765
346137963846,346137993144,29298,394.249687058824,321.112979411765,382.915233,331.608691
346138309577,346138342798,33221,382.915233,331.608691,432.210572,292.033584
346138493022,346138526168,33146,432.210572,292.033584,481.848112,287.5655312
346138926154,346138976240,50086,481.848112,287.5655312,589.653763157895,282.655967368421
346139276242,346139342828,66586,589.653763157895,282.655967368421,644.80869,288.3405475
346139459629,346139493111,33482,644.80869,288.3405475,726.239138666667,263.133916
346139726047,346139764970,38923,726.239138666667,263.133916,806.25542952381,269.78691047619
346140093111,346140226427,133316,806.25542952381,269.78691047619,843.819913333333,270.727737777778
346140442760,346140476462,33702,843.819913333333,270.727737777778,879.066857777778,251.142402222222
346140609447,346140664169,54722,879.066857777778,251.142402222222,709.502975,306.9645875
346140776108,346140942690,166582,709.502975,306.9645875,904.21816,233.154748571429
346141042695,346141092763,50068,904.21816,233.154748571429,731.818374736842,278.8806
346141392770,346141426053,33283,731.818374736842,278.8806,822.837414444444,256.755623333333
346141709363,346141742681,33318,822.837414444444,256.755623333333,905.222113846154,254.545640769231
346142159407,346142209363,49956,905.222113846154,254.545640769231,695.349278666667,288.563586666667
346142442675,346142525909,83234,695.349278666667,288.563586666667,415.314264444444,292.525386666667
346142659430,346142692638,33208,415.314264444444,292.525386666667,375.172923076923,341.929375384615
346142892664,346142980121,87457,375.172923076923,341.929375384615,357.9718725,356.23517
346143092764,346143362241,269477,357.9718725,356.23517,569.927601428572,306.700414285714
346143809233,346143976399,167166,569.927601428572,306.700414285714,708.827276666667,305.638911111111
346144264646,346144292684,28038,708.827276666667,305.638911111111,770.653064615385,300.734466923077
346144709230,346144742574,33344,770.653064615385,300.734466923077,838.835314545455,311.945085454545
346144909634,346144942561,32927,838.835314545455,311.945085454545,818.26482,289.355793846154
346145142561,346145425839,283278,818.26482,289.355793846154,849.442081818182,286.287429090909
346145592725,346145625772,33047,849.442081818182,286.287429090909,922.619252142857,268.676910714286
346146075857,346146162463,86606,922.619252142857,268.676910714286,363.447160869565,327.939935652174
346146525769,346146659252,133483,363.447160869565,327.939935652174,474.952062857143,331.767248571429
346146765486,346146942448,176962,474.952062857143,331.767248571429,820.537958823529,276.908792941176
346147209087,346147265401,56314,820.537958823529,276.908792941176,723.485801666667,275.847016666667
346147442452,346147475757,33305,723.485801666667,275.847016666667,749.471502857143,259.993804285714
346147925648,346147959170,33522,749.471502857143,259.993804285714,797.7891,268.859764
346148109076,346148176573,67497,797.7891,268.859764,483.700556923077,218.747915384615
346148375734,346148409105,33371,483.700556923077,218.747915384615,399.481926666667,331.679528888889
346148542319,346148575718,33399,399.481926666667,331.679528888889,409.694974285714,325.560742857143
346148675733,346148925658,249925,409.694974285714,325.560742857143,558.6201,311.80164
346149092389,346149125646,33257,558.6201,311.80164,620.214505,353.4625
346149242316,346149292394,50078,620.214505,353.4625,728.5027425,288.388075833333
346149675694,346149709208,33514,728.5027425,288.388075833333,797.0898,282.51079
346149992497,346150025526,33029,797.0898,282.51079,880.155054615385,268.93848
346150442191,346150525527,83336,880.155054615385,268.93848,370.378495555556,336.298808888889
346150666491,346150692258,25767,370.378495555556,336.298808888889,347.686673333333,375.911098333333
346150875921,346150908943,33022,347.686673333333,375.911098333333,501.23648,337.2765425
346151025586,346151092377,66791,501.23648,337.2765425,453.4276975,343.1975525
346151208854,346151325531,116677,453.4276975,343.1975525,437.937654285714,367.567494285714
346151425544,346151465557,40013,437.937654285714,367.567494285714,509.7556344,338.7015032
346151865660,346151892477,26817,509.7556344,338.7015032,642.908448,322.889202666667
346152125401,346152225434,100033,642.908448,322.889202666667,933.968584,336.279713
346152542196,346152625397,83201,933.968584,336.279713,466.675914074074,326.473094814815
346153058950,346153208831,149881,466.675914074074,326.473094814815,548.227750526316,332.639152631579
346153508839,346153542076,33237,548.227750526316,332.639152631579,429.656166153846,315.196786153846
346153742074,346153808780,66706,429.656166153846,315.196786153846,727.2061125,324.7198275
346154058999,346154092101,33102,727.2061125,324.7198275,820.051193043478,284.561406086957
346154458825,346154492100,33275,820.051193043478,284.561406086957,762.670306923077,273.517979230769
346154908692,346154942082,33390,762.670306923077,273.517979230769,871.8842864,297.1720432
346155341950,346155375421,33471,871.8842864,297.1720432,821.136754444444,297.703105555556
346155664979,346155692194,27215,821.136754444444,297.703105555556,895.482338666667,282.515986666667
346155925291,346156008690,83399,895.482338666667,282.515986666667,375.01094952381,343.126104285714
346156692044,346156725302,33258,375.01094952381,343.126104285714,493.86608,326.876728571429
346156825274,346156858720,33446,493.86608,326.876728571429,519.514084347826,329.214173913044
346157225529,346157265148,39619,519.514084347826,329.214173913044,595.301578571429,360.714768571429
346157475229,346157508599,33370,595.301578571429,360.714768571429,692.948408695652,325.03558173913
346157875236,346157908623,33387,692.948408695652,325.03558173913,767.932482222222,301.135491111111
346158041847,346158075236,33389,767.932482222222,301.135491111111,856.576012,326.891104
