"start","end","duration","startx","starty","endx","endy"
8146062031,8146317060,255029,693.412682222222,508.212886666667,378.820061818182,128.721005454545
8146483409,8146521930,38521,378.820061818182,128.721005454545,390.513034,100.409918
8146666731,8146835629,168898,390.513034,100.409918,549.101824,111.369308
8146983386,8147725564,742178,549.101824,111.369308,677.891105714286,71.2366571428571
8147818486,8148066698,248212,677.891105714286,71.2366571428571,382.15474,61.1517942857143
8148167275,8148266732,99457,382.15474,61.1517942857143,536.370131666667,104.844466666667
8148449945,8149225636,775691,536.370131666667,104.844466666667,382.29501,45.386902
8149366561,8149633440,266879,382.29501,45.386902,509.768396666667,199.32135
8149825275,8149850117,24842,509.768396666667,199.32135,501.710364444444,189.279311111111
8149983138,8150183139,200001,501.710364444444,189.279311111111,595.521122222222,196.363613333333
8150318479,8150350104,31625,595.521122222222,196.363613333333,637.9482025,197.53367
8150466579,8150499937,33358,637.9482025,197.53367,654.263094285714,185.58768
8150599927,8150633196,33269,654.263094285714,185.58768,711.463833333333,187.604062222222
8150766546,8150983152,216606,711.463833333333,187.604062222222,768.188342857143,68.9879771428571
8151083123,8151350068,266945,768.188342857143,68.9879771428571,690.349445,95.6297875
8151466576,8151666437,199861,690.349445,95.6297875,849.010772,162.578886
8151817616,8151983145,165529,849.010772,162.578886,411.8586575,190.97146
8152099800,8152349912,250112,411.8586575,190.97146,475.10917125,215.75386375
8152599794,8152966441,366647,475.10917125,215.75386375,479.149366,209.33258
8153126111,8153233088,106977,479.149366,209.33258,539.046514285714,209.31388
8153319087,8153399675,80588,539.046514285714,209.31388,610.57610125,212.8195975
8153635790,8153766441,130651,610.57610125,212.8195975,674.5363,200.461251111111
8153899685,8153966412,66727,674.5363,200.461251111111,726.89523,187.24374
8154083026,8154166401,83375,726.89523,187.24374,782.852062222222,184.603731111111
8154299671,8154333120,33449,782.852062222222,184.603731111111,813.394374545455,183.146474545455
8154483021,8155116378,633357,813.394374545455,183.146474545455,438.737381176471,222.280318823529
8155382883,8155425699,42816,438.737381176471,222.280318823529,483.453408,224.634556
8155566326,8155599674,33348,483.453408,224.634556,523.026082857143,218.660737142857
8155699677,8155916565,216888,523.026082857143,218.660737142857,607.761296,216.000104
8156066373,8156099555,33182,607.761296,216.000104,638.450185454545,214.024463636364
8156266309,8156299515,33206,638.450185454545,214.024463636364,679.9573725,213.6713625
8156425743,8156449569,23826,679.9573725,213.6713625,719.223691111111,221.36676
8156582925,8156649752,66827,719.223691111111,221.36676,799.975585714286,215.596117142857
8156749733,8156822319,72586,799.975585714286,215.596117142857,865.87852,204.332154285714
8156926546,8157319288,392742,865.87852,204.332154285714,441.588444444444,241.286948888889
8157449698,8157533020,83322,441.588444444444,241.286948888889,549.049855,240.467712
8157849795,8157882765,32970,549.049855,240.467712,596.896676363636,237.815661818182
8158049554,8158082803,33249,596.896676363636,237.815661818182,550.8955368,238.7620384
8158482772,8159022245,539473,550.8955368,238.7620384,635.880202857143,244.706482857143
8159125997,8159216323,90326,635.880202857143,244.706482857143,706.14832,234.617357142857
8159321780,8159366059,44279,706.14832,234.617357142857,744.11546,239.173977777778
8159499435,8159534651,35216,744.11546,239.173977777778,679.662748,247.027376
8159682774,8159766076,83302,679.662748,247.027376,753.729195714286,248.39223
8159982626,8160016088,33462,753.729195714286,248.39223,763.040993333333,231.213748888889
8160149663,8160182660,32997,763.040993333333,231.213748888889,793.340613333333,218.646028888889
8160319256,8160382634,63378,793.340613333333,218.646028888889,868.6601125,211.59216
8160499436,8160716294,216858,868.6601125,211.59216,415.5931475,249.681755
8160832719,8160866064,33345,415.5931475,249.681755,391.281594545455,243.80546
8161035011,8161234534,199523,391.281594545455,243.80546,486.53218,274.40134
8161349531,8161416750,67219,486.53218,274.40134,385.112157142857,263.793945714286
8161516093,8161599299,83206,385.112157142857,263.793945714286,431.571031428571,259.188408571429
8161699292,8161782665,83373,431.571031428571,259.188408571429,517.693176923077,273.913673846154
8161982674,8162082645,99971,517.693176923077,273.913673846154,471.50044,254.69135
8162332759,8162366312,33553,471.50044,254.69135,518.871652727273,252.288787272727
8162532586,8162565972,33386,518.871652727273,252.288787272727,552.947751428571,255.969377142857
8162665967,8162699327,33360,552.947751428571,255.969377142857,601.15681125,259.59193125
8162949361,8162999304,49943,601.15681125,259.59193125,668.848768571429,256.580745714286
8163099301,8163182554,83253,668.848768571429,256.580745714286,725.8830025,251.93197
8163299182,8163334109,34927,725.8830025,251.93197,760.767615,246.732065
8163449455,8163532633,83178,760.767615,246.732065,847.643773333333,242.44274
8163665945,8163832594,166649,847.643773333333,242.44274,367.166634285714,274.911982857143
8163935598,8164082544,146946,367.166634285714,274.911982857143,449.952546153846,297.536110769231
8164282537,8164438581,156044,449.952546153846,297.536110769231,491.2413875,290.786455
8164549265,8164582582,33317,491.2413875,290.786455,421.293411111111,290.447873333333
8164725275,8164825327,100052,421.293411111111,290.447873333333,515.100133846154,296.074004615385
8165025568,8165116189,90621,515.100133846154,296.074004615385,436.523597777778,285.278964444444
8165249236,8165315840,66604,436.523597777778,285.278964444444,542.625144615385,279.293606153846
8165527199,8165615845,88646,542.625144615385,279.293606153846,591.122236666667,267.538706666667
8165799052,8165865813,66761,591.122236666667,267.538706666667,647.709889090909,272.510070909091
8166035187,8166065828,30641,647.709889090909,272.510070909091,673.959731428571,277.879071428571
8166165822,8166265823,100001,673.959731428571,277.879071428571,751.819214782609,264.399886086957
8166635121,8166665699,30578,751.819214782609,264.399886086957,794.725494,258.705786
8166824735,8166865691,40956,794.725494,258.705786,842.1090875,250.46947
8166982386,8167199057,216671,842.1090875,250.46947,396.391996666667,297.628463333333
8167382385,8167449099,66714,396.391996666667,297.628463333333,481.5873525,308.827805
8167565690,8167635769,70079,481.5873525,308.827805,562.764286,297.767614
8167782245,8167819497,37252,562.764286,297.767614,614.663728571429,296.14526
8167915742,8167965702,49960,614.663728571429,296.14526,597.471757142857,298.688791428571
8168065993,8168099031,33038,597.471757142857,298.688791428571,578.7049,293.293568571429
8168199043,8168249231,50188,578.7049,293.293568571429,678.349576363636,293.620263636364
8168415853,8168482268,66415,678.349576363636,293.620263636364,747.62808,282.959062857143
8168582273,8170098929,1516656,747.62808,282.959062857143,663.614892307692,328.36668
8170298913,8170434409,135496,663.614892307692,328.36668,577.9541825,320.29932
8170549031,8170625825,76794,577.9541825,320.29932,533.8687925,316.68427
8170734372,8170765610,31238,533.8687925,316.68427,519.336848571429,318.900957142857
8170865561,8170898792,33231,519.336848571429,318.900957142857,594.849216666667,316.692686666667
8171182130,8171249029,66899,594.849216666667,316.692686666667,662.663242,315.28838
8171398797,8171482150,83353,662.663242,315.28838,729.428205,317.443496
8171798819,8171982187,183368,729.428205,317.443496,841.063485714286,298.073508571429
8172082123,8172382141,300018,841.063485714286,298.073508571429,393.808346666667,347.363778666667
8172615701,8172698804,83103,393.808346666667,347.363778666667,441.2262525,356.5087325
8172949018,8172982020,33002,441.2262525,356.5087325,494.726648888889,342.306642222222
8173115626,8173198802,83176,494.726648888889,342.306642222222,584.152712941176,339.420976470588
8173465449,8173565550,100101,584.152712941176,339.420976470588,487.798342222222,339.336646666667
8173698677,8173765442,66765,487.798342222222,339.336646666667,433.6791,345.797088571429
8173865450,8173982026,116576,433.6791,345.797088571429,525.872584444444,334.172855555556
8174115308,8174165357,50049,525.872584444444,334.172855555556,583.82217,337.9622875
8174416728,8174465353,48625,583.82217,337.9622875,651.5153275,340.02439
8174582014,8174715269,133255,651.5153275,340.02439,727.384488571429,338.562054285714
8174815333,8174881890,66557,727.384488571429,338.562054285714,800.427605454546,333.815636363636
8175048929,8175165334,116405,800.427605454546,333.815636363636,900.294985714286,325.884977142857
8175265329,8175532027,266698,900.294985714286,325.884977142857,414.41951,352.9947475
8175648874,8175815529,166655,414.41951,352.9947475,531.017128571429,374.82376
8176032066,8176098545,66479,531.017128571429,374.82376,666.810814285714,365.023362857143
8176198553,8176281892,83339,666.810814285714,365.023362857143,802.310235555556,343.474615555556
8176415482,8176448714,33232,802.310235555556,343.474615555556,759.7392775,339.3591575
8176565335,8176598561,33226,759.7392775,339.3591575,832.0931,342.2391825
8176715536,8176765198,49662,832.0931,342.2391825,880.085245714286,335.309751428571
8176865192,8176965197,100005,880.085245714286,335.309751428571,420.158091666667,382.764781666667
8177148738,8177216281,67543,420.158091666667,382.764781666667,541.284425454545,383.134194545455
8177381888,8177415732,33844,541.284425454545,383.134194545455,486.526348888889,380.556562222222
8177548745,8177598565,49820,486.526348888889,380.556562222222,594.62616,384.465222857143
8177698565,8177765195,66630,594.62616,384.465222857143,698.314537142857,381.8992
8177865258,8177948692,83434,698.314537142857,381.8992,849.340622222222,358.237706666667
8178081796,8178365234,283438,849.340622222222,358.237706666667,439.7548875,398.1024275
8178481817,8178898444,416627,439.7548875,398.1024275,630.187303636364,305.354547272727
8179065211,8179165193,99982,630.187303636364,305.354547272727,723.752712307692,376.493384615385
8179365069,8179431846,66777,723.752712307692,376.493384615385,815.679352727273,374.21488
8179598436,8179681763,83327,815.679352727273,374.21488,853.280077777778,355.263091111111
8179819292,8179848577,29285,853.280077777778,355.263091111111,815.00377,358.1541875
8179965092,8180026095,61003,815.00377,358.1541875,895.168107272727,366.743261818182
8180181642,8180224792,43150,895.168107272727,366.743261818182,918.050933846154,395.22326
8180415187,8180448473,33286,918.050933846154,395.22326,928.684231111111,399.083728888889
