"start","end","duration","startx","starty","endx","endy"
100513254851,100513404854,150003,514.357692727273,456.456600909091,436.934876363636,46.6368145454545
100513571728,100513604733,33005,436.934876363636,46.6368145454545,367.591616,17.1650952
100514004793,100514046924,42131,367.591616,17.1650952,424.868011428571,48.03132
100514143698,100514271732,128034,424.868011428571,48.03132,486.176146666667,68.4267355555556
100514404719,100514446916,42197,486.176146666667,68.4267355555556,390.800301111111,38.2746133333333
100514721402,100514756310,34908,390.800301111111,38.2746133333333,466.259651818182,72.9860718181818
100515104754,100515147127,42373,466.259651818182,72.9860718181818,548.417393333333,55.1827053333333
100515371646,100515604750,233104,548.417393333333,55.1827053333333,687.92994,37.13378
100515704730,100515847387,142657,687.92994,37.13378,840.786652,7.40226
100515988056,100516021401,33345,840.786652,7.40226,922.610295,11.6401866666667
100516204629,100516404596,199967,922.610295,11.6401866666667,435.26698,65.2703345454545
100516571474,100516604640,33166,435.26698,65.2703345454545,360.000557142857,67.62523
100517054710,100517088055,33345,360.000557142857,67.62523,375.374855064935,149.327875584416
100518355118,100518387923,32805,375.374855064935,149.327875584416,436.798463333333,142.645160833333
100518771569,100518804480,32911,436.798463333333,142.645160833333,516.8457964,148.1192372
100519621143,100519654617,33474,516.8457964,148.1192372,608.125046428571,133.515684285714
100520104486,100520148176,43690,608.125046428571,133.515684285714,689.395030169492,122.857844067797
100521104372,100521143074,38702,689.395030169492,122.857844067797,797.419947058824,94.2795829411765
100521687800,100521721022,33222,797.419947058824,94.2795829411765,860.076775,111.980428333333
100522104384,100522143089,38705,860.076775,111.980428333333,928.33906,88.5859525
100522258257,100522347664,89407,928.33906,88.5859525,377.836113846154,161.030673461538
100523187676,100523221031,33355,377.836113846154,161.030673461538,456.459783684211,170.443788421053
100523847462,100523871186,23724,456.459783684211,170.443788421053,547.137217741936,158.295239354839
100524887673,100524920905,33232,547.137217741936,158.295239354839,603.954315,149.0633225
100525047871,100525171090,123219,603.954315,149.0633225,615.844293421053,152.059357368421
100526420904,100526454293,33389,615.844293421053,152.059357368421,714.39668,140.59781047619
100527143777,100527170943,27166,714.39668,140.59781047619,815.135307272727,135.752042727273
100527520777,100527555266,34489,815.135307272727,135.752042727273,897.62444,139.966157333333
100527787699,100527820773,33074,897.62444,139.966157333333,929.5055496,166.5086328
100528220784,100528287434,66650,929.5055496,166.5086328,540.8082325,183.73322
100528403973,100528454152,50179,540.8082325,183.73322,379.737723333333,175.731236666667
100528637650,100528703983,66333,379.737723333333,175.731236666667,369.721945,205.821553333333
100528887425,100528920780,33355,369.721945,205.821553333333,429.019212777778,188.499125
100529504020,100529546744,42724,429.019212777778,188.499125,523.755621621622,193.724709189189
100530120736,100530155701,34965,523.755621621622,193.724709189189,605.052015789474,187.996700526316
100530770845,100530803993,33148,605.052015789474,187.996700526316,709.542557241379,163.799887586207
100531270894,100531303908,33014,709.542557241379,163.799887586207,785.274467868853,167.148130163934
100532303875,100532347285,43410,785.274467868853,167.148130163934,876.68209625,149.4833775
100532853957,100532887211,33254,876.68209625,149.4833775,916.004824285714,172.937769285714
100533337449,100533420533,83084,916.004824285714,172.937769285714,586.461857142857,230.389477142857
100533520508,100533687197,166689,586.461857142857,230.389477142857,370.691461,199.69207
100534003759,100534147423,143664,370.691461,199.69207,409.482875454545,188.813418181818
100534487168,100534520372,33204,409.482875454545,188.813418181818,478.738658947368,189.821237894737
100534820406,100534853912,33506,478.738658947368,189.821237894737,546.658288148148,204.560582222222
100535287052,100535320425,33373,546.658288148148,204.560582222222,654.115080606061,202.496269090909
100535856508,100535920407,63899,654.115080606061,202.496269090909,666.089817333333,17.6816706666667
100536153699,100536203627,49928,666.089817333333,17.6816706666667,469.635548,12.114934
100536353718,100536387063,33345,469.635548,12.114934,388.292588,28.633566
100536546941,100536747248,200307,388.292588,28.633566,473.48943375,87.03539625
100536987048,100537020258,33210,473.48943375,87.03539625,548.202272727273,53.3529018181818
100537187049,100537220282,33233,548.202272727273,53.3529018181818,648.057166666667,29.0015622222222
100537353758,100537386924,33166,648.057166666667,29.0015622222222,782.385878181818,4.48209818181818
100537556236,100537586958,30722,782.385878181818,4.48209818181818,817.551048888889,71.8303111111111
100537720287,100537920279,199992,817.551048888889,71.8303111111111,423.752935,62.3845266666667
100538103599,100538143081,39482,423.752935,62.3845266666667,375.852023333333,71.4740916666667
100538320289,100538354531,34242,375.852023333333,71.4740916666667,510.756490588235,80.6327976470588
100538620284,100538653567,33283,510.756490588235,80.6327976470588,380.612546666667,127.463593333333
100538886926,100539056402,169476,380.612546666667,127.463593333333,545.945521904762,96.5295495238095
100539386927,100539443065,56138,545.945521904762,96.5295495238095,366.836796923077,104.739644615385
100539637311,100539670238,32927,366.836796923077,104.739644615385,381.56606745098,147.251968235294
100540503517,100540537844,34327,381.56606745098,147.251968235294,466.649069,151.445724
100540855227,100540886800,31573,466.649069,151.445724,529.646681666667,128.570301666667
100541270363,100541303377,33014,529.646681666667,128.570301666667,643.2368536,124.7474552
100541703379,100541736752,33373,643.2368536,124.7474552,695.036495,113.554756666667
100541920034,100542055472,135438,695.036495,113.554756666667,732.986078181818,123.226303636364
100542220033,100542253507,33474,732.986078181818,123.226303636364,784.865706190476,108.77341047619
100542935082,100542954616,19534,784.865706190476,108.77341047619,885.415727619048,109.994543809524
100543286674,100543434972,148298,885.415727619048,109.994543809524,428.973875,166.0067525
100543538011,100543569983,31972,428.973875,166.0067525,375.164201935484,173.439373548387
100544070264,100544103223,32959,375.164201935484,173.439373548387,480.004307906977,175.144691627907
100544803254,100544846259,43005,480.004307906977,175.144691627907,568.522831111111,173.936271111111
100544970181,100545119898,149717,568.522831111111,173.936271111111,585.907142380952,158.450478571429
100545803146,100545836505,33359,585.907142380952,158.450478571429,701.613362307692,158.073195128205
100547119784,100547156754,36970,701.613362307692,158.073195128205,808.8099848,148.5037792
100547553245,100547586708,33463,808.8099848,148.5037792,901.064651372549,139.42604745098
100548419729,100548486415,66686,901.064651372549,139.42604745098,558.08716,211.286002857143
100548586425,100548646691,60266,558.08716,211.286002857143,397.790851111111,193.542995111111
100549369672,100549403034,33362,397.790851111111,193.542995111111,483.839171428571,183.915845714286
100549619692,100549869683,249991,483.839171428571,183.915845714286,554.027483888889,190.708208333333
100550454708,100550486310,31602,554.027483888889,190.708208333333,675.174723636364,168.968383636364
100550836836,100550870025,33189,675.174723636364,168.968383636364,724.340823636364,171.469750909091
100551036256,100551169995,133739,724.340823636364,171.469750909091,800.6954,165.256195
100551286303,100551319678,33375,800.6954,165.256195,893.02160137931,155.39604
100551786300,100551853077,66777,893.02160137931,155.39604,530.404171111111,200.477462222222
100551986317,100552019492,33175,530.404171111111,200.477462222222,404.6727025,204.444205
100552146531,100552169702,23171,404.6727025,204.444205,376.838631578947,224.665349473684
100552469719,100552502882,33163,376.838631578947,224.665349473684,437.921110588235,212.894097058824
100553052977,100553086181,33204,437.921110588235,212.894097058824,511.129008095238,214.351175714286
100553769604,100553802791,33187,511.129008095238,214.351175714286,593.201296666667,204.907754444444
100554086223,100554236126,149903,593.201296666667,204.907754444444,664.22062,213.224126666667
100554619358,100554652878,33520,664.22062,213.224126666667,773.636283478261,188.455460869565
100555019406,100555052972,33566,773.636283478261,188.455460869565,893.063058305085,187.130003728814
100556019391,100556052733,33342,893.063058305085,187.130003728814,935.379985263158,199.675486315789
100556352716,100556569354,216638,935.379985263158,199.675486315789,400.980152727273,244.580647272727
100556736015,100556769405,33390,400.980152727273,244.580647272727,411.614888125,240.202409375
100557285974,100557319279,33305,411.614888125,240.202409375,490.56072173913,240.114524347826
100557685967,100557719256,33289,490.56072173913,240.114524347826,562.077519090909,235.362307272727
100558069416,100558102504,33088,562.077519090909,235.362307272727,657.998395454546,235.125775454545
100558902507,100558935920,33413,657.998395454546,235.125775454545,706.339010740741,223.183980740741
100559819340,100559852572,33232,706.339010740741,223.183980740741,814.379523157895,215.712631052632
100560469291,100560502494,33203,814.379523157895,215.712631052632,878.272743157895,227.408235789474
100560802403,100560835786,33383,878.272743157895,227.408235789474,908.429300625,202.72947
100561353642,100561535772,182130,908.429300625,202.72947,469.543785714286,246.521848571429
100561635750,100561669209,33459,469.543785714286,246.521848571429,382.359777419355,237.289029032258
100562169170,100562202359,33189,382.359777419355,237.289029032258,477.347191818182,252.294136818182
100562919034,100562953749,34715,477.347191818182,252.294136818182,570.663120645161,244.915730967742
100563454352,100563485713,31361,570.663120645161,244.915730967742,670.024361818182,254.614369090909
100563835621,100563869059,33438,670.024361818182,254.614369090909,760.226559130435,245.224042608696
100564618882,100564652389,33507,760.226559130435,245.224042608696,860.37261037037,224.979377407407
100565535538,100565568933,33395,860.37261037037,224.979377407407,911.10766,223.17001
100565685600,100565735523,49923,911.10766,223.17001,671.017215,279.386405
100565852532,100565902118,49586,671.017215,279.386405,450.46524,278.169556
100566052194,100566085800,33606,450.46524,278.169556,391.921531428571,291.820262857143
100566185597,100566218899,33302,391.921531428571,291.820262857143,368.029808571429,324.142154285714
100566318807,100566352982,34175,368.029808571429,324.142154285714,403.324384705882,265.558542941176
100566902097,100566935501,33404,403.324384705882,265.558542941176,497.733059344262,277.85290557377
100567935401,100567968807,33406,497.733059344262,277.85290557377,583.876849375,279.309144375
100568485433,100568518706,33273,583.876849375,279.309144375,667.771929090909,279.771508181818
100568868857,100568901991,33134,667.771929090909,279.771508181818,832.225243076923,234.779184615385
100569102053,100569135383,33330,832.225243076923,234.779184615385,876.29881442623,210.531553114754
100570135288,100570202044,66756,876.29881442623,210.531553114754,586.946582857143,264.514534285714
100570302086,100570335293,33207,586.946582857143,264.514534285714,418.642149090909,259.562109090909
100570502008,100570535258,33250,418.642149090909,259.562109090909,415.005496363636,252.212173818182
100571435650,100571468538,32888,415.005496363636,252.212173818182,491.882913571429,249.147113928571
100572385189,100572418538,33349,491.882913571429,249.147113928571,585.729241538462,243.038518461538
100572618526,100572652120,33594,585.729241538462,243.038518461538,674.496546956522,249.985966086957
100573018533,100573051863,33330,674.496546956522,249.985966086957,763.900392,238.066034666667
100573535162,100573568569,33407,763.900392,238.066034666667,875.502313076923,218.162883076923
100573985426,100574068452,83026,875.502313076923,218.162883076923,487.9930175,275.3077925
100574185218,100574218409,33191,487.9930175,275.3077925,389.330750714286,273.679629285714
100574668481,100574918417,249936,389.330750714286,273.679629285714,576.589784375,277.055879375
100575968357,100576001661,33304,576.589784375,277.055879375,651.045791304348,270.953515652174
100576368444,100576401597,33153,651.045791304348,270.953515652174,728.100386956522,264.760015652174
100576768436,100576801631,33195,728.100386956522,264.760015652174,834.685487142857,249.428976428571
100577253462,100577284928,31466,834.685487142857,249.428976428571,906.845604,238.106129333333
100577518399,100577718296,199897,906.845604,238.106129333333,407.672935555556,312.006575555556
100577851729,100577884939,33210,407.672935555556,312.006575555556,373.888624444444,294.432784444444
100578018275,100578184928,166653,373.888624444444,294.432784444444,456.613589333333,306.333908
100578668450,100578701492,33042,456.613589333333,306.333908,563.770521818182,303.213447272727
100578868381,100578901484,33103,563.770521818182,303.213447272727,665.120678333333,299.535725833333
100579284972,100579318168,33196,665.120678333333,299.535725833333,763.655559069767,278.946314883721
100580018145,100580051757,33612,763.655559069767,278.946314883721,875.666604347826,269.463008695652
100580418129,100580484838,66709,875.666604347826,269.463008695652,477.3373025,305.2584125
100580601411,100580651746,50335,477.3373025,305.2584125,388.064136,316.373312
100580801413,100580834778,33365,388.064136,316.373312,377.681035454546,302.629937272727
100581184851,100581218117,33266,377.681035454546,302.629937272727,475.009265625,329.7012225
100581734902,100581768078,33176,475.009265625,329.7012225,562.209450666667,327.699789333333
100582251541,100582284702,33161,562.209450666667,327.699789333333,657.388446829268,331.170492682927
100582951370,100582984698,33328,657.388446829268,331.170492682927,746.793958604651,314.419728372093
100583684713,100583717886,33173,746.793958604651,314.419728372093,864.852301944445,293.928370833333
100584901226,100584934508,33282,864.852301944445,293.928370833333,915.951177142857,283.553028571429
100585153793,100585234494,80701,915.951177142857,283.553028571429,570.22702,351.436754285714
100585334538,100585368082,33544,570.22702,351.436754285714,398.782305,340.883793333333
100585551247,100585584591,33344,398.782305,340.883793333333,380.239598235294,330.655696470588
100586134498,100586167940,33442,380.239598235294,330.655696470588,496.28377,343.479612
100586651866,100586684561,32695,496.28377,343.479612,585.8865456,348.9903728
100587084448,100587117763,33315,585.8865456,348.9903728,680.762661666667,338.001935
100587501176,100587534419,33243,680.762661666667,338.001935,758.900421666667,325.951698333333
100587717811,100587751248,33437,758.900421666667,325.951698333333,874.975632727273,306.92312969697
100588284454,100588351106,66652,874.975632727273,306.92312969697,516.248174285714,354.559762857143
100588451155,100588500994,49839,516.248174285714,354.559762857143,400.768463050848,356.387628474576
100589467791,100589501036,33245,400.768463050848,356.387628474576,455.959977777778,348.426902222222
100589784608,100589901049,116441,455.959977777778,348.426902222222,542.955409642857,362.34864
100590817623,100590851004,33381,542.955409642857,362.34864,620.69568125,367.05193875
100591100868,100591267621,166753,620.69568125,367.05193875,713.889221935484,352.71668
100591767551,100591800895,33344,713.889221935484,352.71668,777.449822173913,348.160233043478
100592550990,100592584186,33196,777.449822173913,348.160233043478,884.6647555,328.884145
100593234137,100593284199,50062,884.6647555,328.884145,577.970777142857,353.203688571429
100593384190,100593434117,49927,577.970777142857,353.203688571429,396.054184,367.983594
100593750944,100593784193,33249,396.054184,367.983594,396.590861818182,397.32962
100593950923,100594117376,166453,396.590861818182,397.32962,493.85636625,375.51121
100594634031,100594667575,33544,493.85636625,375.51121,601.595738333333,374.547823333333
100594850750,100594884068,33318,601.595738333333,374.547823333333,647.080601904762,374.12148952381
100595217375,100595250747,33372,647.080601904762,374.12148952381,749.2510208,363.878144
100595650742,100595684115,33373,749.2510208,363.878144,877.250468571429,349.256524761905
100596017361,100596100681,83320,877.250468571429,349.256524761905,409.388404,376.804228
100596250791,100596284093,33302,409.388404,376.804228,360.487649473684,388.996415789474
100596584081,100596634038,49957,360.487649473684,388.996415789474,582.612938947368,403.350565263158
100596934084,100596967486,33402,582.612938947368,403.350565263158,621.433281176471,369.472409411765
100597233905,100597267462,33557,621.433281176471,369.472409411765,736.32398625,357.58903375
100597517247,100597550781,33534,736.32398625,357.58903375,858.707869285714,317.028137857143
100598000534,100598067447,66913,858.707869285714,317.028137857143,431.76874,339.787075
100598183958,100598217256,33298,431.76874,339.787075,391.558781290323,353.580767741936
100598717149,100598750668,33519,391.558781290323,353.580767741936,477.89857037037,377.934014074074
100599183988,100599367375,183387,477.89857037037,377.934014074074,571.329962857143,359.047972857143
100599583991,100599617113,33122,571.329962857143,359.047972857143,653.512757333333,356.370956
100599850645,100599883903,33258,653.512757333333,356.370956,750.849422608696,336.489446086957
100600250663,100600283839,33176,750.849422608696,336.489446086957,861.78401,319.233684545455
100600633790,100600767333,133543,861.78401,319.233684545455,427.224588571429,362.730662857143
100600867305,100600900412,33107,427.224588571429,362.730662857143,387.95466,374.814196842105
100601517025,100601567221,50196,387.95466,374.814196842105,551.038222222222,348.193157777778
100601700433,100601733785,33352,551.038222222222,348.193157777778,615.87073,329.1165825
100601983847,100602017012,33165,615.87073,329.1165825,701.369933125,313.3129484375
100603067153,100603100305,33152,701.369933125,313.3129484375,765.061529230769,308.358038461538
100603300288,100603533674,233386,765.061529230769,308.358038461538,783.374764705882,336.631722352941
100603800336,100603833659,33323,783.374764705882,336.631722352941,865.89852962963,322.937519259259
100604250384,100604400261,149877,865.89852962963,322.937519259259,571.543708571429,315.49374
100604500282,100604566999,66717,571.543708571429,315.49374,391.522828717949,328.600998974359
100605200161,100605233536,33375,391.522828717949,328.600998974359,462.541176296296,341.39069037037
100605666940,100605700173,33233,462.541176296296,341.39069037037,551.613600645161,340.922367741935
100606200174,100606233552,33378,551.613600645161,340.922367741935,634.109426153846,336.39188
100606433529,100606466812,33283,634.109426153846,336.39188,719.372314634146,328.870305853659
100607133406,100607166922,33516,719.372314634146,328.870305853659,627.492274482759,316.930730344828
100607633415,100607666896,33481,627.492274482759,316.930730344828,518.47803,309.4597375
100607916756,100607966813,50057,518.47803,309.4597375,815.44332,278.160789090909
100608133416,100608166928,33512,815.44332,278.160789090909,866.619056842105,252.473695789474
100608466936,100608500007,33071,866.619056842105,252.473695789474,701.228401333333,265.794646666667
100608733404,100608766789,33385,701.228401333333,265.794646666667,844.030681739131,295.131949565217
100609133415,100609166876,33461,844.030681739131,295.131949565217,660.528334285714,320.325925714286
100609266779,100609300043,33264,660.528334285714,320.325925714286,613.784949032258,321.409816774194
100609800043,100609833288,33245,613.784949032258,321.409816774194,727.995716923077,303.411082051282
100610466704,100610499917,33213,727.995716923077,303.411082051282,648.559309090909,264.25384
100610666807,100610699919,33112,648.559309090909,264.25384,563.172797241379,278.225348275862
100611166772,100611199909,33137,563.172797241379,278.225348275862,443.983776111111,269.123047777778
100611783356,100611816521,33165,443.983776111111,269.123047777778,583.028412727273,269.100301818182
100611983460,100612016504,33044,583.028412727273,269.100301818182,706.593804,271.320112
100612250113,100612283229,33116,706.593804,271.320112,835.349772,242.054022
