"start","end","duration","startx","starty","endx","endy"
779939823,780073183,133360,630.5643575,498.6188475,574.97062,233.257171428571
780173177,780323260,150083,574.97062,233.257171428571,345.209089230769,110.249123076923
780523240,780556410,33170,345.209089230769,110.249123076923,402.328,124.805487272727
780723233,781056421,333188,402.328,124.805487272727,452.931481818182,92.9833363636364
781223133,781256409,33276,452.931481818182,92.9833363636364,427.88959,111.3923075
781373065,781406636,33571,427.88959,111.3923075,511.509285,28.0703175
781788920,781810848,21928,511.509285,28.0703175,640.142808888889,14.9248311111111
781939675,781973071,33396,640.142808888889,14.9248311111111,717.06113375,2.757345
782223095,782256408,33313,717.06113375,2.757345,630.661750526316,35.3888305263158
782556275,782589916,33641,630.661750526316,35.3888305263158,723.532974285714,40.8287128571429
782806521,782839663,33142,723.532974285714,40.8287128571429,797.906313953489,37.8502172093023
783539638,783739705,200067,797.906313953489,37.8502172093023,361.374915348837,39.1329744186047
784439563,784472943,33380,361.374915348837,39.1329744186047,498.402018461538,42.9746692307692
784672922,784706441,33519,498.402018461538,42.9746692307692,594.678863636364,55.2391818181818
784872905,785022984,150079,594.678863636364,55.2391818181818,631.19854,83.6199857142857
785122994,785172939,49945,631.19854,83.6199857142857,433.129736,123.724132
785322994,785356172,33178,433.129736,123.724132,359.214556571429,97.8608211428571
785923085,785956537,33452,359.214556571429,97.8608211428571,453.753728333333,94.4205716666667
786139574,786289649,150075,453.753728333333,94.4205716666667,552.894410666667,126.131286666667
786522871,786556151,33280,552.894410666667,126.131286666667,603.074914230769,112.607423846154
787406369,787439429,33060,603.074914230769,112.607423846154,690.728672307692,107.06465
787856042,787889747,33705,690.728672307692,107.06465,781.322714285714,120.272701904762
788222871,788256257,33386,781.322714285714,120.272701904762,842.471277142857,105.286728571429
788939423,789139317,199894,842.471277142857,105.286728571429,916.419575294118,96.1380517647059
789406225,789439304,33079,916.419575294118,96.1380517647059,912.562606,122.108098
789589402,789656040,66638,912.562606,122.108098,362.806881176471,163.898261176471
789922964,790022892,99928,362.806881176471,163.898261176471,456.3892952,101.438208
790522731,790739302,216571,456.3892952,101.438208,479.620785,53.6751175
790855920,790889379,33459,479.620785,53.6751175,552.913372432432,110.670105405405
791489372,791522662,33290,552.913372432432,110.670105405405,604.237412857143,112.457132857143
791739187,791772545,33358,604.237412857143,112.457132857143,688.502869565217,115.249045217391
792139200,792172545,33345,688.502869565217,115.249045217391,762.083188235294,100.591610588235
792439190,792472568,33378,762.083188235294,100.591610588235,844.435827692308,103.755327692308
792889295,792922578,33283,844.435827692308,103.755327692308,892.723390188679,126.118971320755
793789314,793872435,83121,892.723390188679,126.118971320755,369.414360833333,155.206075
794339074,794372421,33347,369.414360833333,155.206075,421.610399411765,141.986392352941
794922466,794955777,33311,421.610399411765,141.986392352941,460.796257,145.795708
795272438,795389239,116801,460.796257,145.795708,428.963155333333,134.044080666667
795872307,795906398,34091,428.963155333333,134.044080666667,425.756057272727,132.444614545455
796255630,796289158,33528,425.756057272727,132.444614545455,514.766896774194,142.74085483871
796789016,796822374,33358,514.766896774194,142.74085483871,604.944508235294,140.759988235294
797089033,797222372,133339,604.944508235294,140.759988235294,619.588930476191,66.0886771428572
797555515,797588997,33482,619.588930476191,66.0886771428572,715.3019775,139.22396625
797838966,797872287,33321,715.3019775,139.22396625,765.98857027027,158.901465945946
798472212,798505645,33433,765.98857027027,158.901465945946,705.660081904762,161.403263809524
798838928,798872154,33226,705.660081904762,161.403263809524,792.88154,164.187192631579
799172173,799205715,33542,792.88154,164.187192631579,879.49671,143.533327777778
799488951,799572174,83223,879.49671,143.533327777778,353.862466153846,181.086706153846
799772193,799922382,150189,353.862466153846,181.086706153846,404.938409795918,147.074606938776
800722115,800755427,33312,404.938409795918,147.074606938776,512.013065,148.626660833333
801138825,801172052,33227,512.013065,148.626660833333,551.187317142857,142.101137142857
801272047,801305570,33523,551.187317142857,142.101137142857,400.696660952381,155.553274285714
801638696,801672045,33349,400.696660952381,155.553274285714,385.466483333333,115.14153
801955392,801988754,33362,385.466483333333,115.14153,461.897761176471,120.163808235294
802255391,802288817,33426,461.897761176471,120.163808235294,564.602662777778,157.857846111111
802872043,802905480,33437,564.602662777778,157.857846111111,667.23562,148.260036470588
803172047,803205419,33372,667.23562,148.260036470588,719.857097241379,164.106475862069
803671926,803705352,33426,719.857097241379,164.106475862069,629.473468095238,179.235715238095
804388661,804422035,33374,629.473468095238,179.235715238095,701.640863157895,177.248035789474
804721984,804755299,33315,701.640863157895,177.248035789474,835.161303589744,176.514865641026
805388755,805421982,33227,835.161303589744,176.514865641026,897.357457777778,163.575144444444
805555157,805622008,66851,897.357457777778,163.575144444444,372.974363333333,210.064055
805805229,806171807,366578,372.974363333333,210.064055,427.614263157895,175.853803157895
806471845,806505330,33485,427.614263157895,175.853803157895,415.46526,223.234988571429
806605371,806738435,133064,415.46526,223.234988571429,454.126076,196.102757333333
806971823,807005308,33485,454.126076,196.102757333333,523.503283478261,187.234522608696
807371805,807621887,250082,523.503283478261,187.234522608696,635.119676666667,181.470790833333
808005095,808038436,33341,635.119676666667,181.470790833333,705.647174,179.15147
808188560,808221856,33296,705.647174,179.15147,754.789133684211,168.146674736842
808521754,808555023,33269,754.789133684211,168.146674736842,848.740714285714,175.773927142857
809005226,809155042,149816,848.740714285714,175.773927142857,359.365719230769,209.70451
809571678,809738401,166723,359.365719230769,209.70451,429.889390909091,185.22718
809904982,809938322,33340,429.889390909091,185.22718,527.680808333333,202.8817825
810321990,810354918,32928,527.680808333333,202.8817825,580.481296,205.804694933333
811588302,811621635,33333,580.481296,205.804694933333,661.203214782609,210.20506173913
811988450,812021636,33186,661.203214782609,210.20506173913,766.806561666667,218.722416666667
812204971,812338194,133223,766.806561666667,218.722416666667,830.644,217.039688235294
812605097,812638197,33100,830.644,217.039688235294,876.250098125,216.598349375
813154796,813238181,83385,876.250098125,216.598349375,423.823287272727,252.324352727273
813404947,813438169,33222,423.823287272727,252.324352727273,359.747714285714,244.0987
813538184,813688296,150112,359.747714285714,244.0987,467.365681428571,215.894374285714
813906532,813938210,31678,467.365681428571,215.894374285714,579.0997,219.444464285714
814154773,814188267,33494,579.0997,219.444464285714,707.227812105263,226.345220526316
814804996,814838073,33077,707.227812105263,226.345220526316,798.685755789474,232.000146315789
815138072,815171427,33355,798.685755789474,232.000146315789,897.826848571429,225.865839047619
815504823,815588133,83310,897.826848571429,225.865839047619,369.3931856,251.2957648
815988149,816021579,33430,369.3931856,251.2957648,379.353984444444,228.938515555556
816154658,816188185,33527,379.353984444444,228.938515555556,455.203003529412,226.051103529412
816537946,816571317,33371,455.203003529412,226.051103529412,525.4482232,257.7700232
816971316,817321379,350063,525.4482232,257.7700232,615.68694,249.630016296296
817754529,817788068,33539,615.68694,249.630016296296,729.044324137931,234.992568965517
818254525,818288103,33578,729.044324137931,234.992568965517,833.63684972973,245.699002162162
818888036,818988075,100039,833.63684972973,245.699002162162,350.022866666667,302.398432
819221317,819254520,33203,350.022866666667,302.398432,396.022874814815,268.09364962963
819687889,819721448,33559,396.022874814815,268.09364962963,351.035025,202.25628
819837838,819971236,133398,351.035025,202.25628,511.2585696,247.232872
820371148,820405526,34378,511.2585696,247.232872,395.430032142857,250.146525
820854404,820887864,33460,395.430032142857,250.146525,526.145747692308,259.804970769231
821087913,821121112,33199,526.145747692308,259.804970769231,597.826701538462,267.739950769231
821321139,821354399,33260,597.826701538462,267.739950769231,682.135873103448,270.780108275862
822304469,822337702,33233,682.135873103448,270.780108275862,792.536795211268,276.905214366197
823504484,823537689,33205,792.536795211268,276.905214366197,906.862357647059,267.670157647059
823804454,823870950,66496,906.862357647059,267.670157647059,452.011816,295.32057
824021007,824054263,33256,452.011816,295.32057,330.036817142857,307.561651428571
824154307,824304489,150182,330.036817142857,307.561651428571,338.105256666667,277.37788
824487632,824521003,33371,338.105256666667,277.37788,437.017933043478,279.899393913043
824887704,824921003,33299,437.017933043478,279.899393913043,554.436373333333,278.610571333333
825404765,825437564,32799,554.436373333333,278.610571333333,646.685053333333,293.881231515152
825970806,826004219,33413,646.685053333333,293.881231515152,737.068890869565,299.771561304348
826754171,826789607,35436,737.068890869565,299.771561304348,826.196006086957,306.160233043478
827154149,827187497,33348,826.196006086957,306.160233043478,903.02102,311.681835
827304220,827370814,66594,903.02102,311.681835,366.891496923077,323.652844615385
827570814,827604079,33265,366.891496923077,323.652844615385,376.75345,311.22781
827787581,828121105,333524,376.75345,311.22781,464.859940769231,321.394666923077
828537455,828770679,233224,464.859940769231,321.394666923077,568.525481333333,295.406756
829004139,829037313,33174,568.525481333333,295.406756,602.802735,310.971058333333
829220724,829254020,33296,602.802735,310.971058333333,520.366300606061,302.793445454545
830337290,830370684,33394,520.366300606061,302.793445454545,635.252109411765,304.284084705882
830920597,830953900,33303,635.252109411765,304.284084705882,668.323926849315,328.660015616438
832153917,832187933,34016,668.323926849315,328.660015616438,747.047860740741,310.263887407407
832620615,832653823,33208,747.047860740741,310.263887407407,815.231718888889,323.107921666667
833237181,833420468,183287,815.231718888889,323.107921666667,351.949571428571,341.991574285714
833520500,833670444,149944,351.949571428571,341.991574285714,393.516058,299.384575
833988818,834253769,264951,393.516058,299.384575,480.267404,362.76337
834403879,834437118,33239,480.267404,362.76337,569.242054444445,348.154243333333
834720486,834753665,33179,569.242054444445,348.154243333333,671.512797647059,329.826256470588
835020484,835053633,33149,671.512797647059,329.826256470588,757.606302105263,329.389717894737
835353653,835387144,33491,757.606302105263,329.389717894737,835.450467761194,322.836214626866
836487073,836520375,33302,835.450467761194,322.836214626866,918.332635135135,370.151098378378
