"start","end","duration","startx","starty","endx","endy"
163712971996,163713005322,33326,441.67445047619,207.411946666667,409.516805714286,119.976851428571
163713221893,163713338588,116695,409.516805714286,119.976851428571,382.771198823529,47.4744129411765
163713605288,163713638555,33267,382.771198823529,47.4744129411765,469.609036842105,49.5530736842105
163713938557,163713971982,33425,469.609036842105,49.5530736842105,578.049968,31.629732
163714288619,163714521897,233278,578.049968,31.629732,725.413509090909,20.9104636363636
163714688901,163714722173,33272,725.413509090909,20.9104636363636,782.47732,58.339965
163714888626,163714959616,70990,782.47732,58.339965,420.110197777778,132.215215555556
163715538415,163715571859,33444,420.110197777778,132.215215555556,463.439258181818,143.098669090909
163715738436,163715771875,33439,463.439258181818,143.098669090909,572.606497894737,94.6374768421053
163716071870,163716105517,33647,572.606497894737,94.6374768421053,441.960644,94.10723
163716421746,163716456753,35007,441.960644,94.10723,523.298721333333,122.533550666667
163716688634,163716721746,33112,523.298721333333,122.533550666667,683.4016864,126.4658684
163717538412,163717571734,33322,683.4016864,126.4658684,801.300145,120.209394
163717888590,163717921627,33037,801.300145,120.209394,878.966742666667,112.444517333333
163718156941,163718238298,81357,878.966742666667,112.444517333333,371.671547692308,135.352213846154
163718438306,163718588623,150317,371.671547692308,135.352213846154,437.998161,150.322974
163718904923,163718938298,33375,437.998161,150.322974,492.477936842105,148.053261052632
163719238306,163719271702,33396,492.477936842105,148.053261052632,602.461175675676,151.743256216216
163719872980,163719904967,31987,602.461175675676,151.743256216216,694.220897777778,146.007435555556
163720338297,163720371618,33321,694.220897777778,146.007435555556,637.720667142857,147.346071428571
163720588434,163720621505,33071,637.720667142857,147.346071428571,802.3803725,134.3946175
163721004927,163721221496,216569,802.3803725,134.3946175,853.840849473684,142.176073157895
163721834919,163721861720,26801,853.840849473684,142.176073157895,889.2774275,133.3835325
163721971611,163722060445,88834,889.2774275,133.3835325,372.450137142857,164.92208
163722271517,163722421401,149884,372.450137142857,164.92208,373.626126285714,160.927978285714
163722988324,163723021381,33057,373.626126285714,160.927978285714,441.536071428571,165.906975714286
163723238045,163723304810,66765,441.536071428571,165.906975714286,439.60377,144.5693925
163723421371,163723456959,35588,439.60377,144.5693925,552.200005,164.848401111111
163724038051,163724071751,33700,552.200005,164.848401111111,633.154462439024,171.157624878049
163724738055,163724771427,33372,633.154462439024,171.157624878049,789.815401621622,165.927320540541
163725371320,163725404700,33380,789.815401621622,165.927320540541,859.36480625,152.8525275
163725659970,163725721246,61276,859.36480625,152.8525275,374.812634545455,172.802227272727
163725888102,163726021263,133161,374.812634545455,172.802227272727,366.62224,195.101302857143
163726121253,163726160645,39392,366.62224,195.101302857143,438.3334836,190.9957272
163726971330,163727004575,33245,438.3334836,190.9957272,555.343928205128,189.698811282051
163727637954,163727671228,33274,555.343928205128,189.698811282051,596.498166,187.766232
163727821144,163727855312,34168,596.498166,187.766232,673.373386428571,189.392362142857
163728304565,163728337808,33243,673.373386428571,189.392362142857,774.938810857143,190.855788
163728904443,163728937810,33367,774.938810857143,190.855788,881.433270476191,175.03018952381
163729271282,163729361069,89787,881.433270476191,175.03018952381,346.5122925,186.1374575
163729604697,163729737806,133109,346.5122925,186.1374575,399.270394166667,191.444245833333
163730121029,163730160848,39819,399.270394166667,191.444245833333,491.796053,197.190855
163730471110,163730504455,33345,491.796053,197.190855,574.803365384615,197.858410769231
163730921020,163730961229,40209,574.803365384615,197.858410769231,708.627131851852,197.230588888889
163731387997,163731420994,32997,708.627131851852,197.230588888889,754.365100714286,200.696445714286
163731871582,163731904339,32757,754.365100714286,200.696445714286,868.315904230769,195.625315769231
163732756244,163732820880,64636,868.315904230769,195.625315769231,390.855155555556,216.683646666667
163732959459,163732987629,28170,390.855155555556,216.683646666667,377.539834285714,229.80641
163733204293,163733372172,167879,377.539834285714,229.80641,476.226591794872,225.563893846154
163734004188,163734037557,33369,476.226591794872,225.563893846154,570.175088571429,213.457124285714
163734256234,163734387625,131391,570.175088571429,213.457124285714,568.265574545455,219.105834545455
163734556515,163734587623,31108,568.265574545455,219.105834545455,673.712792195122,218.053490243902
163735256239,163735287756,31517,673.712792195122,218.053490243902,773.10531882353,220.952474117647
163735554423,163735704233,149810,773.10531882353,220.952474117647,869.133913548387,217.887154193548
163736204104,163736287743,83639,869.133913548387,217.887154193548,376.18188875,238.02841
163736537429,163736570864,33435,376.18188875,238.02841,385.535978,225.402052
163736837427,163736920645,83218,385.535978,225.402052,874.694193888889,218.566326666667
163737504107,163737587476,83369,874.694193888889,218.566326666667,364.518327368421,232.373309473684
163737887544,163737970735,83191,364.518327368421,232.373309473684,409.89712,223.04582
163738137328,163738170729,33401,409.89712,223.04582,389.713218461538,228.505429230769
163738373327,163738404042,30715,389.713218461538,228.505429230769,485.897951111111,230.555232592593
163738837312,163738872400,35088,485.897951111111,230.555232592593,570.988282857143,253.873151428571
163739560686,163739587584,26898,570.988282857143,253.873151428571,664.630451333333,245.200655333333
163740071188,163740103909,32721,664.630451333333,245.200655333333,771.768507142857,246.142275714286
163740554176,163740587242,33066,771.768507142857,246.142275714286,851.350331666667,240.94358
163740770602,163741054029,283427,851.350331666667,240.94358,720.417627857143,249.534202857143
163741503822,163741554028,50206,720.417627857143,249.534202857143,922.616195555556,232.640071111111
163741687346,163741770480,83134,922.616195555556,232.640071111111,367.668193333333,259.929298333333
163741945436,163742120442,175006,367.668193333333,259.929298333333,372.091389142857,256.64524
163742687118,163742720387,33269,372.091389142857,256.64524,474.014550714286,263.275115
163743170472,163743203810,33338,474.014550714286,263.275115,574.89406,265.450454615385
163743620457,163743659624,39167,574.89406,265.450454615385,680.027126938776,271.226476734694
163744461622,163744487125,25503,680.027126938776,271.226476734694,500.2482025,273.264428333333
163744871120,163744920268,49148,500.2482025,273.264428333333,680.089937777778,286.812848888889
163745203654,163745236934,33280,680.089937777778,286.812848888889,719.1769456,260.7270096
163745636916,163745836920,200004,719.1769456,260.7270096,776.108237777778,223.91576
163745970533,163746003601,33068,776.108237777778,223.91576,830.65384,273.096573333333
163746336934,163746370748,33814,830.65384,273.096573333333,804.722058181818,323.384690909091
163746536908,163746573051,36143,804.722058181818,323.384690909091,873.123846,312.804834
163746720132,163746787006,66874,873.123846,312.804834,443.3500775,303.97342
163746903567,163746936928,33361,443.3500775,303.97342,353.0672584,257.7981872
163747336925,163747370645,33720,353.0672584,257.7981872,418.241417142857,262.70112
163747470240,163747503642,33402,418.241417142857,262.70112,505.144465,126.2060525
163747620150,163747670308,50158,505.144465,126.2060525,489.696836363636,291.799519090909
163748020130,163748061388,41258,489.696836363636,291.799519090909,480.45713,317.721108571429
163748271203,163748303549,32346,480.45713,317.721108571429,566.173880952381,311.942373333333
163748986878,163749270088,283210,566.173880952381,311.942373333333,671.640812666667,217.111515333333
163749756564,163749786949,30385,671.640812666667,217.111515333333,760.27113047619,261.14706
163750120018,163750153579,33561,760.27113047619,261.14706,838.354780833333,266.017519166667
163750536685,163750570138,33453,838.354780833333,266.017519166667,910.2803875,264.1047625
163750687049,163750770344,83295,910.2803875,264.1047625,399.01768875,293.47313625
163751103383,163751136688,33305,399.01768875,293.47313625,392.764685714286,318.70997
163751361862,163751519998,158136,392.764685714286,318.70997,459.97194,306.22734
163751870679,163751903343,32664,459.97194,306.22734,542.689469230769,305.922586153846
163752319893,163752360702,40809,542.689469230769,305.922586153846,606.341876842105,313.180555789474
163752656035,163752686637,30602,606.341876842105,313.180555789474,686.628394285714,316.91532
163753019910,163753060827,40917,686.628394285714,316.91532,839.44627,297.155146
163753203297,163753386868,183571,839.44627,297.155146,405.221784166667,309.899525
163753771222,163753803621,32399,405.221784166667,309.899525,525.003617142857,319.208077142857
163753903205,163753970444,67239,525.003617142857,319.208077142857,853.946292631579,301.642772631579
163754269837,163754303211,33374,853.946292631579,301.642772631579,782.495585777778,306.663349333333
163755036435,163755069866,33431,782.495585777778,306.663349333333,885.948346666667,293.678573333333
163755203188,163755286660,83472,885.948346666667,293.678573333333,377.808888,314.614872
163755436442,163755603325,166883,377.808888,314.614872,409.00884,321.195602857143
163755703094,163755736447,33353,409.00884,321.195602857143,513.61743375,328.482865
163756786703,163756819646,32943,513.61743375,328.482865,619.568127,325.311861
163757136492,163757169742,33250,619.568127,325.311861,701.665028,327.0313232
163757569764,163757603398,33634,701.665028,327.0313232,811.415267659575,317.328627234043
163758369729,163758402943,33214,811.415267659575,317.328627234043,879.876534545455,311.209394545455
163758569732,163758636328,66596,879.876534545455,311.209394545455,389.048813333333,339.51461
163758819661,163758860754,41093,389.048813333333,339.51461,384.531294666667,348.289302666667
163759336309,163759369621,33312,384.531294666667,348.289302666667,482.880182608696,345.894471304348
163759736310,163759769646,33336,482.880182608696,345.894471304348,601.373186666667,355.744308571429
163760453039,163760486428,33389,601.373186666667,355.744308571429,630.610792941176,341.737683529412
163760755750,163760786340,30590,630.610792941176,341.737683529412,702.740501025641,348.108735897436
163761419504,163761459541,40037,702.740501025641,348.108735897436,765.904737777778,343.288786666667
163761586220,163761619483,33263,765.904737777778,343.288786666667,852.072281142857,330.219659428571
