"start","end","duration","startx","starty","endx","endy"
24297389790,24297458051,68261,557.275982,280.229161,399.735634482759,114.098023448276
24297923236,24297956500,33264,399.735634482759,114.098023448276,521.057691666667,123.015338333333
24298139825,24298173066,33241,521.057691666667,123.015338333333,608.013900645161,137.046452903226
24298673077,24298706424,33347,608.013900645161,137.046452903226,732.75536,138.537462
24299506309,24299539700,33391,732.75536,138.537462,815.040716,122.587482666667
24299773044,24299839711,66667,815.040716,122.587482666667,383.856725384615,124.085945384615
24300256652,24300289679,33027,383.856725384615,124.085945384615,392.427712142857,185.296612142857
24300739573,24300772927,33354,392.427712142857,185.296612142857,407.749575294118,185.057390588235
24301456468,24301489531,33063,407.749575294118,185.057390588235,492.510204,203.105759
24301806186,24301839624,33438,492.510204,203.105759,594.265577575758,214.136872121212
24302372826,24302406170,33344,594.265577575758,214.136872121212,693.988001176471,209.126561764706
24302956322,24302989554,33232,693.988001176471,209.126561764706,768.846475,201.527618333333
24303172799,24303306161,133362,768.846475,201.527618333333,874.952424761905,184.055356190476
24303641327,24303727964,86637,874.952424761905,184.055356190476,384.107692173913,191.893826086957
24304089412,24304128373,38961,384.107692173913,191.893826086957,474.084653043478,207.219991304348
24304489392,24304523003,33611,474.084653043478,207.219991304348,568.92823125,213.74642875
24305039391,24305072694,33303,568.92823125,213.74642875,674.454453333333,229.965560666667
24305556133,24305589271,33138,674.454453333333,229.965560666667,770.391415555556,223.821911851852
24306027091,24306056151,29060,770.391415555556,223.821911851852,854.612832,209.961588
24306289249,24306356294,67045,854.612832,209.961588,401.731883157895,226.763667894737
24306972689,24307005940,33251,401.731883157895,226.763667894737,492.089735833333,233.7484975
24307389277,24307572569,183292,492.089735833333,233.7484975,577.100260869565,243.060191304348
24307939238,24307972557,33319,577.100260869565,243.060191304348,638.497697,248.899542
24308289133,24308327597,38464,638.497697,248.899542,724.266166111111,239.722373888889
24308905807,24308939483,33676,724.266166111111,239.722373888889,778.081247272727,244.371775454545
24309289124,24309328561,39437,778.081247272727,244.371775454545,864.65541625,236.84494875
24309572540,24309655885,83345,864.65541625,236.84494875,376.155992727273,238.330141818182
24310005819,24310189145,183326,376.155992727273,238.330141818182,470.320308571429,234.925786285714
24310755867,24310789020,33153,470.320308571429,234.925786285714,556.53273,262.241754
24311105806,24311139553,33747,556.53273,262.241754,649.819896666667,258.201125833333
24311522535,24311555744,33209,649.819896666667,258.201125833333,744.2957888,245.0461696
24311955789,24311989001,33212,744.2957888,245.0461696,825.653934193548,256.999236451613
24313005692,24313038984,33292,825.653934193548,256.999236451613,887.917209714286,257.629372571429
24313605684,24313672286,66602,887.917209714286,257.629372571429,395.44858,261.871187272727
24313838960,24313872309,33349,395.44858,261.871187272727,420.334677777778,265.574213333333
24314455801,24314488883,33082,420.334677777778,265.574213333333,524.804753333333,269.927249333333
24314728342,24315029060,300718,524.804753333333,269.927249333333,666.452004375,271.51248375
24315538868,24315572168,33300,666.452004375,271.51248375,758.138770952381,283.044441428571
24316255887,24316288750,32863,758.138770952381,283.044441428571,860.081024827586,260.495762758621
24316755692,24316872187,116495,860.081024827586,260.495762758621,431.5691475,279.92015
24316988741,24317027732,38991,431.5691475,279.92015,413.33577,291.033073571429
24317472069,24317538839,66770,413.33577,291.033073571429,429.028935555556,277.175037037037
24318072041,24318105436,33395,429.028935555556,277.175037037037,493.532732777778,283.080005
24318688617,24318727697,39080,493.532732777778,283.080005,594.900843157895,296.216501052632
24319027017,24319055461,28444,594.900843157895,296.216501052632,657.534525714286,294.694073714286
24319624293,24319655329,31036,657.534525714286,294.694073714286,761.924264166667,294.512556666667
24320038703,24320071923,33220,761.924264166667,294.512556666667,838.737626428572,293.537518571429
24320528690,24320588501,59811,838.737626428572,293.537518571429,409.806933571429,293.655090714286
24321038607,24321338739,300132,409.806933571429,293.655090714286,585.75994137931,296.505606206897
24321805208,24321838582,33374,585.75994137931,296.505606206897,695.683722727273,316.475662727273
24322188511,24322227384,38873,695.683722727273,316.475662727273,782.333533043478,305.447699130435
24322588504,24322628238,39734,782.333533043478,305.447699130435,828.553472307692,296.13797025641
24323255395,24323288399,33004,828.553472307692,296.13797025641,897.9814775,297.8444675
24323405191,24323471809,66618,897.9814775,297.8444675,402.38646,303.250181666667
24323655395,24323688391,32996,402.38646,303.250181666667,398.959531764706,309.495087058824
24324055124,24324088398,33274,398.959531764706,309.495087058824,471.4793925,285.3549825
24324338495,24324371849,33354,471.4793925,285.3549825,556.465866111111,308.531296111111
24324955256,24324988388,33132,556.465866111111,308.531296111111,648.112549677419,329.096778709677
24325488263,24325528317,40054,648.112549677419,329.096778709677,754.666032105263,327.424961578947
24326138351,24326171655,33304,754.666032105263,327.424961578947,840.390457142857,318.852257142857
24326628546,24326771689,143143,840.390457142857,318.852257142857,416.9615225,327.850006666667
24327155072,24327338347,183275,416.9615225,327.850006666667,549.600058333333,328.764191666667
24327728262,24327755220,26958,549.600058333333,328.764191666667,636.193278857143,338.947757142857
24328304904,24328339859,34955,636.193278857143,338.947757142857,747.674632083333,337.394474583333
24329127334,24329155086,27752,747.674632083333,337.394474583333,792.96416,330.577034666667
24329388125,24329421510,33385,792.96416,330.577034666667,663.502194444445,341.790841111111
24329704834,24329738222,33388,663.502194444445,341.790841111111,851.762894074074,339.454571111111
24330171443,24330238116,66673,851.762894074074,339.454571111111,391.726184210526,338.564378947368
24330538097,24330571479,33382,391.726184210526,338.564378947368,420.623025384615,353.03481
24330987993,24331029075,41082,420.623025384615,353.03481,511.037777142857,345.964053333333
24331354732,24331388018,33286,511.037777142857,345.964053333333,594.454565,366.850944166667
24331771444,24331938287,166843,594.454565,366.850944166667,685.437849032258,344.323834193548
24332438100,24332471326,33226,685.437849032258,344.323834193548,760.1186472,353.088124
24332871324,24332904698,33374,760.1186472,353.088124,847.67856,355.632796
24333304685,24333338061,33376,847.67856,355.632796,891.4976675,351.281945
24333454994,24333521552,66558,891.4976675,351.281945,405.67419,359.819078333333
24333704550,24333737966,33416,405.67419,359.819078333333,390.015298,365.098378
24334004563,24334037975,33412,390.015298,365.098378,492.21486744186,366.384852093023
24334738344,24334771203,32859,492.21486744186,366.384852093023,587.951193,376.417169
24335087889,24335128166,40277,587.951193,376.417169,681.023087692308,370.778788461539
24335971198,24336004567,33369,681.023087692308,370.778788461539,800.270003428571,372.288352
24336571178,24336604440,33262,800.270003428571,372.288352,873.883588,370.963482666667
24336839923,24336928427,88504,873.883588,370.963482666667,392.350833913044,382.696456521739
24337287754,24337487748,199994,392.350833913044,382.696456521739,511.060167368421,385.315603157895
24337787634,24337827147,39513,511.060167368421,385.315603157895,530.447093866667,399.245972533333
24339054506,24339087633,33127,530.447093866667,399.245972533333,624.675222222222,402.788335555556
24339370940,24339404311,33371,624.675222222222,402.788335555556,738.54558,406.922297777778
24339840737,24339870932,30195,738.54558,406.922297777778,849.856211538462,404.072423076923
24340287505,24340354495,66990,849.856211538462,404.072423076923,421.407327692308,423.095349230769
