"start","end","duration","startx","starty","endx","endy"
23990082565,23990115764,33199,734.672123333333,673.697913333333,746.603294,630.676066
23990265826,23990432446,166620,746.603294,630.676066,403.586444,110.024137333333
23990665811,23990699021,33210,403.586444,110.024137333333,406.762268888889,103.784902222222
23990832460,23990866121,33661,406.762268888889,103.784902222222,549.323647777778,135.05726
23991149054,23991232461,83407,549.323647777778,135.05726,391.6737335,182.5411255
23991882256,23991915633,33377,391.6737335,182.5411255,405.246148163265,189.890609387755
23992698865,23992732336,33471,405.246148163265,189.890609387755,497.773115333333,190.565316666667
23993215634,23993249037,33403,497.773115333333,190.565316666667,598.896323030303,194.059458181818
23993782218,23993815490,33272,598.896323030303,194.059458181818,672.836049189189,193.429700540541
23994415501,23994448906,33405,672.836049189189,193.429700540541,758.400168571429,188.602626666667
23994782154,23994982121,199967,758.400168571429,188.602626666667,831.33480372093,178.443171162791
23995682083,23995832705,150622,831.33480372093,178.443171162791,384.174685,176.364047222222
23996415364,23996448781,33417,384.174685,176.364047222222,458.00148173913,204.114683478261
23996815336,23996848791,33455,458.00148173913,204.114683478261,543.395766363636,212.807513636364
23997198758,23997232164,33406,543.395766363636,212.807513636364,587.047040833333,206.881185833333
23997615336,23997648978,33642,587.047040833333,206.881185833333,644.126273142857,203.896173142857
23998215350,23998248650,33300,644.126273142857,203.896173142857,616.245191111111,209.837716666667
23998532101,23998565271,33170,616.245191111111,209.837716666667,762.013681791045,201.18392358209
23999665288,23999698649,33361,762.013681791045,201.18392358209,840.059227894737,202.801523684211
24000315232,24000398497,83265,840.059227894737,202.801523684211,406.270283111111,212.583401777778
24001132012,24001165170,33158,406.270283111111,212.583401777778,430.275152,204.021035333333
24001648536,24001681869,33333,430.275152,204.021035333333,510.531331428571,206.011011428571
24001781714,24001815096,33382,510.531331428571,206.011011428571,637.567633333333,201.045555
24001998514,24002031892,33378,637.567633333333,201.045555,548.008113230769,219.423473538462
24003098399,24003131861,33462,548.008113230769,219.423473538462,632.052636428571,229.72761
24003581712,24003614979,33267,632.052636428571,229.72761,711.410807407407,230.519913333333
24004048709,24004081729,33020,711.410807407407,230.519913333333,797.646442068966,213.013653793103
24004548409,24004581659,33250,797.646442068966,213.013653793103,866.22784,218.8271
24004948407,24005015031,66624,866.22784,218.8271,412.47905,210.3283075
24005131717,24005165048,33331,412.47905,210.3283075,370.27866,219.673477142857
24005381577,24005531722,150145,370.27866,219.673477142857,430.970465405405,233.98052972973
24006214885,24006248322,33437,430.970465405405,233.98052972973,501.764813658537,247.944358048781
24006898218,24006931856,33638,501.764813658537,247.944358048781,597.00656969697,258.06413030303
24007448538,24007481496,32958,597.00656969697,258.06413030303,683.133487368421,256.541971052632
24008098216,24008126024,27808,683.133487368421,256.541971052632,780.153471875,251.79053
24008631580,24008664781,33201,780.153471875,251.79053,858.822116774194,237.395300645161
24009148304,24009233438,85134,858.822116774194,237.395300645161,403.992154117647,240.136438823529
24010348073,24010381404,33331,403.992154117647,240.136438823529,480.06807,261.602588076923
24011231489,24011264664,33175,480.06807,261.602588076923,541.485248421053,260.154218947368
24011664650,24011698017,33367,541.485248421053,260.154218947368,607.605834,264.238877
24012347934,24012381214,33280,607.605834,264.238877,714.215903043478,264.358977391304
24013132163,24013164663,32500,714.215903043478,264.358977391304,811.765086666667,259.007274666667
24013647916,24013681210,33294,811.765086666667,259.007274666667,853.611048717949,265.36091948718
24014314466,24014381149,66683,853.611048717949,265.36091948718,412.749432727273,261.195881818182
24014548129,24014581128,32999,412.749432727273,261.195881818182,396.521615714286,253.625937857143
24015031197,24015064538,33341,396.521615714286,253.625937857143,503.644386153846,262.865190769231
24015697732,24015731265,33533,503.644386153846,262.865190769231,589.34488516129,273.988527096774
24016231241,24016264468,33227,589.34488516129,273.988527096774,691.276120363636,280.522356
24017164436,24017197745,33309,691.276120363636,280.522356,766.986488571429,276.797965714286
24017647804,24017680970,33166,766.986488571429,276.797965714286,852.961621538462,272.052216153846
24018097640,24018214376,116736,852.961621538462,272.052216153846,392.656273103448,287.002135172414
24018681063,24018862322,181259,392.656273103448,287.002135172414,504.025264705882,282.517243529412
24019397652,24019430999,33347,504.025264705882,282.517243529412,590.583015428571,296.630554857143
24019997482,24020030945,33463,590.583015428571,296.630554857143,683.772793142857,295.411090285714
24020597466,24020630954,33488,683.772793142857,295.411090285714,769.428027096774,297.080391612903
24021130983,24021164183,33200,769.428027096774,297.080391612903,861.538120634921,287.671613650794
24022197513,24022264523,67010,861.538120634921,287.671613650794,408.224781666667,293.06447
24022447409,24022480768,33359,408.224781666667,293.06447,415.917349,293.848343
24022914101,24022947419,33318,415.917349,293.848343,497.851582285714,307.558852571429
24023514064,24023547586,33522,497.851582285714,307.558852571429,575.466728666667,318.103456
24024030723,24024064044,33321,575.466728666667,318.103456,679.136029411765,313.350638823529
24024614022,24024647412,33390,679.136029411765,313.350638823529,761.834206296296,303.603721111111
24025530738,24025564052,33314,761.834206296296,303.603721111111,858.260598,298.800288
24026213907,24026280646,66739,858.260598,298.800288,416.323835714286,303.181397142857
24026497222,24026530634,33412,416.323835714286,303.181397142857,382.8909475,325.31114
24026747285,24026780536,33251,382.8909475,325.31114,431.166779272727,320.534198181818
24027680485,24027713889,33404,431.166779272727,320.534198181818,521.002177222222,323.552053333333
24028297136,24028330612,33476,521.002177222222,323.552053333333,595.302663157895,335.802698421053
24028947158,24028980533,33375,595.302663157895,335.802698421053,655.800466666667,332.971866666667
24029263818,24029297099,33281,655.800466666667,332.971866666667,729.440647619048,318.065684761905
24029730455,24029763810,33355,729.440647619048,318.065684761905,810.403324117647,336.342848823529
24030313761,24030347104,33343,810.403324117647,336.342848823529,874.930155,324.57827625
24030596954,24030680380,83426,874.930155,324.57827625,408.698525714286,332.29858
24031247268,24031280377,33109,408.698525714286,332.29858,487.152330526316,332.054010526316
24031580259,24031763661,183402,487.152330526316,332.054010526316,604.014665333333,332.344216
24031996998,24032030363,33365,604.014665333333,332.344216,676.599248947368,348.650518421053
24032646923,24032680249,33326,676.599248947368,348.650518421053,780.564349268293,345.589342439024
24033347068,24033380250,33182,780.564349268293,345.589342439024,873.104088148148,338.297922222222
24033813523,24033980113,166590,873.104088148148,338.297922222222,408.160898181818,334.318449090909
24034146998,24034180122,33124,408.160898181818,334.318449090909,401.982603589744,354.018594358974
24034813523,24034847010,33487,401.982603589744,354.018594358974,498.1264392,359.1206656
24035246907,24035280122,33215,498.1264392,359.1206656,588.264653939394,363.974561212121
24035813382,24035846910,33528,588.264653939394,363.974561212121,696.379673939394,362.615293333333
24036380157,24036413404,33247,696.379673939394,362.615293333333,804.677134193548,364.694093548387
24036913401,24036946796,33395,804.677134193548,364.694093548387,885.791288965517,373.983152413793
24037413389,24037496625,83236,885.791288965517,373.983152413793,408.32613787234,384.738120851064
24038263353,24038296603,33250,408.32613787234,384.738120851064,480.065942666667,387.761414666667
24038530001,24038563450,33449,480.065942666667,387.761414666667,542.590618947368,399.080217894737
24038863323,24038896611,33288,542.590618947368,399.080217894737,554.615736756757,379.953617297297
24039496620,24039563294,66674,554.615736756757,379.953617297297,894.986105,398.103685
24039679881,24039713319,33438,894.986105,398.103685,898.230037777778,410.646457037037
24040146642,24040179881,33239,898.230037777778,410.646457037037,801.950358333333,357.165808333333
24040363546,24040396494,32948,801.950358333333,357.165808333333,904.01559875,398.738345
