"start","end","duration","startx","starty","endx","endy"
368100918987,368100952156,33169,620.498704,311.516852,622.801146666667,222.010238333333
368101318635,368101451933,133298,622.801146666667,222.010238333333,422.714731666667,115.04255
368101635218,368101668770,33552,422.714731666667,115.04255,362.16997,129.463740416667
368102568601,368102602200,33599,362.16997,129.463740416667,493.2160132,138.0454296
368103401952,368103435200,33248,493.2160132,138.0454296,463.101749,124.6276515
368104085220,368104118558,33338,463.101749,124.6276515,546.179518947368,115.368854736842
368104418529,368104451705,33176,546.179518947368,115.368854736842,554.7288275,104.468065833333
368104835044,368104868450,33406,554.7288275,104.468065833333,620.403074716981,116.357061132075
368105735182,368105768345,33163,620.403074716981,116.357061132075,721.879437857143,94.5263821428571
368106218390,368106251718,33328,721.879437857143,94.5263821428571,777.26428,96.0178421052632
368106868322,368106901897,33575,777.26428,96.0178421052632,722.525653,102.653088
368107318383,368107351602,33219,722.525653,102.653088,808.73895,97.8001593333333
368107834917,368107868187,33270,808.73895,97.8001593333333,875.105164285714,106.942182857143
368108085108,368108151569,66461,875.105164285714,106.942182857143,397.498528333333,129.152045
368108334922,368108368200,33278,397.498528333333,129.152045,361.736481333333,138.201686666667
368108851603,368108884930,33327,361.736481333333,138.201686666667,524.986745454545,132.596321818182
368109051621,368109084928,33307,524.986745454545,132.596321818182,464.435127878788,117.137744545455
368110168225,368110201680,33455,464.435127878788,117.137744545455,407.609698181818,122.080075909091
368110918161,368110951425,33264,407.609698181818,122.080075909091,468.291170714286,118.666194285714
368111401481,368111434724,33243,468.291170714286,118.666194285714,549.50531375,107.597819375
368111951337,368111984818,33481,549.50531375,107.597819375,614.742966933333,96.9211776
368113218014,368113251314,33300,614.742966933333,96.9211776,553.411857,88.818695
368113567992,368113601409,33417,553.411857,88.818695,659.395310833333,109.37970125
368114384697,368114601492,216795,659.395310833333,109.37970125,662.20578,100.462076551724
368115068025,368115101435,33410,662.20578,100.462076551724,591.238086666667,88.8173020512821
368115734601,368115767827,33226,591.238086666667,88.8173020512821,679.957614883721,90.6068562790698
368116467821,368116501431,33610,679.957614883721,90.6068562790698,779.840679166667,91.5606375
368116884754,368116917923,33169,779.840679166667,91.5606375,822.870786666667,62.0596819607843
368117751062,368117784624,33562,822.870786666667,62.0596819607843,767.727360909091,83.2746031818182
368118501479,368118534356,32877,767.727360909091,83.2746031818182,799.181214545455,48.6257363636364
368118701274,368118734343,33069,799.181214545455,48.6257363636364,884.378948888889,55.8394988888889
368119017797,368119117769,99972,884.378948888889,55.8394988888889,441.298706206897,95.984175862069
368119584429,368119617879,33450,441.298706206897,95.984175862069,538.097089230769,118.56529
368120034360,368120067720,33360,538.097089230769,118.56529,625.935355862069,129.466085517241
368120534336,368120567603,33267,625.935355862069,129.466085517241,742.694788888889,119.871191111111
368121001227,368121084325,83098,742.694788888889,119.871191111111,883.900094285714,119.5271
368121184677,368121217628,32951,883.900094285714,119.5271,915.431634285714,105.236368571429
368121317619,368121401022,83403,915.431634285714,105.236368571429,431.639386363636,120.668776363636
368121750968,368121784593,33625,431.639386363636,120.668776363636,510.179982352941,147.156423529412
368122050838,368122084669,33831,510.179982352941,147.156423529412,574.460775348837,153.838488372093
368122784397,368122817534,33137,574.460775348837,153.838488372093,694.020437222222,147.184565555556
368123400885,368123434247,33362,694.020437222222,147.184565555556,803.139652631579,140.934256842105
368123734070,368123767470,33400,803.139652631579,140.934256842105,876.229711578947,128.421785263158
368124067454,368124150851,83397,876.229711578947,128.421785263158,424.162668,167.458746
368124301035,368124334051,33016,424.162668,167.458746,383.191883333333,175.558904
368124817499,368124867437,49938,383.191883333333,175.558904,544.63368,175.60604875
368125117504,368125334055,216551,544.63368,175.60604875,535.1730848,180.1620932
368126150688,368126184040,33352,535.1730848,180.1620932,636.860635625,167.272389375
368126700943,368126733963,33020,636.860635625,167.272389375,631.004294166667,145.499671666667
368127117631,368127150580,32949,631.004294166667,145.499671666667,732.791775333333,165.31789
368127633939,368127667180,33241,732.791775333333,165.31789,826.094572727273,133.826406060606
368128200724,368128233967,33243,826.094572727273,133.826406060606,909.706751578947,173.178225263158
368128533847,368128633832,99985,909.706751578947,173.178225263158,372.680603636364,179.012708181818
368128983967,368129017283,33316,372.680603636364,179.012708181818,417.602692,188.1614385
368129667182,368129700529,33347,417.602692,188.1614385,460.84862,203.609924285714
368129917272,368129950481,33209,460.84862,203.609924285714,613.145262857143,174.928904571429
368130517170,368130550471,33301,613.145262857143,174.928904571429,555.296674705882,173.857592352941
368131100642,368131133734,33092,555.296674705882,173.857592352941,472.93814962963,185.955261481482
368131567109,368131600521,33412,472.93814962963,185.955261481482,376.260136129032,185.883583225806
368132100384,368132150299,49915,376.260136129032,185.883583225806,618.254262,188.28828
368132300527,368132333741,33214,618.254262,188.28828,646.883246,161.974134
368132484318,368132516996,32678,646.883246,161.974134,786.649169677419,158.555675483871
368133017183,368133050370,33187,786.649169677419,158.555675483871,692.466165789474,165.642308421053
368133666954,368133700464,33510,692.466165789474,165.642308421053,618.695196296296,173.570782222222
368134133597,368134166962,33365,618.695196296296,173.570782222222,556.313985454545,181.194010909091
368134333605,368134383715,50110,556.313985454545,181.194010909091,827.556105,167.76043
368134500456,368134533563,33107,827.556105,167.76043,875.462248,135.672437333333
368134766970,368134800455,33485,875.462248,135.672437333333,940.344376666667,123.942371666667
368134983704,368135017042,33338,940.344376666667,123.942371666667,813.511812,119.36872
368135166919,368135200490,33571,813.511812,119.36872,782.499127058824,134.931310588235
368135750193,368135783676,33483,782.499127058824,134.931310588235,836.122556363636,129.414638181818
368135950198,368135983928,33730,836.122556363636,129.414638181818,658.751374666667,170.591481333333
368136216901,368136250185,33284,658.751374666667,170.591481333333,801.67119,165.110117142857
368136466799,368136500406,33607,801.67119,165.110117142857,865.894522857143,157.434659047619
368136833445,368136866823,33378,865.894522857143,157.434659047619,719.01915,134.035958
368137016927,368137083610,66683,719.01915,134.035958,826.798305454546,152.180550909091
368137250068,368137283569,33501,826.798305454546,152.180550909091,824.4829,172.6839725
368137400120,368137433495,33375,824.4829,172.6839725,588.40598,179.347455
368137550068,368137583481,33413,588.40598,179.347455,515.841061818182,196.888586060606
368138116816,368138150060,33244,515.841061818182,196.888586060606,613.567082285714,200.808893714286
368138716762,368138750085,33323,613.567082285714,200.808893714286,601.970628571429,205.191264571429
368139316750,368139350015,33265,601.970628571429,205.191264571429,704.183525822785,182.316301518987
368140650279,368140683423,33144,704.183525822785,182.316301518987,766.888065287356,185.049385977011
368142116706,368142149813,33107,766.888065287356,185.049385977011,847.89286,170.01801
368142733243,368142933225,199982,847.89286,170.01801,415.7928,217.770243333333
368143116558,368143149827,33269,415.7928,217.770243333333,381.575552380952,229.360864952381
368144883179,368144916531,33352,381.575552380952,229.360864952381,463.066345454546,231.142694545455
368145266346,368145300056,33710,463.066345454546,231.142694545455,561.264375918367,220.435673061224
368146099759,368146132989,33230,561.264375918367,220.435673061224,641.253082666667,199.654289333333
368146366366,368146400001,33635,641.253082666667,199.654289333333,562.462424827586,176.471434482759
368146866361,368146916419,50058,562.462424827586,176.471434482759,726.326328,144.805932
368147232986,368147316423,83437,726.326328,144.805932,544.026435,152.2949275
368147432987,368147466227,33240,544.026435,152.2949275,437.897808965517,160.095412413793
368147932989,368147966231,33242,437.897808965517,160.095412413793,509.915506666667,162.484923333333
368148149576,368148183027,33451,509.915506666667,162.484923333333,691.956343333333,141.865607777778
368148466255,368148499744,33489,691.956343333333,141.865607777778,766.660189756098,153.151196585366
368149166231,368149199514,33283,766.660189756098,153.151196585366,878.069541428571,144.588803571429
368149649440,368149716455,67015,878.069541428571,144.588803571429,469.2358925,173.427925
368149832883,368149866227,33344,469.2358925,173.427925,407.516906666667,189.086633333333
368150199591,368150232853,33262,407.516906666667,189.086633333333,510.687968292683,198.409805365854
368150899681,368150932733,33052,510.687968292683,198.409805365854,617.53689,176.7568665
368151582902,368151616213,33311,617.53689,176.7568665,631.208211428571,175.10958
368151716389,368151749324,32935,631.208211428571,175.10958,570.808049032258,180.767286451613
368152232707,368152266093,33386,570.808049032258,180.767286451613,673.776217142857,175.318724285714
368152716020,368152749327,33307,673.776217142857,175.318724285714,718.715123111111,165.864313777778
368153482677,368153516028,33351,718.715123111111,165.864313777778,803.065860465116,167.843042790698
368154216039,368154249208,33169,803.065860465116,167.843042790698,865.13114,171.97042
368154382731,368154449189,66458,865.13114,171.97042,424.316233846154,197.683352307692
368154649232,368154682741,33509,424.316233846154,197.683352307692,410.794188,210.5069424
368155082677,368155249193,166516,410.794188,210.5069424,453.666995555556,208.138708888889
368155382716,368155416206,33490,453.666995555556,208.138708888889,394.215181428571,205.493240357143
368156332467,368156365854,33387,394.215181428571,205.493240357143,509.352768450704,201.894212394366
368157532496,368157565743,33247,509.352768450704,201.894212394366,557.213179166667,205.819885833333
368157949083,368157982543,33460,557.213179166667,205.819885833333,659.333132432433,196.663252432432
368158582491,368158615803,33312,659.333132432433,196.663252432432,735.083369189189,191.46017027027
368159215786,368159248965,33179,735.083369189189,191.46017027027,810.305018461538,181.367196923077
368159665720,368159699009,33289,810.305018461538,181.367196923077,875.965243157895,182.862314736842
368159999020,368160065617,66597,875.965243157895,182.862314736842,438.788742857143,216.813242857143
368160165598,368160199037,33439,438.788742857143,216.813242857143,393.2626108,237.9388692
368161015650,368161048976,33326,393.2626108,237.9388692,485.088025714286,241.684758571429
368161498885,368161532249,33364,485.088025714286,241.684758571429,593.998216623377,221.432239480519
368162799098,368162832233,33135,593.998216623377,221.432239480519,676.4586256,214.3422944
368163232097,368163265474,33377,676.4586256,214.3422944,760.439063870968,197.282918709677
368163765480,368163799085,33605,760.439063870968,197.282918709677,810.582737916667,200.231120833333
368164582180,368164615545,33365,810.582737916667,200.231120833333,859.078911428571,218.415708571429
368164715519,368164865351,149832,859.078911428571,218.415708571429,883.514432758621,213.406478965517
368165815692,368165898759,83067,883.514432758621,213.406478965517,399.764392857143,238.929491428571
368166115453,368166148689,33236,399.764392857143,238.929491428571,402.4184605,245.048453
368166798825,368166832012,33187,402.4184605,245.048453,467.663507948718,250.590514615385
368168115551,368168148558,33007,467.663507948718,250.590514615385,569.433410434783,255.259196521739
368168515288,368168548593,33305,569.433410434783,255.259196521739,636.358626875,239.6954740625
368169598570,368169631851,33281,636.358626875,239.6954740625,722.413759139785,233.687242580645
368171165093,368171198513,33420,722.413759139785,233.687242580645,733.415768,238.715430857143
368171765106,368171798402,33296,733.415768,238.715430857143,744.86198,220.063313846154
368172431716,368172464970,33254,744.86198,220.063313846154,710.380223870968,154.021793548387
368172964979,368172998490,33511,710.380223870968,154.021793548387,753.1535576,225.9145152
368173815066,368173848322,33256,753.1535576,225.9145152,786.944952962963,219.398375
368175631492,368175664853,33361,786.944952962963,219.398375,852.323235505618,232.848655730337
368177131489,368177164845,33356,852.323235505618,232.848655730337,821.006252608696,225.07148173913
368177914946,368177948078,33132,821.006252608696,225.07148173913,861.816020869565,225.147349565217
368178314791,368178348072,33281,861.816020869565,225.147349565217,699.424131923077,185.260323461538
368179198071,368179231370,33299,699.424131923077,185.260323461538,693.06943,164.501136428571
368179681517,368179714696,33179,693.06943,164.501136428571,597.741011851852,187.228712592593
368181497904,368181531263,33359,597.741011851852,187.228712592593,715.071361851852,170.458740740741
368182414546,368182447831,33285,715.071361851852,170.458740740741,799.003608421053,200.243250526316
368182747817,368182781360,33543,799.003608421053,200.243250526316,804.416852368421,235.551497631579
368184031122,368184064489,33367,804.416852368421,235.551497631579,848.520321,181.622699
368184381243,368184414545,33302,848.520321,181.622699,886.664492941176,185.913847058824
368184681207,368184764358,83151,886.664492941176,185.913847058824,415.09038,255.0547625
368185014423,368185047721,33298,415.09038,255.0547625,403.493791764706,269.217194705882
368185597767,368185631005,33238,403.493791764706,269.217194705882,497.103860416667,261.055781666667
368186414452,368186447587,33135,497.103860416667,261.055781666667,595.033543529412,261.960934117647
368186814415,368186847563,33148,595.033543529412,261.960934117647,579.6437016,255.640436
368187247587,368187281047,33460,579.6437016,255.640436,643.114432,231.524828
368187431013,368187464236,33223,643.114432,231.524828,660.972585714286,157.032493333333
368187797643,368187830986,33343,660.972585714286,157.032493333333,642.58975,210.455928181818
368188180952,368188214259,33307,642.58975,210.455928181818,656.374559714286,255.333889714286
368189364242,368189397517,33275,656.374559714286,255.333889714286,696.320041935484,228.361964516129
368189897608,368189930845,33237,696.320041935484,228.361964516129,778.968783225807,246.981947741935
368190430725,368190464098,33373,778.968783225807,246.981947741935,851.518862352941,256.378237647059
368190730734,368190764113,33379,851.518862352941,256.378237647059,865.742995135135,242.040152972973
368191364119,368191464100,99981,865.742995135135,242.040152972973,435.05362,293.422808
368191614319,368191647305,32986,435.05362,293.422808,390.130428571429,294.027817714286
368192214022,368192297472,83450,390.130428571429,294.027817714286,849.5136975,250.87343875
368192547696,368192580872,33176,849.5136975,250.87343875,888.168788235294,234.067084705882
368192847311,368192914058,66747,888.168788235294,234.067084705882,438.493523076923,286.008256923077
368193114029,368193147337,33308,438.493523076923,286.008256923077,432.339041568627,291.093889411765
368193980697,368194014356,33659,432.339041568627,291.093889411765,511.968727213115,289.322822295082
368195013924,368195047200,33276,511.968727213115,289.322822295082,584.397563157895,335.60890631579
368195347207,368195380614,33407,584.397563157895,335.60890631579,616.685227761194,264.722243283582
368196480617,368196513896,33279,616.685227761194,264.722243283582,616.659461714286,260.990597714286
368197080622,368197113797,33175,616.659461714286,260.990597714286,696.84530952381,240.681572380952
368197447066,368197482254,35188,696.84530952381,240.681572380952,793.39044125,245.72651125
368197730486,368197763735,33249,793.39044125,245.72651125,870.920982857143,228.55916
368198097134,368198180480,83346,870.920982857143,228.55916,416.789972307692,269.330955384615
368198380481,368198414085,33604,416.789972307692,269.330955384615,399.179548421053,282.272208947368
368199030355,368199063739,33384,399.179548421053,282.272208947368,459.307988571429,307.020914285714
368199163726,368199197031,33305,459.307988571429,307.020914285714,485.161379259259,279.432607407407
368199630351,368199663606,33255,485.161379259259,279.432607407407,563.960694035088,295.675273684211
368200597138,368200630245,33107,563.960694035088,295.675273684211,646.7520944,284.2224104
368201030232,368201063615,33383,646.7520944,284.2224104,725.637260571429,267.172554285714
368201630246,368201663615,33369,725.637260571429,267.172554285714,808.552809090909,263.517112727273
368202013753,368202046848,33095,808.552809090909,263.517112727273,843.434910666667,251.511877333333
368202280351,368202313536,33185,843.434910666667,251.511877333333,699.38089625,270.09827375
368202563498,368202596899,33401,699.38089625,270.09827375,644.198812857143,268.861844285714
368202813531,368202846836,33305,644.198812857143,268.861844285714,859.1422,264.6311272
368203246845,368203280240,33395,859.1422,264.6311272,893.769831578947,280.149535789474
368203580217,368203746699,166482,893.769831578947,280.149535789474,462.154097142857,280.667911428571
368203846712,368203880326,33614,462.154097142857,280.667911428571,389.211106530612,302.862027346939
368205496879,368205529965,33086,389.211106530612,302.862027346939,464.502632,298.348294666667
368206263348,368206296758,33410,464.502632,298.348294666667,386.49081625,314.25047
368206546586,368206613472,66886,386.49081625,314.25047,792.54852,304.6590225
368206729969,368206763351,33382,792.54852,304.6590225,876.994085714286,286.886944761905
368207096886,368207163281,66395,876.994085714286,286.886944761905,503.075257894737,314.363609473684
368207463227,368207496642,33415,503.075257894737,314.363609473684,452.614682,314.162203
368207813541,368207846565,33024,452.614682,314.162203,575.62626125,301.69827125
368208363238,368208396733,33495,575.62626125,301.69827125,668.188435588235,297.082163823529
368209513213,368209546459,33246,668.188435588235,297.082163823529,772.708186896552,290.634984827586
368210013413,368210046453,33040,772.708186896552,290.634984827586,869.675322424242,285.124563636364
368210580445,368210663487,83042,869.675322424242,285.124563636364,424.178554545455,316.698110909091
368210829724,368210863112,33388,424.178554545455,316.698110909091,418.788637142857,333.263950714286
368211446326,368211482027,35701,418.788637142857,333.263950714286,511.922929411765,324.291192941177
368212029726,368212062987,33261,511.922929411765,324.291192941177,600.533353939394,321.366148484849
368212596395,368212629751,33356,600.533353939394,321.366148484849,654.403200540541,317.079418378378
368213229612,368213313045,83433,654.403200540541,317.079418378378,731.6384675,321.48093
368213429609,368213462972,33363,731.6384675,321.48093,803.687308888889,309.758884888889
368214196465,368214262978,66513,803.687308888889,309.758884888889,485.1416925,332.0868125
368214512909,368214546192,33283,485.1416925,332.0868125,407.133445,330.5392175
368215062863,368215096277,33414,407.133445,330.5392175,556.164843636364,316.364107272727
368215262860,368215296425,33565,556.164843636364,316.364107272727,673.744408888889,318.478871111111
368215429510,368215462862,33352,673.744408888889,318.478871111111,805.86394,297.859185555556
368215746201,368215779627,33426,805.86394,297.859185555556,869.343955757576,312.370324848485
368216312928,368216396147,83219,869.343955757576,312.370324848485,406.397706666667,349.22412
368216580467,368216612963,32496,406.397706666667,349.22412,369.880553103448,354.118757241379
368217080226,368217146086,65860,369.880553103448,354.118757241379,843.05125,296.052492
368217296247,368217329475,33228,843.05125,296.052492,888.724737837838,286.445528648649
368217929382,368218046083,116701,888.724737837838,286.445528648649,413.313922,341.249923
368218696013,368218729366,33353,413.313922,341.249923,449.001380666667,352.21236
368219212794,368219245970,33176,449.001380666667,352.21236,571.757156,351.595158
368219562631,368219596020,33389,571.757156,351.595158,691.316293103448,338.815453103448
368220062617,368220096012,33395,691.316293103448,338.815453103448,767.099095,334.3672575
368220212676,368220445943,233267,767.099095,334.3672575,799.475906153846,343.65904
368220645953,368220679367,33414,799.475906153846,343.65904,822.280158461538,334.469788205128
368221312652,368221345839,33187,822.280158461538,334.469788205128,847.976577419355,343.303416129032
368221845830,368222012567,166737,847.976577419355,343.303416129032,771.704325454545,321.445290909091
368222179863,368222212546,32683,771.704325454545,321.445290909091,752.322078,335.841216
368222362508,368222395990,33482,752.322078,335.841216,885.960684666667,366.819254666667
368222879255,368222912574,33319,885.960684666667,366.819254666667,896.718235714286,370.001365238095
