"start","end","duration","startx","starty","endx","endy"
96045583893,96045650458,66565,444.095925263158,213.917395789474,487.031670909091,-29.8351654545455
96045817085,96045850474,33389,487.031670909091,-29.8351654545455,550.56388,-65.8071169230769
96046050462,96046083874,33412,550.56388,-65.8071169230769,365.36327375,-61.5365975
96046333969,96046372027,38058,365.36327375,-61.5365975,369.537917575758,-11.8147412121212
96046900738,96046933687,32949,369.537917575758,-11.8147412121212,473.982312857143,-29.1842442857143
96047600398,96047633693,33295,473.982312857143,-29.1842442857143,534.6647775,-56.6415815
96048283751,96048316981,33230,534.6647775,-56.6415815,634.549978125,-54.4002425
96048833551,96048870901,37350,634.549978125,-54.4002425,723.457069411765,-34.5486894117647
96049133551,96049170616,37065,723.457069411765,-34.5486894117647,652.020172222222,-38.6637888888889
96049450347,96049483657,33310,652.020172222222,-38.6637888888889,745.876042553191,-34.6325140425532
96050250226,96050383539,133313,745.876042553191,-34.6325140425532,376.017124285714,-31.29486
96050600516,96050633548,33032,376.017124285714,-31.29486,348.23652125,7.37881375
96050883623,96050916873,33250,348.23652125,7.37881375,492.376540833333,-22.8433891666667
96051300386,96051333431,33045,492.376540833333,-22.8433891666667,524.369002173913,-47.4740191304348
96052083520,96052116858,33338,524.369002173913,-47.4740191304348,455.556995555556,-39.6597888888889
96052250084,96052370798,120714,455.556995555556,-39.6597888888889,364.548348421053,45.46564
96052671325,96052700252,28927,364.548348421053,45.46564,366.34121948718,88.1881074358974
96053983425,96054016711,33286,366.34121948718,88.1881074358974,429.203228405797,88.89882
96055149972,96055194098,44126,429.203228405797,88.89882,471.98818490566,62.8128867924528
96056049955,96056083272,33317,471.98818490566,62.8128867924528,546.332157435897,150.60961025641
96056716608,96056749960,33352,546.332157435897,150.60961025641,486.492553,61.267306
96057070215,96057099911,29696,486.492553,61.267306,367.897741333333,61.763636
96057333198,96057366736,33538,367.897741333333,61.763636,382.66153755102,92.0625795918367
96058170809,96058199899,29090,382.66153755102,92.0625795918367,471.588046666667,87.518780952381
96058533081,96058566553,33472,471.588046666667,87.518780952381,535.833853684211,52.6841115789474
96058870565,96058900069,29504,535.833853684211,52.6841115789474,366.157805,42.438855
96059016474,96059049859,33385,366.157805,42.438855,346.871073846154,80.8854192307692
96059471176,96059649709,178533,346.871073846154,80.8854192307692,368.413041666667,93.000175
96060016482,96060049718,33236,368.413041666667,93.000175,377.092418095238,98.4121061904762
96060716361,96060749719,33358,377.092418095238,98.4121061904762,380.13583,98.0754642857143
96061199855,96061232934,33079,380.13583,98.0754642857143,457.125248387097,72.641444516129
96061732964,96061766412,33448,457.125248387097,72.641444516129,527.592431707317,47.0994278048781
96062432949,96062470299,37350,527.592431707317,47.0994278048781,626.1715824,61.48501
96063283095,96063316289,33194,626.1715824,61.48501,710.500091666667,72.13715
96064099788,96064132808,33020,710.500091666667,72.13715,796.938378181818,84.631075
96064849458,96064883065,33607,796.938378181818,84.631075,856.850607346939,110.659933877551
96065682794,96065766160,83366,856.850607346939,110.659933877551,375.793347826087,106.541160869565
96066132686,96066170302,37616,375.793347826087,106.541160869565,382.194182380952,111.18200047619
96066932677,96066970330,37653,382.194182380952,111.18200047619,466.003603939394,111.670895757576
96068049338,96068082758,33420,466.003603939394,111.670895757576,503.815735757576,79.1619024242424
96068615972,96068649330,33358,503.815735757576,79.1619024242424,588.278996190476,86.5037352380952
96069683924,96069715953,32029,588.278996190476,86.5037352380952,663.739089090909,79.0996575757576
96070249217,96070282620,33403,663.739089090909,79.0996575757576,765.027000526316,102.340334210526
96070899407,96070932435,33028,765.027000526316,102.340334210526,843.798592142857,111.801537142857
96071382522,96071467662,85140,843.798592142857,111.801537142857,368.708264705882,135.410318823529
96071732460,96071765905,33445,368.708264705882,135.410318823529,375.625408387097,143.158683870968
96072266445,96072299291,32846,375.625408387097,143.158683870968,456.586336521739,106.150254782609
96072665921,96072699298,33377,456.586336521739,106.150254782609,508.954366206897,96.7981213793103
96073171586,96073199420,27834,508.954366206897,96.7981213793103,404.029128979592,142.137568571429
96073999161,96074032303,33142,404.029128979592,142.137568571429,503.679503,142.721923
96074682370,96074715732,33362,503.679503,142.721923,592.719177704918,133.450754098361
96075715574,96075748974,33400,592.719177704918,133.450754098361,651.096252105263,139.52859
96076371905,96076399039,27134,651.096252105263,139.52859,744.358147058824,132.408436470588
96076948845,96076982272,33427,744.358147058824,132.408436470588,807.666977916667,146.87252125
96077765558,96077799006,33448,807.666977916667,146.87252125,873.2508024,156.121271466667
96079032042,96079071304,39262,873.2508024,156.121271466667,776.4658975,165.3404025
96079182129,96079232038,49909,776.4658975,165.3404025,541.7725075,162.85476
96079348717,96079382492,33775,541.7725075,162.85476,377.675068,165.755758666667
96079615472,96079648705,33233,377.675068,165.755758666667,359.6572425,178.35145
96079898777,96079932049,33272,359.6572425,178.35145,431.821357647059,176.783281176471
96080482113,96080615349,133236,431.821357647059,176.783281176471,543.3942492,156.0968564
96081431916,96081467726,35810,543.3942492,156.0968564,554.367038873239,169.659712676056
96082631942,96082670665,38723,554.367038873239,169.659712676056,642.643118947368,152.628482105263
96082971571,96082998657,27086,642.643118947368,152.628482105263,663.216725116279,157.199123023256
96084415195,96084448473,33278,663.216725116279,157.199123023256,736.265779545455,171.593255
96085170650,96085198598,27948,736.265779545455,171.593255,856.5510271875,183.8134446875
96086248490,96086315079,66589,856.5510271875,183.8134446875,494.8449325,184.570665
96086431677,96086467704,36027,494.8449325,184.570665,356.778003157895,211.425652105263
96087081774,96087115108,33334,356.778003157895,211.425652105263,442.37766372093,193.503060930233
96087814985,96087848384,33399,442.37766372093,193.503060930233,542.239966666667,204.441852698413
96088881673,96088915056,33383,542.239966666667,204.441852698413,635.610974814815,195.627402962963
96089348225,96089381658,33433,635.610974814815,195.627402962963,673.466279272727,200.701663636364
96090281629,96090314859,33230,673.466279272727,200.701663636364,753.77545375,199.87679875
96090570587,96090600100,29513,753.77545375,199.87679875,798.09958,161.545577142857
96090698495,96090731562,33067,798.09958,161.545577142857,787.3269156,193.821892
96091548217,96091581855,33638,787.3269156,193.821892,876.19204,182.483415
96091898152,96091948092,49940,876.19204,182.483415,665.040785,196.2845025
96092065963,96092114842,48879,665.040785,196.2845025,440.2909875,222.3756825
96092231426,96092270356,38930,440.2909875,222.3756825,399.28923908046,243.840368735632
96093698160,96093731350,33190,399.28923908046,243.840368735632,493.664009,229.230477
96094048093,96094081398,33305,493.664009,229.230477,450.795403333333,240.318875555556
96094371104,96094398086,26982,450.795403333333,240.318875555556,401.776613846154,219.659933846154
96094814730,96094847972,33242,401.776613846154,219.659933846154,491.112444,238.814467428571
96095414863,96095447980,33117,491.112444,238.814467428571,607.7172224,244.949034
96096270397,96096298050,27653,607.7172224,244.949034,705.512953454545,231.072756
96097198029,96097231167,33138,705.512953454545,231.072756,726.394544444444,240.816842222222
96097514492,96097547843,33351,726.394544444444,240.816842222222,777.013853333333,88.7488022222222
96097681272,96097781323,100051,777.013853333333,88.7488022222222,794.524969090909,187.235603636364
96097947813,96098047841,100028,794.524969090909,187.235603636364,848.315518285714,214.872675428571
96098614473,96098647831,33358,848.315518285714,214.872675428571,764.542904285714,223.052504285714
96099331060,96099370881,39821,764.542904285714,223.052504285714,881.716990714286,221.410597142857
96099814476,96099847710,33234,881.716990714286,221.410597142857,708.296282222222,237.988973333333
96099981414,96100031057,49643,708.296282222222,237.988973333333,488.791068571429,269.792
96100131055,96100171263,40208,488.791068571429,269.792,379.837451923077,272.106031538462
96101014388,96101047714,33326,379.837451923077,272.106031538462,357.396627142857,262.567614285714
96101614390,96101647582,33192,357.396627142857,262.567614285714,439.1694505,280.627895
96102970682,96102997898,27216,439.1694505,280.627895,493.291330571429,283.027825428571
96104147476,96104180934,33458,493.291330571429,283.027825428571,549.20202137931,289.880575172414
96105614103,96105647457,33354,549.20202137931,289.880575172414,604.056145121951,266.447524390244
96107097546,96107130681,33135,604.056145121951,266.447524390244,712.420873111111,257.813316888889
96108613994,96108647350,33356,712.420873111111,257.813316888889,783.277372142857,269.020577142857
96109097490,96109130558,33068,783.277372142857,269.020577142857,869.936386315789,257.805566315789
96109430546,96109613992,183446,869.936386315789,257.805566315789,434.388588888889,284.811786666667
96109747226,96109781102,33876,434.388588888889,284.811786666667,386.380625,286.702483
96110430561,96110471829,41268,386.380625,286.702483,467.554254042553,291.702829361702
96111230418,96111265114,34696,467.554254042553,291.702829361702,512.48078372093,317.244506046512
96111963983,96111997387,33404,512.48078372093,317.244506046512,516.409032820513,319.142495897436
96112630460,96112670478,40018,516.409032820513,319.142495897436,590.567534035088,311.071896491228
96113597491,96113630293,32802,590.567534035088,311.071896491228,685.34178745098,310.918058823529
96114472015,96114497091,25076,685.34178745098,310.918058823529,744.306452830189,297.914210188679
96115363729,96115397001,33272,744.306452830189,297.914210188679,798.485643555556,281.782985333333
96116130195,96116280275,150080,798.485643555556,281.782985333333,880.741117647059,276.517831176471
96116830163,96116880308,50145,880.741117647059,276.517831176471,653.101777142857,280.131517142857
96117097109,96117130203,33094,653.101777142857,280.131517142857,565.626814666667,306.038225333333
96117363546,96117397061,33515,565.626814666667,306.038225333333,530.657185964912,322.188678596491
96118330042,96118363533,33491,530.657185964912,322.188678596491,612.2674888,297.1154392
96118770667,96118796915,26248,612.2674888,297.1154392,521.218828333333,313.414885
96118980266,96119013487,33221,521.218828333333,313.414885,472.811064090909,306.005674545455
96119730095,96119771287,41192,472.811064090909,306.005674545455,543.960124615385,329.164952615385
96120829931,96120863418,33487,543.960124615385,329.164952615385,628.620160833333,305.757594166667
96121246729,96121280030,33301,628.620160833333,305.757594166667,730.758237916667,297.414441666667
96122070537,96122096822,26285,730.758237916667,297.414441666667,815.954377333333,288.278634666667
96122829951,96122870713,40762,815.954377333333,288.278634666667,874.430289090909,282.325798181818
96123029933,96123113236,83303,874.430289090909,282.325798181818,406.197146315789,329.805058947368
96123413237,96123446610,33373,406.197146315789,329.805058947368,402.65154,324.370604390244
96124246472,96124279919,33447,402.65154,324.370604390244,499.967982978723,315.842657021277
96125013119,96125046523,33404,499.967982978723,315.842657021277,533.411410588235,315.356084705882
96125313357,96125346447,33090,533.411410588235,315.356084705882,438.438178518519,335.338777037037
96126229676,96126264430,34754,438.438178518519,335.338777037037,505.540553333333,320.091583333333
96126446353,96126480507,34154,505.540553333333,320.091583333333,638.015061111111,302.967765555556
96127071395,96127096630,25235,638.015061111111,302.967765555556,490.609994,321.337798
96127246344,96127279778,33434,490.609994,321.337798,444.0415875,333.32369625
96128071307,96128096424,25117,444.0415875,333.32369625,529.630255666667,345.683423
96129182096,96129212961,30865,529.630255666667,345.683423,620.602678421053,339.809575789474
96129829577,96129871107,41530,620.602678421053,339.809575789474,682.904685853659,325.137509268293
96130529545,96130570404,40859,682.904685853659,325.137509268293,777.058021791045,309.53567761194
96131670633,96131696149,25516,777.058021791045,309.53567761194,872.94707875,306.7444325
96131946099,96132012855,66756,872.94707875,306.7444325,434.94397,312.991436
96132171632,96132196344,24712,434.94397,312.991436,373.227634782609,344.684372173913
96132946090,96132979769,33679,373.227634782609,344.684372173913,479.9989288,348.8209808
96133380946,96133412880,31934,479.9989288,348.8209808,549.097117391304,370.710964782609
96134170568,96134196231,25663,549.097117391304,370.710964782609,653.600521578947,346.66472
96134812614,96134945969,133355,653.600521578947,346.66472,755.791752,320.816262666667
96135182014,96135212639,30625,755.791752,320.816262666667,745.349107692308,338.658703076923
96135412657,96135445983,33326,745.349107692308,338.658703076923,878.9411804,326.71012
96136264684,96136345969,81285,878.9411804,326.71012,398.63497,361.79594125
96136596163,96136629194,33031,398.63497,361.79594125,372.931570666667,366.153848
96136863910,96136896008,32098,372.931570666667,366.153848,469.217574871795,369.454489230769
96137529196,96137564476,35280,469.217574871795,369.454489230769,562.9230205,373.653477
96138212470,96138245862,33392,562.9230205,373.653477,695.27812631579,358.58460631579
96138545832,96138579139,33307,695.27812631579,358.58460631579,770.868635,360.4665
96138829057,96138862544,33487,770.868635,360.4665,844.114329375,354.28034875
96139379214,96139445728,66514,844.114329375,354.28034875,414.522532,377.51764
96139595904,96139629065,33161,414.522532,377.51764,415.134249454545,385.170652363636
96140528940,96140570040,41100,415.134249454545,385.170652363636,501.644637647059,399.541341176471
96141112366,96141145722,33356,501.644637647059,399.541341176471,582.586277647059,399.380855882353
96141695828,96141728939,33111,582.586277647059,399.380855882353,709.605564285714,391.385134285714
96141945602,96141979007,33405,709.605564285714,391.385134285714,788.701145,388.247461666667
96142162263,96142195818,33555,788.701145,388.247461666667,890.767799230769,427.959642307692
