"start","end","duration","startx","starty","endx","endy"
73200027627,73200053793,26166,903.295728,561.16426,912.279352727273,512.21814
73200210421,73200443886,233465,912.279352727273,512.21814,360.960561176471,128.470857647059
73200710439,73200743798,33359,360.960561176471,128.470857647059,370.073377894737,144.308506315789
73201043958,73201077126,33168,370.073377894737,144.308506315789,374.789665,66.172779
73201393708,73201610459,216751,374.789665,66.172779,547.050041052632,101.087611578947
73201893641,73201927039,33398,547.050041052632,101.087611578947,628.671955,109.5629075
73202177097,73202210314,33217,628.671955,109.5629075,556.566155,87.8912508333333
73202593645,73202627031,33386,556.566155,87.8912508333333,636.191521538462,100.8127
73202826919,73202860516,33597,636.191521538462,100.8127,553.066667368421,90.0578263157895
73203477213,73203510279,33066,553.066667368421,90.0578263157895,655.030002727273,84.43772
73203860335,73203893566,33231,655.030002727273,84.43772,567.243683,99.94468
73204210274,73204243718,33444,567.243683,99.94468,661.758427272727,116.067896363636
73204777005,73204810140,33135,661.758427272727,116.067896363636,772.542304285714,89.1535507142857
73205260321,73205293536,33215,772.542304285714,89.1535507142857,837.590518095238,82.9670523809524
73205626808,73205693563,66755,837.590518095238,82.9670523809524,403.518035,100.0533025
73205810139,73205960328,150189,403.518035,100.0533025,813.996803,101.650561
73206276872,73206310142,33270,813.996803,101.650561,832.390415384615,108.612658461538
73206510151,73206676888,166737,832.390415384615,108.612658461538,384.73842195122,118.983458536585
73207343514,73207377073,33559,384.73842195122,118.983458536585,500.091545882353,119.692893529412
73207926645,73207960355,33710,500.091545882353,119.692893529412,598.633996666667,108.346989166667
73208343521,73208376737,33216,598.633996666667,108.346989166667,680.296302608696,104.793370434783
73208743381,73208776738,33357,680.296302608696,104.793370434783,769.861918823529,115.277527058824
73209043432,73209078364,34932,769.861918823529,115.277527058824,794.6348,120.09469625
73209593320,73209626679,33359,794.6348,120.09469625,825.725007777778,102.572804444444
73209909915,73209993308,83393,825.725007777778,102.572804444444,362.164477333333,103.849898666667
73210226546,73210259973,33427,362.164477333333,103.849898666667,342.138294,95.685445
73210576587,73210609918,33331,342.138294,95.685445,382.674811428571,84.4538385714286
73210826562,73210860070,33508,382.674811428571,84.4538385714286,468.767096923077,176.979766153846
73211276745,73211309901,33156,468.767096923077,176.979766153846,558.025471,172.854358666667
73212293186,73212326541,33355,558.025471,172.854358666667,679.908901162791,175.544932790698
73213743182,73213776800,33618,679.908901162791,175.544932790698,775.4433375,176.75604875
73214809667,73214843212,33545,775.4433375,176.75604875,851.43216,178.576912432432
73215443267,73215609642,166375,851.43216,178.576912432432,363.367661,146.794934
73216259699,73216292941,33242,363.367661,146.794934,405.859576521739,190.581306086957
73216659849,73216692939,33090,405.859576521739,190.581306086957,505.003450847458,197.101234915254
73217659594,73217692943,33349,505.003450847458,197.101234915254,613.777287272727,205.552114545455
73218226174,73218259585,33411,613.777287272727,205.552114545455,703.048091111111,199.018187222222
73218842901,73218876211,33310,703.048091111111,199.018187222222,779.327722857143,197.166180816327
73219676423,73219892801,216378,779.327722857143,197.166180816327,859.8404808,184.544216
73220292807,73220359651,66844,859.8404808,184.544216,366.60191,200.829137083333
73221142762,73221176349,33587,366.60191,200.829137083333,450.389128275862,225.032962068966
73221642779,73221676242,33463,450.389128275862,225.032962068966,530.899204390244,217.838144878049
73222342775,73222376131,33356,530.899204390244,217.838144878049,607.7434825,215.115862857143
73223292710,73223325934,33224,607.7434825,215.115862857143,711.650056666667,213.617401481481
73224209155,73224242683,33528,711.650056666667,213.617401481481,798.205826,208.921095333333
73224725940,73224759315,33375,798.205826,208.921095333333,866.349210422535,197.925986197183
73225925793,73226009151,83358,866.349210422535,197.925986197183,374.218322352941,153.723864705882
73226275868,73226309154,33286,374.218322352941,153.723864705882,390.679761111111,228.091595555556
73226592433,73226625804,33371,390.679761111111,228.091595555556,489.430981818182,244.200847272727
73226792433,73226826023,33590,489.430981818182,244.200847272727,588.288534705882,228.660301764706
73227375921,73227409029,33108,588.288534705882,228.660301764706,732.355782142857,227.855545
73227859099,73227892446,33347,732.355782142857,227.855545,820.330129032258,223.483167096774
73228392302,73228575735,183433,820.330129032258,223.483167096774,347.624109142857,223.582773714286
73229142644,73229175793,33149,347.624109142857,223.582773714286,439.612886666667,249.927353333333
73229708879,73229742837,33958,439.612886666667,249.927353333333,525.080468666667,256.218713333333
73230225562,73230259042,33480,525.080468666667,256.218713333333,624.116207777778,237.294093333333
73230842350,73230875605,33255,624.116207777778,237.294093333333,723.127051851852,242.169477037037
73231308909,73231342541,33632,723.127051851852,242.169477037037,822.217504848485,232.758340606061
73231875588,73231908796,33208,822.217504848485,232.758340606061,888.53074,229.076697142857
73232008779,73232075628,66849,888.53074,229.076697142857,353.924772727273,211.325550909091
73232243660,73232275608,31948,353.924772727273,211.325550909091,326.39406,203.04456
73232408782,73232442325,33543,326.39406,203.04456,370.49347875,239.4246875
73232692191,73232725429,33238,370.49347875,239.4246875,339.799266,220.149226
73232875459,73232908773,33314,339.799266,220.149226,393.22498962963,278.166882962963
73233342199,73233375649,33450,393.22498962963,278.166882962963,485.110372857143,268.368105238095
73234058838,73234092063,33225,485.110372857143,268.368105238095,585.55703047619,263.934621428571
73234775510,73234808632,33122,585.55703047619,263.934621428571,691.313647,260.858282
73235125304,73235158887,33583,691.313647,260.858282,783.938842424242,255.461786060606
73235692073,73235725309,33236,783.938842424242,255.461786060606,880.146854666667,243.632854666667
73235958732,73236042189,83457,880.146854666667,243.632854666667,357.502854666667,230.118173333333
73236525310,73236558719,33409,357.502854666667,230.118173333333,418.277975555556,297.073674444444
73236842415,73236875345,32930,418.277975555556,297.073674444444,502.145144878049,292.336371219512
73237542444,73237575278,32834,502.145144878049,292.336371219512,562.920766842105,281.896817894737
73238191818,73238225181,33363,562.920766842105,281.896817894737,662.772486153846,283.541136153846
73238641921,73238675245,33324,662.772486153846,283.541136153846,758.367016734694,275.566006530612
73239475447,73239508389,32942,758.367016734694,275.566006530612,845.121084117647,276.505918823529
73240058652,73240225052,166400,845.121084117647,276.505918823529,344.560525714286,278.716854285714
73240325049,73240358617,33568,344.560525714286,278.716854285714,317.19515375,195.51943125
73240608407,73240641834,33427,317.19515375,195.51943125,442.616837142857,217.147622857143
73240741852,73240775128,33276,442.616837142857,217.147622857143,453.708536410256,293.803912307692
73241408396,73241442674,34278,453.708536410256,293.803912307692,542.14053,314.747598461538
73241858421,73241891693,33272,542.14053,314.747598461538,637.1051688,315.0765792
73242291667,73242324934,33267,637.1051688,315.0765792,716.732271428571,302.608625714286
73242542566,73242574987,32421,716.732271428571,302.608625714286,793.626864736842,289.411377894737
73243191585,73243224933,33348,793.626864736842,289.411377894737,883.949944,285.770016
73243458352,73243542002,83650,883.949944,285.770016,386.973699411765,267.275410588235
73244091573,73244174989,83416,386.973699411765,267.275410588235,420.2599175,302.90261
73244291563,73244524923,233360,420.2599175,302.90261,493.920929,321.238021
73244841708,73244874877,33169,493.920929,321.238021,573.718630833333,316.914515
73245258234,73245291601,33367,573.718630833333,316.914515,672.193837894737,319.428787368421
73245591440,73245624805,33365,672.193837894737,319.428787368421,772.490254545455,311.691713939394
73246158223,73246191436,33213,772.490254545455,311.691713939394,836.051601666667,302.623376666667
73246574871,73246608031,33160,836.051601666667,302.623376666667,911.572918,291.291588
73246758187,73246843009,84822,911.572918,291.291588,403.576083333333,256.904646666667
73247024801,73247058086,33285,403.576083333333,256.904646666667,389.265916666667,306.410342222222
73247341913,73247374809,32896,389.265916666667,306.410342222222,450.339663846154,327.753656153846
73247791438,73247824677,33239,450.339663846154,327.753656153846,518.217360588235,335.254957058824
73248374744,73248408043,33299,518.217360588235,335.254957058824,460.18891125,284.57171875
73248658276,73248691321,33045,460.18891125,284.57171875,568.670269259259,344.053747777778
73249574888,73249607895,33007,568.670269259259,344.053747777778,663.358694285714,337.072557142857
73250174719,73250207908,33189,663.358694285714,337.072557142857,750.737835,338.37376
73250591171,73250624572,33401,750.737835,338.37376,832.036354736842,329.634917368421
73251243754,73251274614,30860,832.036354736842,329.634917368421,907.66362,312.913528571429
73251374616,73251457861,83245,907.66362,312.913528571429,420.1934625,277.293595
73251574626,73251607754,33128,420.1934625,277.293595,349.518531428571,307.175404571429
73252174509,73252207775,33266,349.518531428571,307.175404571429,416.545706666667,288.331042857143
73252542441,73252574486,32045,416.545706666667,288.331042857143,463.048752,352.434715
73252891192,73252924429,33237,463.048752,352.434715,554.290215384615,365.103635897436
73253557744,73253591074,33330,554.290215384615,365.103635897436,654.310879333333,352.699933333333
73254074505,73254107633,33128,654.310879333333,352.699933333333,723.400271515152,350.188303636364
73254641987,73254674370,32383,723.400271515152,350.188303636364,780.448411111111,347.725020444444
73255407628,73255441096,33468,780.448411111111,347.725020444444,875.741334222222,333.114278666667
73256174408,73256257631,83223,875.741334222222,333.114278666667,360.527906428571,364.631345
73256707520,73256741035,33515,360.527906428571,364.631345,412.08517,285.241421818182
73257090949,73257124183,33234,412.08517,285.241421818182,486.758461818182,372.729790909091
73257291004,73257324190,33186,486.758461818182,372.729790909091,561.61007826087,382.984554782609
73257690955,73257724190,33235,561.61007826087,382.984554782609,652.045516470588,381.571475882353
73258274267,73258307511,33244,652.045516470588,381.571475882353,725.525894285714,372.743652857143
73258524185,73258557616,33431,725.525894285714,372.743652857143,824.308246785714,365.791025357143
73259474388,73259507398,33010,824.308246785714,365.791025357143,899.089921666667,349.689695
73259690832,73259757504,66672,899.089921666667,349.689695,350.484867333333,411.136371333333
73260241651,73260274131,32480,350.484867333333,411.136371333333,369.40428375,355.53063125
73260524052,73260607405,83353,369.40428375,355.53063125,883.734918461539,409.113069230769
