"start","end","duration","startx","starty","endx","endy"
1630487502,1630586307,98805,682.48146,151.999026666667,374.631717142857,110.76256
1630686038,1630709844,23806,374.631717142857,110.76256,360.485432307692,-31.9550907692308
1630909852,1630942995,33143,360.485432307692,-31.9550907692308,451.298141538462,-54.9245230769231
1631143022,1631183273,40251,451.298141538462,-54.9245230769231,350.614662222222,-42.1570222222222
1631309801,1631526352,216551,350.614662222222,-42.1570222222222,492.507044,18.757148
1631759657,1631793208,33551,492.507044,18.757148,509.459796842105,7.72753684210526
1632094160,1632209976,115816,509.459796842105,7.72753684210526,365.536123636364,995.620310909091
1632385303,1632642909,257606,365.536123636364,995.620310909091,620.151132631579,-14.5366926315789
1632942869,1632986202,43333,620.151132631579,-14.5366926315789,700.570561818182,12.1860054545455
1633142888,1633176327,33439,700.570561818182,12.1860054545455,792.804879166667,28.5636241666667
1633559526,1633626306,66780,792.804879166667,28.5636241666667,359.9682848,9.3286984
1634026186,1634059541,33355,359.9682848,9.3286984,475.942505714286,4.89177619047619
1634392976,1634426193,33217,475.942505714286,4.89177619047619,364.092784705882,57.7264282352941
1634694457,1634726187,31730,364.092784705882,57.7264282352941,432.321121111111,89.7005722222222
1635009731,1635185404,175673,432.321121111111,89.7005722222222,506.057754545455,114.6021
1635342755,1635385277,42522,506.057754545455,114.6021,589.05473,117.419361428571
1635593898,1635626236,32338,589.05473,117.419361428571,669.784025714286,140.120247142857
1635842805,1635886224,43419,669.784025714286,140.120247142857,533.083073103448,144.687894482759
1636342760,1636609678,266918,533.083073103448,144.687894482759,633.381177647059,176.317291764706
1636876308,1636909698,33390,633.381177647059,176.317291764706,778.928189473684,141.336721052632
1637209740,1637242615,32875,778.928189473684,141.336721052632,874.777100952381,135.224571428571
1637578116,1637659426,81310,874.777100952381,135.224571428571,283.046918461538,151.278116923077
1637859276,1637892736,33460,283.046918461538,151.278116923077,334.933306666667,172.746255555556
1638026329,1638059295,32966,334.933306666667,172.746255555556,473.656206153846,145.380001538462
1638259296,1638295216,35920,473.656206153846,145.380001538462,589.1624688,163.272328
1638694662,1638726064,31402,589.1624688,163.272328,678.970905294118,186.899197058824
1639277811,1639309848,32037,678.970905294118,186.899197058824,700.973325,186.5961025
1639425982,1639459290,33308,700.973325,186.5961025,659.056824705882,191.195991764706
1639725966,1639759298,33332,659.056824705882,191.195991764706,755.622948205128,172.928530769231
1640393904,1640425941,32037,755.622948205128,172.928530769231,850.785273684211,197.012630526316
1640725945,1640893659,167714,850.785273684211,197.012630526316,356.407634,190.093688
1641209367,1641242491,33124,356.407634,190.093688,371.688925,152.82204375
1641493971,1641585452,91481,371.688925,152.82204375,790.042910588235,170.701011764706
1641842532,1641885791,43259,790.042910588235,170.701011764706,813.052594285714,192.040088571429
1642209355,1642242365,33010,813.052594285714,192.040088571429,728.664981428571,206.745455714286
1642459182,1642609333,150151,728.664981428571,206.745455714286,748.547642222222,181.5883
1642742368,1642778091,35723,748.547642222222,181.5883,816.123093333333,116.736402222222
1643059070,1643183930,124860,816.123093333333,116.736402222222,822.536395,152.0723525
1643295038,1643492552,197514,822.536395,152.0723525,427.928113571429,193.662402142857
1643942363,1643975918,33555,427.928113571429,193.662402142857,436.393418823529,201.291232941176
1644242364,1644276802,34438,436.393418823529,201.291232941176,549.237645581395,218.28456744186
1644980000,1645009310,29310,549.237645581395,218.28456744186,566.18608,231.934147692308
1645209323,1645242236,32913,566.18608,231.934147692308,678.62322,236.483016111111
1645825943,1645858923,32980,678.62322,236.483016111111,774.066596923077,206.351463076923
1646058968,1646095645,36677,774.066596923077,206.351463076923,812.613652222222,152.056752222222
1646375742,1646409203,33461,812.613652222222,152.056752222222,790.262412307692,184.096109230769
1646609339,1646785667,176328,790.262412307692,184.096109230769,880.275704,136.288314
1647095017,1647186358,91341,880.275704,136.288314,338.727075555556,165.737762222222
1647525594,1647558916,33322,338.727075555556,165.737762222222,430.849933846154,193.624626153846
1647758926,1648025600,266674,430.849933846154,193.624626153846,504.445824285714,222.988717142857
1648242126,1648325570,83444,504.445824285714,222.988717142857,433.456628333333,225.788168333333
1648509054,1648542134,33080,433.456628333333,225.788168333333,570.149057142857,222.162517142857
1648642121,1648792923,150802,570.149057142857,222.162517142857,578.944702,190.582818
1648942114,1648985733,43619,578.944702,190.582818,639.33076,209.866891428571
1649075636,1649109085,33449,639.33076,209.866891428571,661.104830714286,252.500284285714
1649558807,1649684758,125951,661.104830714286,252.500284285714,705.499511851852,256.645259259259
1650108990,1650158805,49815,705.499511851852,256.645259259259,563.161263333333,138.029733333333
1650442014,1650558668,116654,563.161263333333,138.029733333333,799.1893125,143.43818
1650683262,1650708953,25691,799.1893125,143.43818,862.77042,189.941483333333
1650892664,1650925429,32765,862.77042,189.941483333333,946.549451666667,145.157363333333
1651108862,1651142010,33148,946.549451666667,145.157363333333,966.967472307692,104.334458461538
1651342075,1651408733,66658,966.967472307692,104.334458461538,365.759211428571,129.973651428571
1651508686,1651542018,33332,365.759211428571,129.973651428571,364.279241052632,188.804411578947
1651842056,1651875532,33476,364.279241052632,188.804411578947,430.953147777778,232.61777
1652158670,1652193478,34808,430.953147777778,232.61777,520.26783,249.249287272727
1652541869,1652585576,43707,520.26783,249.249287272727,622.772706666667,269.845293939394
1653108689,1653141889,33200,622.772706666667,269.845293939394,693.279494594595,269.487922162162
1653741866,1653785711,43845,693.279494594595,269.487922162162,794.4620208,249.585908
1654175411,1654208800,33389,794.4620208,249.585908,854.1838425,255.843615
1654458544,1654494309,35765,854.1838425,255.843615,881.992211428572,266.758694285714
1654592078,1654683060,90982,881.992211428572,266.758694285714,365.384554545455,272.679770909091
1654841875,1654885030,43155,365.384554545455,272.679770909091,361.355956666667,220.489022222222
1655158549,1655292183,133634,361.355956666667,220.489022222222,440.700217857143,247.314070714286
1655741776,1655775691,33915,440.700217857143,247.314070714286,358.1041,257.948609032258
1656275090,1656308661,33571,358.1041,257.948609032258,477.6620025,247.815931666667
1656693466,1656725065,31599,477.6620025,247.815931666667,393.163311428571,274.80376
1656825061,1656858412,33351,393.163311428571,274.80376,363.853282857143,257.47472
1656958418,1657025062,66644,363.853282857143,257.47472,223.951051111111,90.20376
1657158396,1657208662,50266,223.951051111111,90.20376,391.481205,210.4881975
1657325103,1657391716,66613,391.481205,210.4881975,497.264486666667,241.440686666667
1657575222,1657608555,33333,497.264486666667,241.440686666667,598.265829333333,256.394902666667
1657841677,1657875050,33373,598.265829333333,256.394902666667,643.115931428571,282.217
1657979924,1658008337,28413,643.115931428571,282.217,704.833038333333,296.237467777778
1658593627,1658624939,31312,704.833038333333,296.237467777778,774.511538888889,285.989217777778
1658908463,1658941614,33151,774.511538888889,285.989217777778,654.0562,305.110085714286
1659041633,1659358315,316682,654.0562,305.110085714286,922.413245,190.1344075
1659479878,1659508560,28682,922.413245,190.1344075,967.80786,133.201748823529
1660058295,1660158289,99994,967.80786,133.201748823529,358.753033333333,209.082643333333
1660541513,1660575483,33970,358.753033333333,209.082643333333,360.5808225,239.7976825
1660693574,1660724946,31372,360.5808225,239.7976825,468.240765789474,273.923243157895
1661458206,1661494555,36349,468.240765789474,273.923243157895,555.705247857143,282.395217142857
1661941385,1661974775,33390,555.705247857143,282.395217142857,641.795857931035,308.263617241379
1662441362,1662474765,33403,641.795857931035,308.263617241379,736.997448275862,317.196493103448
1662941364,1662974762,33398,736.997448275862,317.196493103448,849.051561666667,317.736038333333
1663158038,1663208276,50238,849.051561666667,317.736038333333,706.186789090909,461.019830909091
1663375009,1663491775,116766,706.186789090909,461.019830909091,369.930445217391,283.269005217391
1663858038,1663893747,35709,369.930445217391,283.269005217391,456.938444285714,277.037432857143
1664108190,1664224699,116509,456.938444285714,277.037432857143,395.49934,304.8120175
1664341418,1664375385,33967,395.49934,304.8120175,417.005581428571,301.362511428571
1664593104,1664624691,31587,417.005581428571,301.362511428571,443.726169565217,303.423803478261
1664993073,1665124685,131612,443.726169565217,303.423803478261,786.672748571429,170.460362857143
1665224684,1665258032,33348,786.672748571429,170.460362857143,632.83717,280.21019
1665407951,1665441249,33298,632.83717,280.21019,525.098704545455,306.648134545455
1665792363,1665824744,32381,525.098704545455,306.648134545455,574.564264,338.444553
1666141255,1666184895,43640,574.564264,338.444553,660.31398,354.608937142857
1666274512,1666457924,183412,660.31398,354.608937142857,732.472972631579,329.726357894737
1666757922,1666794625,36703,732.472972631579,329.726357894737,801.470631428572,336.713734285714
1666893239,1666957949,64710,801.470631428572,336.713734285714,818.72004,128.428094285714
1667057924,1667141122,83198,818.72004,128.428094285714,727.827426666667,350.343393333333
1667424599,1667457919,33320,727.827426666667,350.343393333333,670.853290909091,342.481904545455
1667807840,1667841202,33362,670.853290909091,342.481904545455,874.212798,328.052752
1667991235,1668024614,33379,874.212798,328.052752,869.936911515152,303.491181818182
1668557812,1668657790,99978,869.936911515152,303.491181818182,357.442237333333,326.536418666667
1668892439,1668924456,32017,357.442237333333,326.536418666667,395.212212,345.966042
1669074403,1669108050,33647,395.212212,345.966042,481.784096363636,332.926065454545
1669457785,1669491124,33339,481.784096363636,332.926065454545,592.078977857143,343.819742857143
1669941009,1669974386,33377,592.078977857143,343.819742857143,636.008226666667,361.664793333333
1670108051,1670224459,116408,636.008226666667,361.664793333333,701.27513,349.344105
1670540999,1670574388,33389,701.27513,349.344105,718.882606666667,358.502957333333
1670807985,1670841030,33045,718.882606666667,358.502957333333,682.668363076923,357.038929230769
1671257668,1671291162,33494,682.668363076923,357.038929230769,670.408515714286,351.357748571429
1671974261,1672007828,33567,670.408515714286,351.357748571429,644.598661621622,379.134795675676
1672607956,1672640870,32914,644.598661621622,379.134795675676,753.370658095238,374.39370952381
1672974268,1673007776,33508,753.370658095238,374.39370952381,823.331736,376.5387984
1673407836,1673440947,33111,823.331736,376.5387984,883.942915,320.2789475
1673557530,1673590984,33454,883.942915,320.2789475,901.77496,327.047254
1673740950,1673774150,33200,901.77496,327.047254,904.442486666667,442.008078333333
1673957553,1674091135,133582,904.442486666667,442.008078333333,918.429134,292.33601
1674240877,1674307591,66714,918.429134,292.33601,349.508814545455,299.96034
1674474153,1674507740,33587,349.508814545455,299.96034,334.4506775,318.7280725
1674624191,1674707782,83591,334.4506775,318.7280725,405.738441428571,326.693695714286
1674924251,1674957532,33281,405.738441428571,326.693695714286,477.367351764706,349.306188235294
1675224199,1675257430,33231,477.367351764706,349.306188235294,562.193901333333,368.269388
1675491585,1675524253,32668,562.193901333333,368.269388,643.412103571429,385.386792142857
1675974169,1676007445,33276,643.412103571429,385.386792142857,739.14344,380.631772
1676407590,1676440774,33184,739.14344,380.631772,840.034528181818,352.912395454545
1676790866,1676824105,33239,840.034528181818,352.912395454545,882.06867875,333.00683875
1677074011,1677207645,133634,882.06867875,333.00683875,377.971693333333,359.178713333333
1677390720,1677424107,33387,377.971693333333,359.178713333333,360.969593,353.374625
1677740672,1677874010,133338,360.969593,353.374625,471.677167692308,367.433029230769
1678074070,1678107333,33263,471.677167692308,367.433029230769,391.37374,280.660585714286
1678207473,1678292372,84899,391.37374,280.660585714286,415.855001666667,356.374456666667
1678474118,1678507429,33311,415.855001666667,356.374456666667,459.358096,370.846384
1678823956,1678857292,33336,459.358096,370.846384,549.8475968,386.1482128
1679257283,1679307321,50038,549.8475968,386.1482128,569.067324444444,589.849257777778
1679440538,1679557271,116733,569.067324444444,589.849257777778,637.700316470588,372.728808235294
1679823964,1679857291,33327,637.700316470588,372.728808235294,695.726962105263,400.386818421053
1680473922,1680507297,33375,695.726962105263,400.386818421053,781.400275833333,404.778108333333
1680893382,1680923957,30575,781.400275833333,404.778108333333,835.206808205128,379.406104615385
1681557176,1681590598,33422,835.206808205128,379.406104615385,884.618182857143,376.931968571429
1681690634,1681891497,200863,884.618182857143,376.931968571429,383.066112727273,385.755752727273
1682057173,1682090522,33349,383.066112727273,385.755752727273,365.805980833333,378.190441666667
1682473788,1682707394,233606,365.805980833333,378.190441666667,406.06513,392.451406666667
1683090635,1683123863,33228,406.06513,392.451406666667,500.526529142857,392.876925142857
1683690388,1683723918,33530,500.526529142857,392.876925142857,486.71962,387.915595
1683841632,1683923743,82111,486.71962,387.915595,581.872845,401.5020825
1684123885,1684157041,33156,581.872845,401.5020825,603.994681176471,385.13366
1684423696,1684457051,33355,603.994681176471,385.13366,708.139781818182,406.473531818182
1684807312,1684840295,32983,708.139781818182,406.473531818182,774.685402142857,415.768775714286
1685292351,1685323717,31366,774.685402142857,415.768775714286,886.928440625,391.075855
1685840302,1685873868,33566,886.928440625,391.075855,947.017068666667,410.116436666667
