"start","end","duration","startx","starty","endx","endy"
431394945697,431395012235,66538,576.615356,465.543712,450.7991,210.129948571429
431395112244,431395145747,33503,450.7991,210.129948571429,401.417016,116.710588
431395295646,431395328885,33239,401.417016,116.710588,420.145551304348,99.74104
431395695642,431395728889,33247,420.145551304348,99.74104,515.847741176471,100.593236470588
431395995660,431396028877,33217,515.847741176471,100.593236470588,506.685109090909,30.3126181818182
431396195522,431396228878,33356,506.685109090909,30.3126181818182,419.079335,34.374116875
431396745670,431396778941,33271,419.079335,34.374116875,504.11155,28.8600033333333
431397062337,431397095520,33183,504.11155,28.8600033333333,606.297458666667,52.8268613333333
431397328873,431397362340,33467,606.297458666667,52.8268613333333,673.398419,36.016236
431397678967,431397745604,66637,673.398419,36.016236,416.26208962963,32.3065607407407
431398179020,431398212096,33076,416.26208962963,32.3065607407407,509.340086,45.749698
431398528765,431398562291,33526,509.340086,45.749698,427.278473548387,117.668637419355
431399062283,431399095402,33119,427.278473548387,117.668637419355,529.936607272727,109.06165
431399445716,431399478806,33090,529.936607272727,109.06165,643.1827408,112.1129456
431399878869,431399911972,33103,643.1827408,112.1129456,743.139685714286,105.820418095238
431400245492,431400278717,33225,743.139685714286,105.820418095238,846.445765142857,103.729666285714
431400845465,431400995385,149920,846.445765142857,103.729666285714,425.0969525,134.70145
431401245550,431401278694,33144,425.0969525,134.70145,414.171808,131.603916571429
431402428663,431402462212,33549,414.171808,131.603916571429,500.9825624,137.01932
431402862145,431402895254,33109,500.9825624,137.01932,594.551145,132.6744685
431404211871,431404245242,33371,594.551145,132.6744685,675.285105384615,133.372881538462
431404661959,431404695149,33190,675.285105384615,133.372881538462,759.204725,121.868309166667
431405078561,431405111741,33180,759.204725,121.868309166667,851.1956675,122.9573825
431405761777,431405845231,83454,851.1956675,122.9573825,433.490116923077,145.153823076923
431406045254,431406078713,33459,433.490116923077,145.153823076923,420.161177333333,150.643081333333
431406811795,431406845175,33380,420.161177333333,150.643081333333,517.005829565217,146.380552173913
431407211596,431407245175,33579,517.005829565217,146.380552173913,576.82504,141.572867
431407561663,431407595009,33346,576.82504,141.572867,545.886595833333,148.9488125
431407978412,431408011620,33208,545.886595833333,148.9488125,635.4912625,153.662986666667
431408395031,431408428260,33229,635.4912625,153.662986666667,786.198495555556,121.12761037037
431408861811,431408894877,33066,786.198495555556,121.12761037037,724.6898024,122.270688
431409294891,431409328251,33360,724.6898024,122.270688,782.813029230769,120.746841538462
431409745005,431409778570,33565,782.813029230769,120.746841538462,653.3108125,116.598975
431409894904,431409928265,33361,653.3108125,116.598975,608.175708421053,154.312103684211
431410544984,431410578207,33223,608.175708421053,154.312103684211,522.690754736842,145.273455789474
431411194764,431411228140,33376,522.690754736842,145.273455789474,671.529922727273,154.2606
431411578220,431411611471,33251,671.529922727273,154.2606,741.895591111111,136.904662962963
431412044959,431412078214,33255,741.895591111111,136.904662962963,850.049647586207,122.835815862069
431412544926,431412628131,83205,850.049647586207,122.835815862069,401.895376097561,163.41411804878
431413294753,431413328007,33254,401.895376097561,163.41411804878,509.247699,169.130382
431413644789,431413678073,33284,509.247699,169.130382,602.454297419355,169.923148387097
431414178119,431414211353,33234,602.454297419355,169.923148387097,701.842656190476,156.619615238095
431414544727,431414594649,49922,701.842656190476,156.619615238095,653.190475,160.56267
431414711222,431414744771,33549,653.190475,160.56267,639.599705,166.55011
431414928022,431414961447,33425,639.599705,166.55011,743.18676173913,171.310585217391
431415394617,431415427898,33281,743.18676173913,171.310585217391,820.090054615385,152.067773846154
431415827878,431415861289,33411,820.090054615385,152.067773846154,877.69716875,150.82509625
431416111229,431416178011,66782,877.69716875,150.82509625,403.764096,172.822592
431416494520,431416527875,33355,403.764096,172.822592,408.446107058824,202.916952352941
431417077952,431417111100,33148,408.446107058824,202.916952352941,486.84496125,206.587614375
431417627898,431417661351,33453,486.84496125,206.587614375,549.933226666667,195.265608253968
431418694405,431418727753,33348,549.933226666667,195.265608253968,535.870807272727,191.623797272727
431419077840,431419111112,33272,535.870807272727,191.623797272727,649.966868571429,188.292537142857
431419677839,431419710992,33153,649.966868571429,188.292537142857,721.964648461538,189.271332307692
431420127633,431420161055,33422,721.964648461538,189.271332307692,808.455413181818,173.395189545455
431420877690,431420910994,33304,808.455413181818,173.395189545455,870.795809473684,182.458336842105
431421527858,431421561146,33288,870.795809473684,182.458336842105,804.783342105263,185.529299649123
431422494270,431422527646,33376,804.783342105263,185.529299649123,900.265148148148,185.899216296296
431422960929,431423044413,83484,900.265148148148,185.899216296296,430.554915,206.0913675
431423161046,431423194266,33220,430.554915,206.0913675,401.342489795918,209.614577959184
431423994147,431424027519,33372,401.342489795918,209.614577959184,504.264169166667,206.168856666667
431424410890,431424444245,33355,504.264169166667,206.168856666667,574.73819875,211.595375
431424694152,431424727804,33652,574.73819875,211.595375,510.66751509434,211.103818867925
431425594138,431425627382,33244,510.66751509434,211.103818867925,595.43663,212.010583333333
431425910713,431425944294,33581,595.43663,212.010583333333,693.683544827586,214.853348275862
431426410727,431426444215,33488,693.683544827586,214.853348275862,787.069786428571,216.456613571429
431426894005,431426927397,33392,787.069786428571,216.456613571429,859.780563181818,209.916272272727
431427644197,431427710611,66414,859.780563181818,209.916272272727,479.666565454545,234.78846
431427877599,431427910595,32996,479.666565454545,234.78846,414.681411515152,239.036836969697
431428444170,431428477488,33318,414.681411515152,239.036836969697,525.983463333333,237.773178333333
431428860766,431428893893,33127,525.983463333333,237.773178333333,617.069711851852,224.928386666667
431429327263,431429360680,33417,617.069711851852,224.928386666667,724.941700769231,237.212258461538
431429777616,431429810499,32883,724.941700769231,237.212258461538,800.89908875,225.69931375
431430060561,431430093910,33349,800.89908875,225.69931375,881.195025217391,226.73362173913
431430460548,431430527133,66585,881.195025217391,226.73362173913,427.191448888889,248.099753333333
431430660773,431430693871,33098,427.191448888889,248.099753333333,407.057087804878,247.970570731707
431431360555,431431393762,33207,407.057087804878,247.970570731707,476.725825714286,226.229974285714
431431727145,431431760585,33440,476.725825714286,226.229974285714,565.3855525,249.6570375
431432143900,431432177250,33350,565.3855525,249.6570375,677.891634782609,254.620444347826
431432543870,431432577201,33331,677.891634782609,254.620444347826,760.062781111111,244.683288888889
431432860580,431432893739,33159,760.062781111111,244.683288888889,803.557317142857,238.899545714286
431432993783,431433027007,33224,803.557317142857,238.899545714286,691.005459130435,247.08738
431433393821,431433427023,33202,691.005459130435,247.08738,844.99059948718,241.551403589744
431434060440,431434093657,33217,844.99059948718,241.551403589744,899.261408333333,224.636158333333
431434277094,431434343873,66779,899.261408333333,224.636158333333,433.84942,242.278395
431434460328,431434493667,33339,433.84942,242.278395,420.561989382716,265.902799259259
431435826883,431435860299,33416,420.561989382716,265.902799259259,501.133709655172,265.479322758621
431436326881,431436360298,33417,501.133709655172,265.479322758621,602.052735714286,282.226663571429
431436810154,431436844051,33897,602.052735714286,282.226663571429,695.594138571429,274.788027142857
431437293521,431437326881,33360,695.594138571429,274.788027142857,801.5769525,272.8711195
431437976857,431438010121,33264,801.5769525,272.8711195,884.416637391304,263.77592
431438376824,431438460297,83473,884.416637391304,263.77592,393.031942580645,291.273230967742
431438960331,431438993419,33088,393.031942580645,291.273230967742,449.449789333333,276.064241333333
431439226772,431439260063,33291,449.449789333333,276.064241333333,594.580135384615,274.898409230769
431439460227,431439493404,33177,594.580135384615,274.898409230769,701.052481176471,290.199832941177
431439760027,431439793415,33388,701.052481176471,290.199832941177,753.159114545455,293.645610909091
431440143502,431440176766,33264,753.159114545455,293.645610909091,582.875704285714,308.155161428571
431440626648,431440660204,33556,582.875704285714,308.155161428571,662.302907272727,304.111198181818
431440826635,431440860239,33604,662.302907272727,304.111198181818,772.347810909091,290.021339090909
431441209965,431441243376,33411,772.347810909091,290.021339090909,865.882857948718,278.897066153846
431441876712,431441909868,33156,865.882857948718,278.897066153846,906.382788,285.536202
431442059960,431442143368,83408,906.382788,285.536202,382.481444186047,298.861879534884
431442844253,431442876566,32313,382.481444186047,298.861879534884,444.394568333333,313.718115833333
431443260045,431443293265,33220,444.394568333333,313.718115833333,513.183599090909,317.517547272727
431443643637,431443676625,32988,513.183599090909,317.517547272727,609.408119512195,313.996342439024
431444343681,431444376610,32929,609.408119512195,313.996342439024,701.0430816,312.1372624
431444776679,431444809780,33101,701.0430816,312.1372624,798.330380833333,305.471291666667
431445693152,431445726400,33248,798.330380833333,305.471291666667,880.439760784314,294.348261568627
431446559946,431446709598,149652,880.439760784314,294.348261568627,391.32378,321.73291
431446859798,431446893010,33212,391.32378,321.73291,396.819589411765,338.320682352941
431447726256,431447759663,33407,396.819589411765,338.320682352941,481.140814,330.230077333333
431448243106,431448276342,33236,481.140814,330.230077333333,588.1739985,335.9270415
431448926255,431448959720,33465,588.1739985,335.9270415,673.2155,322.873114193548
431449459724,431449493034,33310,673.2155,322.873114193548,715.772385185185,329.917960740741
431449926339,431449959553,33214,715.772385185185,329.917960740741,696.477976842105,336.434974736842
431450259550,431450292915,33365,696.477976842105,336.434974736842,788.906174,333.23795
431450609484,431450643063,33579,788.906174,333.23795,814.346919333333,328.352684666667
431451126210,431451159546,33336,814.346919333333,328.352684666667,810.727925517241,319.412597931034
431451626157,431451659433,33276,810.727925517241,319.412597931034,880.932733333333,324.491181212121
431452192792,431452276452,83660,880.932733333333,324.491181212121,412.492244705882,357.746425882353
431452542929,431452576084,33155,412.492244705882,357.746425882353,409.509729655172,353.100432413793
431453043669,431453109353,65684,409.509729655172,353.100432413793,846.424522,355.165812
431453259436,431453292777,33341,846.424522,355.165812,907.557360588235,352.649026470588
431453843574,431453909388,65814,907.557360588235,352.649026470588,660.8161064,327.6182672
