"start","end","duration","startx","starty","endx","endy"
346174974525,346175007725,33200,925.321505454546,556.933176363636,912.37308,509.236334285714
346175107716,346175324304,216588,912.37308,509.236334285714,378.202744444444,61.25915
346175607713,346175774540,166827,378.202744444444,61.25915,443.806523636364,104.759387272727
346175940958,346175975362,34404,443.806523636364,104.759387272727,518.468826666667,108.222035555556
346176266529,346176291116,24587,518.468826666667,108.222035555556,508.911745,50.2397216666667
346176475833,346176507594,31761,508.911745,50.2397216666667,663.255995555556,43.2791422222222
346176640951,346176740948,99997,663.255995555556,43.2791422222222,697.187088,34.464532
346176888813,346176940967,52154,697.187088,34.464532,400.841410666667,59.123184
346177424154,346177657773,233619,400.841410666667,59.123184,546.493389230769,70.3452861538462
346177864414,346177907579,43165,546.493389230769,70.3452861538462,391.558262608696,124.038925217391
346178274270,346178307603,33333,391.558262608696,124.038925217391,495.80639,108.33514125
346178565655,346178591104,25449,495.80639,108.33514125,597.699715384615,89.4080015384615
346178791114,346178824146,33032,597.699715384615,89.4080015384615,663.56464125,105.3694575
346179163940,346179191114,27174,663.56464125,105.3694575,739.99497,98.0557044444444
346179476706,346179507440,30734,739.99497,98.0557044444444,829.651710666667,81.2110466666667
346179740824,346179774317,33493,829.651710666667,81.2110466666667,694.821131666667,98.1684383333333
346179957644,346179991033,33389,694.821131666667,98.1684383333333,653.064438095238,110.827017142857
346180324028,346180361602,37574,653.064438095238,110.827017142857,778.954867272727,89.6134381818182
346180524022,346180564799,40777,778.954867272727,89.6134381818182,834.011350666667,93.9535586666667
346180790828,346180924027,133199,834.011350666667,93.9535586666667,906.393581,98.218313
346181240697,346181324020,83323,906.393581,98.218313,388.277694666667,138.666895333333
346181807328,346182190757,383429,388.277694666667,138.666895333333,391.451848888889,156.428648888889
346182323900,346182365162,41262,391.451848888889,156.428648888889,386.37546212766,187.27389106383
346183123952,346183166766,42814,386.37546212766,187.27389106383,438.719707692308,179.310880512821
346183890609,346183923926,33317,438.719707692308,179.310880512821,444.030962142857,175.836397857143
346184373998,346184490801,116803,444.030962142857,175.836397857143,484.026574,122.42273
346184640575,346184674270,33695,484.026574,122.42273,500.30744,165.372794545455
346184840577,346184873884,33307,500.30744,165.372794545455,509.662015789474,138.935493684211
346185173988,346185207292,33304,509.662015789474,138.935493684211,593.995875,113.605126666667
346185390724,346185523911,133187,593.995875,113.605126666667,637.776818181818,164.24416
346185690462,346185723891,33429,637.776818181818,164.24416,614.303632,123.286214666667
346185957382,346186123765,166383,614.303632,123.286214666667,707.957368148148,109.759704444444
346186567586,346186590605,23019,707.957368148148,109.759704444444,777.609088,77.903964
346186907125,346186957194,50069,777.609088,77.903964,462.836643333333,86.7907766666667
346187140470,346187174039,33569,462.836643333333,86.7907766666667,399.207051111111,116.570215555556
346187307113,346187340451,33338,399.207051111111,116.570215555556,547.514228125,120.588153125
346187861568,346187890351,28783,547.514228125,120.588153125,641.688013333333,85.1072511111111
346188023647,346188057217,33570,641.688013333333,85.1072511111111,778.10447,84.8600642857143
346188273757,346188307104,33347,778.10447,84.8600642857143,847.619165555556,97.4238211111111
346188590576,346188623651,33075,847.619165555556,97.4238211111111,888.718106382979,100.863766808511
346189473674,346189606946,133272,888.718106382979,100.863766808511,363.70902,196.9462352
346190006969,346190206997,200028,363.70902,196.9462352,473.450308125,166.00680875
346190723517,346190764791,41274,473.450308125,166.00680875,515.365589130435,171.395260434783
346191506867,346191540218,33351,515.365589130435,171.395260434783,598.521128695652,147.833280869565
346191906823,346191940182,33359,598.521128695652,147.833280869565,631.929455833333,133.419583333333
346192323426,346192364762,41336,631.929455833333,133.419583333333,604.176341,118.154413
346192673510,346192706852,33342,604.176341,118.154413,700.059115294118,113.215972941176
346192973549,346193006858,33309,700.059115294118,113.215972941176,719.932330666667,150.585274666667
346193240068,346193273508,33440,719.932330666667,150.585274666667,713.036562,-0.0417719999999999
346193423410,346193457099,33689,713.036562,-0.0417719999999999,616.8975875,11.879095
346193573582,346193606842,33260,616.8975875,11.879095,480.026604137931,40.3200372413793
346194073540,346194140073,66533,480.026604137931,40.3200372413793,649.66347,163.893863333333
346194323419,346194364697,41278,649.66347,163.893863333333,699.394312857143,150.615067142857
346194573374,346194923292,349918,699.394312857143,150.615067142857,762.861976363636,118.525110909091
346195273371,346195306688,33317,762.861976363636,118.525110909091,824.491425142857,98.5426822857143
346195873501,346195939945,66444,824.491425142857,98.5426822857143,891.87925,123.347086666667
346196123273,346196156721,33448,891.87925,123.347086666667,904.487323157895,103.625035789474
346196464339,346196490120,25781,904.487323157895,103.625035789474,851.617935238095,68.7293952380952
346196823267,346196862285,39018,851.617935238095,68.7293952380952,959.577446428572,41.2403542857143
346197306602,346197390202,83600,959.577446428572,41.2403542857143,428.397165,134.270328333333
346197573261,346197606605,33344,428.397165,134.270328333333,378.817981666667,184.821285
346197790000,346197989855,199855,378.817981666667,184.821285,461.063796666667,207.262771666667
346198173255,346198223181,49926,461.063796666667,207.262771666667,548.570761818182,168.266149090909
346198390051,346198423483,33432,548.570761818182,168.266149090909,425.637965,171.827051666667
346198606603,346198790097,183494,425.637965,171.827051666667,519.99722,206.033441052632
346199090094,346199123170,33076,519.99722,206.033441052632,602.120106666667,180.967921666667
346199306453,346199339825,33372,602.120106666667,180.967921666667,675.668251851852,159.980517037037
346199773474,346199806496,33022,675.668251851852,159.980517037037,777.483536666667,114.213941111111
346200089971,346200123022,33051,777.483536666667,114.213941111111,829.553646153846,106.246867692308
346200323013,346200365590,42577,829.553646153846,106.246867692308,874.375308,109.208368
346200589951,346200623023,33072,874.375308,109.208368,862.228370434783,102.781629565217
346200989946,346201023037,33091,862.228370434783,102.781629565217,902.297875151515,126.57852969697
346201564163,346201639709,75546,902.297875151515,126.57852969697,369.82364631579,195.094787368421
346201939702,346202106338,166636,369.82364631579,195.094787368421,341.255366666667,231.223633333333
346202239694,346202272979,33285,341.255366666667,231.223633333333,421.571927692308,228.285257692308
346202689988,346202889849,199861,421.571927692308,228.285257692308,522.933992352941,196.022427647059
346203439582,346203475706,36124,522.933992352941,196.022427647059,588.371565333333,199.894077333333
346203706223,346203739552,33329,588.371565333333,199.894077333333,691.579002307692,172.910020769231
346204165265,346204189823,24558,691.579002307692,172.910020769231,738.723311428571,152.47621
346204406235,346204439582,33347,738.723311428571,152.47621,853.89216875,163.10792875
346204965985,346204989786,23801,853.89216875,163.10792875,918.573375,161.221464
346205306220,346205373335,67115,918.573375,161.221464,398.511651111111,209.952226666667
346205506211,346205539457,33246,398.511651111111,209.952226666667,384.327811111111,229.280993333333
346205673069,346205743920,70851,384.327811111111,229.280993333333,432.633731428571,227.701305714286
346205839480,346206006264,166784,432.633731428571,227.701305714286,508.282901428571,221.286531428571
346206222871,346206264595,41724,508.282901428571,221.286531428571,589.889539,187.518962
346206572914,346206606099,33185,589.889539,187.518962,565.15267,186.777096666667
346206789535,346206822788,33253,565.15267,186.777096666667,534.625378461539,196.186747692308
346207022679,346207067228,44549,534.625378461539,196.186747692308,722.75784875,173.80830125
346207306108,346207339450,33342,722.75784875,173.80830125,789.034671851852,175.539239259259
346207772816,346207806146,33330,789.034671851852,175.539239259259,877.6289192,173.3788256
346208206384,346208239337,32953,877.6289192,173.3788256,915.099054285714,179.4414
346208339311,346208406141,66830,915.099054285714,179.4414,410.227607272727,259.776609090909
346208572737,346208606092,33355,410.227607272727,259.776609090909,382.424532727273,228.485901818182
346208772763,346208805954,33191,382.424532727273,228.485901818182,482.022575294118,193.644752941176
346209072748,346209105973,33225,482.022575294118,193.644752941176,568.300687692308,200.581436923077
346209305975,346209464802,158827,568.300687692308,200.581436923077,679.12134173913,215.886137391304
346209822515,346209861617,39102,679.12134173913,215.886137391304,618.892956153846,197.514106153846
346210273737,346210305996,32259,618.892956153846,197.514106153846,685.603506666667,211.96509
346210489432,346210522607,33175,685.603506666667,211.96509,770.777648888889,191.228005555556
346210806023,346210839209,33186,770.777648888889,191.228005555556,785.375383225807,185.091627741935
346211339216,346211372650,33434,785.375383225807,185.091627741935,882.924117391304,168.687600869565
346211739204,346211772700,33496,882.924117391304,168.687600869565,928.99771,179.4169025
346211889482,346211972630,83148,928.99771,179.4169025,361.071832631579,259.909375789474
346212272560,346212422413,149853,361.071832631579,259.909375789474,431.376328965517,238.964453103448
346212889244,346212922404,33160,431.376328965517,238.964453103448,549.460567272727,255.17016969697
346213464504,346213489321,24817,549.460567272727,255.17016969697,615.475213333333,242.339437777778
346213774291,346213805797,31506,615.475213333333,242.339437777778,696.49042,210.233201333333
346214039092,346214072493,33401,696.49042,210.233201333333,781.394974782609,198.776919130435
346214439073,346214474045,34972,781.394974782609,198.776919130435,884.567433714286,194.438772571429
346215039078,346215105745,66667,884.567433714286,194.438772571429,380.30104,262.805
346215305748,346215564921,259173,380.30104,262.805,452.468849473684,278.344113684211
346215864363,346215889156,24793,452.468849473684,278.344113684211,528.735080833333,258.963594166667
346216272408,346216305623,33215,528.735080833333,258.963594166667,479.660006923077,265.545576923077
346216722356,346216763426,41070,479.660006923077,265.545576923077,635.757854285714,245.80137
346216973537,346217005594,32057,635.757854285714,245.80137,715.5228464,237.7534488
346217405596,346217438951,33355,715.5228464,237.7534488,801.547965,216.954292
346217764284,346217789157,24873,801.547965,216.954292,885.067858461539,221.238727692308
346218205593,346218272245,66652,885.067858461539,221.238727692308,387.572581666667,277.046393333333
346218464508,346218489031,24523,387.572581666667,277.046393333333,394.997388571429,292.260051428571
346218589032,346218622149,33117,394.997388571429,292.260051428571,523.51476,292.983306666667
346218763267,346218822158,58891,523.51476,292.983306666667,795.428103529412,256.217260588235
346219372350,346219405481,33131,795.428103529412,256.217260588235,877.92522,237.516214
346219888893,346219972129,83236,877.92522,237.516214,357.55476,322.734848571429
346220305546,346220374541,68995,357.55476,322.734848571429,865.93438,225.44328375
346220622018,346220664720,42702,865.93438,225.44328375,892.160455384615,223.906789230769
346220861596,346220922027,60431,892.160455384615,223.906789230769,425.433269411765,296.600790588235
346221189013,346221755546,566533,425.433269411765,296.600790588235,432.000342222222,317.040395555556
346221888877,346221922051,33174,432.000342222222,317.040395555556,420.602865,298.764881666667
346222105372,346222138710,33338,420.602865,298.764881666667,519.647293529412,302.455946470588
346222688921,346222721987,33066,519.647293529412,302.455946470588,621.502058333333,296.143350833333
346223105350,346223138584,33234,621.502058333333,296.143350833333,690.1894744,309.1555624
346223538576,346223572068,33492,690.1894744,309.1555624,778.976261176471,271.211794117647
346223838589,346223874623,36034,778.976261176471,271.211794117647,855.611024347826,269.926943478261
346224238552,346224272207,33655,855.611024347826,269.926943478261,934.081998,260.116872
346224421931,346224505221,83290,934.081998,260.116872,351.806415652174,330.006349565217
346224871891,346224905216,33325,351.806415652174,330.006349565217,459.920879428571,317.768851428571
346225477099,346225505219,28120,459.920879428571,317.768851428571,567.5407275,315.9826625
346225621775,346225788670,166895,567.5407275,315.9826625,598.79856,323.521824
346225938454,346225971997,33543,598.79856,323.521824,673.269744528302,318.898158867925
346226838478,346226871887,33409,673.269744528302,318.898158867925,789.994370476191,296.345643809524
346227205099,346227238449,33350,789.994370476191,296.345643809524,888.355256,277.2501856
346227638447,346227821669,183222,888.355256,277.2501856,370.495031851852,360.711802222222
346228263243,346228388496,125253,370.495031851852,360.711802222222,653.8959325,18.3718075
346228505089,346228538367,33278,653.8959325,18.3718075,677.770501333333,-31.67186
346228771755,346228905001,133246,677.770501333333,-31.67186,730.951235,194.1257025
346229021701,346229071756,50055,730.951235,194.1257025,589.089618181818,230.194832727273
346229238302,346229273702,35400,589.089618181818,230.194832727273,512.676223478261,225.471566086957
346229638330,346229671713,33383,512.676223478261,225.471566086957,574.780069230769,194.791152307692
346229872544,346229905038,32494,574.780069230769,194.791152307692,644.981403076923,184.320824615385
346230104998,346230305018,200020,644.981403076923,184.320824615385,487.083676666667,231.735363333333
346230488505,346230521588,33083,487.083676666667,231.735363333333,507.446394666667,200.718521333333
346230764552,346230788405,23853,507.446394666667,200.718521333333,431.303968571429,333.228185714286
346231005031,346231038204,33173,431.303968571429,333.228185714286,378.6039125,357.564114166667
346231421540,346231488456,66916,378.6039125,357.564114166667,808.555118947369,287.376748421053
346231773011,346231804876,31865,808.555118947369,287.376748421053,824.75278,288.21044
346231904876,346231938167,33291,824.75278,288.21044,719.652222857143,298.364217142857
