"start","end","duration","startx","starty","endx","endy"
99664188130,99664221426,33296,395.364415333333,127.047032666667,377.406666153846,125.954909230769
99664421418,99664671596,250178,377.406666153846,125.954909230769,423.58164,30.1808714285714
99665004648,99665046453,41805,423.58164,30.1808714285714,512.684276,26.097273
99665356120,99665389048,32928,512.684276,26.097273,637.643038888889,24.1560544444444
99665671544,99665704646,33102,637.643038888889,24.1560544444444,740.923373333333,4.81457
99666188103,99666254977,66874,740.923373333333,4.81457,428.932891111111,40.0328355555556
99666387955,99666421310,33355,428.932891111111,40.0328355555556,370.880532,60.0669384
99666821306,99666855091,33785,370.880532,60.0669384,508.597515882353,84.3764764705882
99667404552,99667446615,42063,508.597515882353,84.3764764705882,521.250330909091,65.2815818181818
99667971418,99668004525,33107,521.250330909091,65.2815818181818,390.38015875,131.24397125
99668257629,99668287952,30323,390.38015875,131.24397125,385.552163214286,156.396607142857
99669204390,99669240016,35626,385.552163214286,156.396607142857,471.226099047619,140.453059047619
99669571414,99669604415,33001,471.226099047619,140.453059047619,537.242135833333,162.2133325
99669987823,99670021027,33204,537.242135833333,162.2133325,629.711689454546,154.402059636364
99670921044,99670955412,34368,629.711689454546,154.402059636364,723.151991282051,159.598201538462
99671587692,99671621111,33419,723.151991282051,159.598201538462,793.069718823529,127.643274117647
99671887694,99671921046,33352,793.069718823529,127.643274117647,878.254354814815,94.3357051851852
99672354390,99672520870,166480,878.254354814815,94.3357051851852,922.352781333333,88.8524426666667
99672755400,99672820879,65479,922.352781333333,88.8524426666667,462.414382222222,123.9555
99672954407,99672987686,33279,462.414382222222,123.9555,361.540546666667,150.302576666667
99673171169,99673204267,33098,361.540546666667,150.302576666667,360.774068888889,177.776917777778
99673347285,99673620929,273644,360.774068888889,177.776917777778,-0.479175384615384,-89.4751153846154
99673804295,99673971134,166839,-0.479175384615384,-89.4751153846154,398.487512413793,200.665279310345
99674504157,99674542109,37952,398.487512413793,200.665279310345,443.572460909091,174.25396
99674887563,99674920794,33231,443.572460909091,174.25396,504.528313913044,133.163444347826
99675287601,99675320779,33178,504.528313913044,133.163444347826,504.128297777778,102.738178888889
99675604167,99675642616,38449,504.128297777778,102.738178888889,536.919988333333,70.7533266666667
99675820766,99676004119,183353,536.919988333333,70.7533266666667,623.586337142857,137.552868571429
99676104139,99676146664,42525,623.586337142857,137.552868571429,623.053781666667,105.127493333333
99676320761,99676520787,200026,623.053781666667,105.127493333333,741.880491111111,49.8319688888889
99676654099,99677443851,789752,741.880491111111,49.8319688888889,-0.782046095238095,-91.0911592380952
99678932596,99679085958,153362,-0.782046095238095,-91.0911592380952,304.38188,10.98988
99679185940,99679219284,33344,304.38188,10.98988,330.939210769231,101.73614
99679419295,99679452658,33363,330.939210769231,101.73614,373.34876,192.318289268293
99680119288,99680152647,33359,373.34876,192.318289268293,446.1374805,193.3989845
99680802566,99680846120,43554,446.1374805,193.3989845,491.590393333333,169.82516
99680969347,99681002530,33183,491.590393333333,169.82516,478.490052121212,191.804424848485
99681535747,99681569315,33568,478.490052121212,191.804424848485,521.233344761905,150.171875238095
99681902490,99681946589,44099,521.233344761905,150.171875238095,576.288944,190.601899333333
99682419172,99682452530,33358,576.288944,190.601899333333,669.65738,185.06227
99682869307,99682902414,33107,669.65738,185.06227,727.748002857143,198.5981
99683002428,99683035793,33365,727.748002857143,198.5981,800.781081481482,138.507374814815
99683469258,99683502401,33143,800.781081481482,138.507374814815,894.029563030303,125.055404242424
99684035628,99684119101,83473,894.029563030303,125.055404242424,421.504662222222,175.710862222222
99684252516,99684285706,33190,421.504662222222,175.710862222222,375.463924444444,196.422607777778
99684569277,99684852379,283102,375.463924444444,196.422607777778,453.107254117647,173.218208235294
99685119026,99685152429,33403,453.107254117647,173.218208235294,515.940775,144.36525
99685269197,99685302301,33104,515.940775,144.36525,514.646986666667,222.175143333333
99685685720,99685718927,33207,514.646986666667,222.175143333333,560.842073793104,189.599722758621
99686185893,99686218905,33012,560.842073793104,189.599722758621,668.6942896,199.1713192
99686618929,99686652262,33333,668.6942896,199.1713192,737.5403875,183.61071
99686902290,99686939755,37465,737.5403875,183.61071,844.688809655172,149.732233793103
99687402149,99687635602,233453,844.688809655172,149.732233793103,453.859382857143,203.15192
99687735500,99687768975,33475,453.859382857143,203.15192,384.690252,204.993875
99688418764,99688485608,66844,384.690252,204.993875,509.691633333333,303.413286666667
99688618811,99688652240,33429,509.691633333333,303.413286666667,521.5131,347.894235
99688768873,99688802212,33339,521.5131,347.894235,566.897633684211,208.833656842105
99689102171,99689135404,33233,566.897633684211,208.833656842105,631.601307,232.406121
99689452218,99689485443,33225,631.601307,232.406121,696.6198056,229.9531168
99689885450,99689918804,33354,696.6198056,229.9531168,813.888454444445,195.844784444444
99690202072,99690268813,66741,813.888454444445,195.844784444444,850.052957777778,404.609951111111
99690402022,99690518655,116633,850.052957777778,404.609951111111,922.392752941177,154.177764705882
99690785486,99690852157,66671,922.392752941177,154.177764705882,464.05467,219.8049675
99690968830,99691002078,33248,464.05467,219.8049675,380.053902857143,217.8822
99691802056,99691835267,33211,380.053902857143,217.8822,464.037878181818,238.684396363636
99692002012,99692035256,33244,464.037878181818,238.684396363636,528.790666956522,349.182727826087
99692401898,99692435518,33620,528.790666956522,349.182727826087,593.400223333333,221.620303333333
99692618647,99692651975,33328,593.400223333333,221.620303333333,648.680030909091,225.200326363636
99693001899,99693035252,33353,648.680030909091,225.200326363636,711.464333333333,223.156689333333
99693518537,99693556243,37706,711.464333333333,223.156689333333,808.54377125,199.856645
99693801911,99693951993,150082,808.54377125,199.856645,839.64289,205.8388475
99694068578,99694101942,33364,839.64289,205.8388475,764.469958947368,213.964729473684
99694401869,99694468688,66819,764.469958947368,213.964729473684,950.40646,323.3374875
99694585208,99694618744,33536,950.40646,323.3374875,971.004453333333,339.017368888889
99694752645,99694955103,202458,971.004453333333,339.017368888889,672.846937142857,240.887457142857
99695052575,99695101753,49178,672.846937142857,240.887457142857,493.99234,249.358655
99695218551,99695251979,33428,493.99234,249.358655,399.93264047619,245.326610952381
99695935137,99695968665,33528,399.93264047619,245.326610952381,464.1549075,265.6695725
99696085258,99696118415,33157,464.1549075,265.6695725,499.233084444444,405.558135555556
99696252041,99696285246,33205,499.233084444444,405.558135555556,471.078774,258.073436
99696435049,99696468445,33396,471.078774,258.073436,430.093204848485,254.401753939394
99697001799,99697068978,67179,430.093204848485,254.401753939394,508.884538333333,474.983025
99697251768,99697352640,100872,508.884538333333,474.983025,604.569785714286,257.696728571429
99697455038,99697485067,30029,604.569785714286,257.696728571429,649.213788947368,251.832635263158
99698101684,99698135036,33352,649.213788947368,251.832635263158,728.9829775,264.21448125
99698385339,99698418264,32925,728.9829775,264.21448125,809.178608421053,234.841233684211
99698718266,99698751949,33683,809.178608421053,234.841233684211,876.994466666667,228.826513333333
99699284939,99699318302,33363,876.994466666667,228.826513333333,949.74186,233.13841
99699434882,99699518267,83385,949.74186,233.13841,519.7886675,247.2676925
99699634922,99699668454,33532,519.7886675,247.2676925,391.972016744186,269.66118372093
99700368206,99700401582,33376,391.972016744186,269.66118372093,447.902819322034,285.974439661017
99701368375,99701401496,33121,447.902819322034,285.974439661017,517.227610666667,282.539914666667
99701634799,99701668260,33461,517.227610666667,282.539914666667,543.14498,220.635722857143
99701768364,99701801551,33187,543.14498,220.635722857143,591.209793333333,294.84396
99702385007,99702418171,33164,591.209793333333,294.84396,680.083741052632,296.351596842105
99702718174,99702752081,33907,680.083741052632,296.351596842105,651.782062857143,413.235585714286
99702852658,99702953166,100508,651.782062857143,413.235585714286,639.244227692308,267.480306153846
99703151690,99703184821,33131,639.244227692308,267.480306153846,634.357405,249.478145
99703501419,99703534790,33371,634.357405,249.478145,719.01652,232.082171428571
99703634664,99703668190,33526,719.01652,232.082171428571,821.180163636364,201.58512
99703834659,99703868256,33597,821.180163636364,201.58512,900.471921538462,205.518867692308
99704068079,99704318038,249959,900.471921538462,205.518867692308,374.193303157895,233.057112631579
99704618007,99704652265,34258,374.193303157895,233.057112631579,368.971341428571,243.611271428571
99704868302,99704901287,32985,368.971341428571,243.611271428571,435.376222222222,265.20807
99705184708,99705234621,49913,435.376222222222,265.20807,630.47082375,280.2403025
99705484707,99705517887,33180,630.47082375,280.2403025,665.10492,287.634572857143
99705734621,99705784701,50080,665.10492,287.634572857143,749.445996666667,268.724303333333
99706067950,99706101277,33327,749.445996666667,268.724303333333,811.365671111111,257.014924444444
99706317911,99706351418,33507,811.365671111111,257.014924444444,884.504150526316,238.919282631579
99706952154,99707017908,65754,884.504150526316,238.919282631579,535.538442857143,290.7542
99707117894,99707151410,33516,535.538442857143,290.7542,411.958820357143,301.764335714286
99708067851,99708154641,86790,411.958820357143,301.764335714286,492.259496,260.093652
99708301197,99708334541,33344,492.259496,260.093652,537.703247407407,291.67816962963
99708767828,99708801176,33348,537.703247407407,291.67816962963,603.222932,300.679204666667
99709284471,99709351172,66701,603.222932,300.679204666667,750.498551875,313.436075625
99709867906,99709934783,66877,750.498551875,313.436075625,870.156922857143,287.70878
99710034411,99710067818,33407,870.156922857143,287.70878,902.467454117647,268.13976
99710617647,99710684503,66856,902.467454117647,268.13976,565.21982,308.076122857143
99710784490,99710817637,33147,565.21982,308.076122857143,394.921042857143,316.57938
99710917631,99710951135,33504,394.921042857143,316.57938,373.128972222222,318.530087777778
99711234292,99711267700,33408,373.128972222222,318.530087777778,485.390507878788,302.356923030303
99711801058,99711834276,33218,485.390507878788,302.356923030303,588.911665128205,332.858927179487
99712467704,99712500940,33236,588.911665128205,332.858927179487,704.922820740741,327.967400740741
99712934304,99712967721,33417,704.922820740741,327.967400740741,809.573626086957,309.300765652174
99713717520,99713751013,33493,809.573626086957,309.300765652174,882.647737931034,293.36709862069
99714217522,99714267751,50229,882.647737931034,293.36709862069,547.521885714286,331.145697142857
99714367788,99714452108,84320,547.521885714286,331.145697142857,377.682354285714,257.614948571429
99714550881,99714634167,83286,377.682354285714,257.614948571429,367.303465882353,330.698852941176
99714900772,99714934168,33396,367.303465882353,330.698852941176,445.610463913044,339.472990869565
99715684208,99715717394,33186,445.610463913044,339.472990869565,512.033713157895,337.904728421053
99716334019,99716367464,33445,512.033713157895,337.904728421053,586.445413333333,330.0795
99716600813,99716717390,116577,586.445413333333,330.0795,639.585031111111,333.110291111111
99716850741,99716884072,33331,639.585031111111,333.110291111111,715.945123870968,335.722971612903
99717384093,99717417388,33295,715.945123870968,335.722971612903,796.370613913044,318.57143826087
99717784111,99717834030,49919,796.370613913044,318.57143826087,883.575165,287.700995
99718151094,99718184114,33020,883.575165,287.700995,922.134611304348,293.50003826087
99718550735,99718633907,83172,922.134611304348,293.50003826087,413.789294,346.048078
99718783997,99718817285,33288,413.789294,346.048078,383.59706137931,366.789582068966
99719283992,99719317279,33287,383.59706137931,366.789582068966,465.70525125,370.66500875
99719567477,99719600688,33211,465.70525125,370.66500875,546.91245875,372.21520875
99719850671,99719883987,33316,546.91245875,372.21520875,630.104447692308,362.254842307692
99720300506,99720333893,33387,630.104447692308,362.254842307692,723.95095,358.331268
99720483988,99720517244,33256,723.95095,358.331268,805.85115,470.92491
99720667335,99720717138,49803,805.85115,470.92491,895.08857037037,311.193925925926
99721150612,99721283859,133247,895.08857037037,311.193925925926,422.269051111111,353.507515555556
99721417143,99721450644,33501,422.269051111111,353.507515555556,395.896626875,374.36567875
99721967382,99722000376,32994,395.896626875,374.36567875,522.153595555556,383.969408888889
99722584000,99722617044,33044,522.153595555556,383.969408888889,623.452888695652,384.126117391304
99722983859,99723017023,33164,623.452888695652,384.126117391304,708.97276,377.641641538462
99723433831,99723467182,33351,708.97276,377.641641538462,816.206738333333,364.468
99723850754,99724067078,216324,816.206738333333,364.468,900.469743333333,365.918274444444
99724350431,99724750398,399967,900.469743333333,365.918274444444,461.9310736,68.1085904
99725150750,99725183721,32971,461.9310736,68.1085904,399.901985217391,60.3672904347826
99725550414,99725583712,33298,399.901985217391,60.3672904347826,542.60645,74.1019475
99725700313,99725751008,50695,542.60645,74.1019475,759.283210909091,27.5041909090909
99726100320,99726150400,50080,759.283210909091,27.5041909090909,456.717025454545,74.3267309090909
99726316896,99726350434,33538,456.717025454545,74.3267309090909,369.834934545455,60.7007381818182
99726516888,99726550366,33478,369.834934545455,60.7007381818182,341.461132,48.936558
99726700190,99726800168,99978,341.461132,48.936558,905.518582580645,398.786698064516
