"start","end","duration","startx","starty","endx","endy"
10017372019,10017447371,75352,591.706287058824,158.680142352941,458.26128,127.83142
10017555411,10017588797,33386,458.26128,127.83142,391.6500452,104.51501
10018405316,10018446424,41108,391.6500452,104.51501,519.929374074074,102.530165185185
10018872260,10018905190,32930,519.929374074074,102.530165185185,581.122235454545,86.91408
10019238737,10019305190,66453,581.122235454545,86.91408,352.377487747748,161.306944324324
10021146819,10021172155,25336,352.377487747748,161.306944324324,422.752850232558,166.171978604651
10022588543,10022621775,33232,422.752850232558,166.171978604651,471.5445825,130.10007
10022746042,10022771805,25763,471.5445825,130.10007,534.410589090909,101.083423636364
10023121736,10023156894,35158,534.410589090909,101.083423636364,492.089966666667,139.677163333333
10023347204,10023371972,24768,492.089966666667,139.677163333333,428.654578181818,159.882579090909
10023721735,10023772012,50277,428.654578181818,159.882579090909,550.624702857143,151.582834285714
10023871800,10023905039,33239,550.624702857143,151.582834285714,626.536410909091,143.942331818182
10024255025,10024288381,33356,626.536410909091,143.942331818182,724.841075555556,140.281866666667
10024721609,10024755039,33430,724.841075555556,140.281866666667,828.0088616,130.9600736
10025155135,10025188428,33293,828.0088616,130.9600736,896.900915,130.404488
10025504945,10025588255,83310,896.900915,130.404488,349.935792121212,181.178583636364
10026121608,10026158159,36551,349.935792121212,181.178583636364,357.459841052632,180.911745789474
10026771767,10026804820,33053,357.459841052632,180.911745789474,453.496215483871,179.710450322581
10027304865,10027340817,35952,453.496215483871,179.710450322581,563.156392380952,160.980647619048
10028371922,10028404829,32907,563.156392380952,160.980647619048,541.258536,176.583437333333
10028638440,10028671537,33097,541.258536,176.583437333333,484.658687272727,177.791347272727
10029021484,10029054785,33301,484.658687272727,177.791347272727,544.12346,165.6328325
10029171555,10029204707,33152,544.12346,165.6328325,366.300016363636,180.66504
10029746455,10029888170,141715,366.300016363636,180.66504,425.77556,191.5797725
10030004700,10030054881,50181,425.77556,191.5797725,624.904168235294,173.231190588235
10030321362,10030354831,33469,624.904168235294,173.231190588235,674.087644,168.593206666667
10031340625,10031371556,30931,674.087644,168.593206666667,761.742894285714,144.20498
10031554663,10031588004,33341,761.742894285714,144.20498,771.116508235294,174.012532941176
10031856226,10031887972,31746,771.116508235294,174.012532941176,828.099242424242,157.583046666667
10032421247,10032454643,33396,828.099242424242,157.583046666667,891.4899,160.199433333333
10032588006,10032688082,100076,891.4899,160.199433333333,357.112662857143,211.273032142857
10033138153,10033171265,33112,357.112662857143,211.273032142857,449.490979166667,194.538588333333
10033554609,10033588172,33563,449.490979166667,194.538588333333,552.507423333333,188.329877333333
10034071303,10034104453,33150,552.507423333333,188.329877333333,659.21309,179.945283
10034421117,10034454782,33665,659.21309,179.945283,688.858331428571,163.082685714286
10034671568,10034704481,32913,688.858331428571,163.082685714286,798.405291851852,165.82150962963
10035138091,10035171341,33250,798.405291851852,165.82150962963,864.830116296296,160.193687407407
10035604453,10035687765,83312,864.830116296296,160.193687407407,340.193096444444,216.364076888889
10036421117,10036454402,33285,340.193096444444,216.364076888889,445.632524827586,213.356888275862
10036920991,10036954393,33402,445.632524827586,213.356888275862,547.111571034483,215.411093103448
10037420979,10037454411,33432,547.111571034483,215.411093103448,646.09045,213.758021
10037771312,10037804315,33003,646.09045,213.758021,721.584069090909,194.740592121212
10038340831,10038371244,30413,721.584069090909,194.740592121212,817.617039310345,190.382794482759
10038840635,10038871174,30539,817.617039310345,190.382794482759,872.92807,184.317322
10039020987,10039104197,83210,872.92807,184.317322,359.945872105263,233.513185789474
10039720878,10039754302,33424,359.945872105263,233.513185789474,449.187896923077,238.160538461538
10040171106,10040204211,33105,449.187896923077,238.160538461538,475.893604444444,294.075784444444
10040345676,10040371126,25450,475.893604444444,294.075784444444,547.415755555556,238.633388148148
10040804218,10040845647,41429,547.415755555556,238.633388148148,630.042014074074,226.966907407407
10041271142,10041304064,32922,630.042014074074,226.966907407407,725.651703076923,225.566390769231
10041504097,10041543753,39656,725.651703076923,225.566390769231,823.808110588235,201.594496470588
10041804068,10042004095,200027,823.808110588235,201.594496470588,342.407808947368,246.807199473684
10042620736,10042654247,33511,342.407808947368,246.807199473684,439.698816571429,254.612999428571
10043220745,10043254202,33457,439.698816571429,254.612999428571,540.508046923077,242.97377
10043670947,10043703966,33019,540.508046923077,242.97377,647.32057,228.745477142857
10044154052,10044187378,33326,647.32057,228.745477142857,736.153604666667,224.111457333333
10044670821,10044703951,33130,736.153604666667,224.111457333333,818.407261428572,238.715518571429
10044920648,10044954095,33447,818.407261428572,238.715518571429,861.7905775,203.0882925
10045070763,10045137682,66919,861.7905775,203.0882925,331.109272173913,247.294346086957
10045503953,10045603987,100034,331.109272173913,247.294346086957,348.924294,243.459326
10045753905,10045787260,33355,348.924294,243.459326,428.530913636364,240.286914545455
10046146641,10046170775,24134,428.530913636364,240.286914545455,465.9560175,218.81554
10046287242,10046437313,150071,465.9560175,218.81554,552.152424,245.495046
10046587284,10046620484,33200,552.152424,245.495046,611.316948571429,255.658920952381
10046946615,10046970760,24145,611.316948571429,255.658920952381,684.3577304,283.6074736
10047370516,10047403860,33344,684.3577304,283.6074736,749.791406153846,248.373509230769
10047603868,10047638828,34960,749.791406153846,248.373509230769,834.042130434783,225.66446
10048003823,10048087111,83288,834.042130434783,225.66446,323.4036,265.142945714286
10048420485,10048453788,33303,323.4036,265.142945714286,357.57044,279.141796470588
10048720506,10048753779,33273,357.57044,279.141796470588,424.534914117647,262.492854117647
10049020479,10049055258,34779,424.534914117647,262.492854117647,487.757989411765,270.627332941177
10049320364,10049356244,35880,487.757989411765,270.627332941177,564.471801724138,278.124696206897
10050303697,10050346539,42842,564.471801724138,278.124696206897,666.330361290323,278.45085483871
10050846438,10050870529,24091,666.330361290323,278.45085483871,795.03629,266.1939675
10051253677,10051287051,33374,795.03629,266.1939675,842.807816666667,254.365941666667
10051670437,10051753690,83253,842.807816666667,254.365941666667,346.102553513514,294.953386486487
10052356260,10052386879,30619,346.102553513514,294.953386486487,381.225553333333,305.365489166667
10052770497,10052803564,33067,381.225553333333,305.365489166667,323.344135,293.279426666667
10052986896,10053020234,33338,323.344135,293.279426666667,488.361315555556,288.757746666667
10053153685,10053370284,216599,488.361315555556,288.757746666667,417.088817692308,273.472358461538
10053786887,10053854168,67281,417.088817692308,273.472358461538,542.374956666667,262.313375
10054046220,10054070388,24168,542.374956666667,262.313375,597.798604285714,259.673452857143
10054286894,10054320118,33224,597.798604285714,259.673452857143,650.420733333333,245.036928333333
10054503438,10054544432,40994,650.420733333333,245.036928333333,469.862970588235,249.849400588235
10055086802,10055120113,33311,469.862970588235,249.849400588235,563.905949166667,257.6223575
10055503455,10055547320,43865,563.905949166667,257.6223575,662.33664,246.225461428571
10055753473,10055786768,33295,662.33664,246.225461428571,765.610595714286,239.050084285714
10056003308,10056045344,42036,765.610595714286,239.050084285714,834.625641904762,233.59814
10056370275,10056455727,85452,834.625641904762,233.59814,336.235584347826,279.483726086957
10056819989,10056853478,33489,336.235584347826,279.483726086957,428.821569444444,288.101358333333
10057447660,10057470075,22415,428.821569444444,288.101358333333,535.383825714286,279.847225
10057919981,10057953870,33889,535.383825714286,279.847225,643.94348173913,278.683565217391
10058319994,10058353418,33424,643.94348173913,278.683565217391,722.196014,263.275027
10058670028,10058703662,33634,722.196014,263.275027,829.831469811321,264.420062264151
10059569896,10059657216,87320,829.831469811321,264.420062264151,323.59609,294.502931428571
10059870077,10059903196,33119,323.59609,294.502931428571,370.961326896552,308.255160689655
10060370054,10060403197,33143,370.961326896552,308.255160689655,458.17246,306.805812307692
10060603065,10060841305,238240,458.17246,306.805812307692,586.52941483871,274.007090967742
10061336718,10061369902,33184,586.52941483871,274.007090967742,655.766248301887,283.217323018868
10062236601,10062269989,33388,655.766248301887,283.217323018868,699.947984210526,280.662365789474
10063519733,10063553038,33305,699.947984210526,280.662365789474,770.748991428571,288.923031428571
10064236765,10064269754,32989,770.748991428571,288.923031428571,855.066578333333,278.88889125
10065054841,10065155105,100264,855.066578333333,278.88889125,349.129124583333,324.933513333333
10065936237,10065969744,33507,349.129124583333,324.933513333333,449.036826875,311.121059375
10066486259,10066519485,33226,449.036826875,311.121059375,523.262016595745,314.485491914894
10067286135,10067319490,33355,523.262016595745,314.485491914894,620.881765,305.9833
10067569548,10067602848,33300,620.881765,305.9833,666.008352307692,302.970474615385
10068019482,10068053670,34188,666.008352307692,302.970474615385,754.6814345,304.3764525
10068702743,10068745983,43240,754.6814345,304.3764525,833.963113913044,300.165844347826
10069102715,10069186156,83441,833.963113913044,300.165844347826,323.0839025,329.854095
10069302742,10069334951,32209,323.0839025,329.854095,358.956246,344.526678
10069802702,10069836233,33531,358.956246,344.526678,471.935803902439,342.97106
10070502587,10070545195,42608,471.935803902439,342.97106,546.746632142857,342.336699285714
10070986018,10071019363,33345,546.746632142857,342.336699285714,633.1734275,331.507235833333
10071402636,10071436231,33595,633.1734275,331.507235833333,737.879074444445,320.511144444444
10071719252,10071752720,33468,737.879074444445,320.511144444444,835.722645555556,317.175636666667
10072036228,10072119247,83019,835.722645555556,317.175636666667,339.04789106383,359.826267659575
10072885890,10072919238,33348,339.04789106383,359.826267659575,325.811922,360.282156
10073069351,10073102446,33095,325.811922,360.282156,415.613654615385,361.897022307692
10073519244,10073552552,33308,415.613654615385,361.897022307692,538.003906,354.9523835
10074202453,10074269363,66910,538.003906,354.9523835,852.135690588235,354.010690588235
10074802442,10074835987,33545,852.135690588235,354.010690588235,868.14222375,355.53673625
