"start","end","duration","startx","starty","endx","endy"
76665689638,76665822742,133104,17.1010975,-21.7715175,356.09994,-14.466815
76665939267,76665972640,33373,356.09994,-14.466815,369.340202,34.904638
76666122925,76666156115,33190,369.340202,34.904638,284.89900125,-10.03711625
76666405873,76666456159,50286,284.89900125,-10.03711625,235.8141525,-87.828725
76666572659,76666623592,50933,235.8141525,-87.828725,393.952088,-31.48897
76666772703,76668230886,1458183,393.952088,-31.48897,-0.706219402985075,-91.0121868656716
76669636072,76669770477,134405,-0.706219402985075,-91.0121868656716,484.626095555556,-92.3784666666667
76669903708,76669937156,33448,484.626095555556,-92.3784666666667,568.629977142857,-74.13481
76670154093,76670187251,33158,568.629977142857,-74.13481,639.496797777778,-24.13084
76670325039,76670437178,112139,639.496797777778,-24.13084,325.941178947368,25.1269568421053
76670737154,76670770381,33227,325.941178947368,25.1269568421053,286.275308888889,-11.2663777777778
76670903734,76671203740,300006,286.275308888889,-11.2663777777778,455.742193103448,37.2651675862069
76671670338,76671703750,33412,455.742193103448,37.2651675862069,534.724589152542,45.7721566101695
76672670396,76672703618,33222,534.724589152542,45.7721566101695,602.233231304348,54.9524286956522
76673070245,76673103641,33396,602.233231304348,54.9524286956522,651.336874782609,40.1507408695652
76673470240,76673503625,33385,651.336874782609,40.1507408695652,744.189893333333,45.1846503030303
76674036916,76674070263,33347,744.189893333333,45.1846503030303,832.641906956522,67.3743869565217
76674436900,76674820380,383480,832.641906956522,67.3743869565217,269.69872,16.0204885714286
76674922751,76674970245,47494,269.69872,16.0204885714286,296.282315,-24.7199275
76675086760,76675153766,67006,296.282315,-24.7199275,372.822377142857,-7.82429428571429
76675253566,76675286835,33269,372.822377142857,-7.82429428571429,400.612964324324,51.7513102702703
76675886835,76675922270,35435,400.612964324324,51.7513102702703,460.678955714286,42.5521885714286
76676136905,76676170149,33244,460.678955714286,42.5521885714286,544.47875862069,62.5825227586207
76676636812,76676670144,33332,544.47875862069,62.5825227586207,661.337385384615,48.5652730769231
76677086713,76677123001,36288,661.337385384615,48.5652730769231,774.162210833333,68.1255766666667
76677503366,76677536842,33476,774.162210833333,68.1255766666667,829.089815333333,105.320708666667
76678020078,76678053604,33526,829.089815333333,105.320708666667,848.596855,130.551405
76678303361,76678386730,83369,848.596855,130.551405,356.61745,162.3714575
76678503375,76678536786,33411,356.61745,162.3714575,350.728655294118,172.607564705882
76678803369,76678836641,33272,350.728655294118,172.607564705882,434.103189767442,171.007300930233
76679536675,76679570016,33341,434.103189767442,171.007300930233,487.156568333333,161.099331666667
76679753332,76679786593,33261,487.156568333333,161.099331666667,405.451638823529,161.509328235294
76680053535,76680086574,33039,405.451638823529,161.509328235294,491.842502666667,146.669014
76680569891,76680603252,33361,491.842502666667,146.669014,565.947070877193,148.967074385965
76681536548,76681569871,33323,565.947070877193,148.967074385965,635.320568823529,129.133677647059
76682122774,76682153440,30666,635.320568823529,129.133677647059,703.339031818182,122.267818181818
76682503131,76682536555,33424,703.339031818182,122.267818181818,797.518015555556,111.76728
76682969751,76683003141,33390,797.518015555556,111.76728,888.661637894737,112.898082105263
76683286473,76683386470,99997,888.661637894737,112.898082105263,364.898525263158,165.983153684211
76683686321,76683719869,33548,364.898525263158,165.983153684211,391.299207741936,148.330141290323
76684220087,76684253331,33244,391.299207741936,148.330141290323,451.398594545455,129.879749090909
76684602985,76684636418,33433,451.398594545455,129.879749090909,556.002336,135.560802666667
76684869803,76684902986,33183,556.002336,135.560802666667,636.460431111111,145.846132592593
76685336460,76685369768,33308,636.460431111111,145.846132592593,689.237697297297,134.454251621622
76686586237,76686623749,37512,689.237697297297,134.454251621622,827.831644,124.799405333333
76686853177,76686886208,33031,827.831644,124.799405333333,886.1576125,119.826675
76687003042,76687086203,83161,886.1576125,119.826675,348.425171428571,144.39240952381
76687419712,76687452923,33211,348.425171428571,144.39240952381,405.383002,80.92388
76687602862,76687636291,33429,405.383002,80.92388,496.524909230769,154.989404615385
76688053329,76688086279,32950,496.524909230769,154.989404615385,575.345752,155.642567333333
76688569512,76688602881,33369,575.345752,155.642567333333,677.2067352,149.7294824
76689002883,76689036155,33272,677.2067352,149.7294824,750.893269090909,130.405188181818
76689386092,76689422200,36108,750.893269090909,130.405188181818,864.639591515152,124.298604848485
76689952821,76690036145,83324,864.639591515152,124.298604848485,351.296368888889,165.364893333333
76690322409,76690353154,30745,351.296368888889,165.364893333333,402.310376666667,181.532446666667
76690536155,76690569416,33261,402.310376666667,181.532446666667,422.131729411765,128.899905882353
76690836156,76690869395,33239,422.131729411765,128.899905882353,501.942165405405,176.744792972973
76691469371,76691502760,33389,501.942165405405,176.744792972973,571.8697664,171.3256536
76691902741,76691936027,33286,571.8697664,171.3256536,681.527847901235,163.893459506173
76693269268,76693302984,33716,681.527847901235,163.893459506173,758.204877777778,140.546316296296
76693735933,76693769240,33307,758.204877777778,140.546316296296,844.932172,124.8987792
76694169196,76694252885,83689,844.932172,124.8987792,352.979976296296,166.795013333333
76694685823,76694721724,35901,352.979976296296,166.795013333333,448.09982375,184.361019375
76695235917,76695269260,33343,448.09982375,184.361019375,505.501510909091,204.496896363636
76695802494,76695835954,33460,505.501510909091,204.496896363636,591.899009333333,184.770351333333
76696319233,76696352676,33443,591.899009333333,184.770351333333,657.927872413793,161.01087862069
76696819206,76696852775,33569,657.927872413793,161.01087862069,662.174673888889,155.530559444444
76697435837,76697469116,33279,662.174673888889,155.530559444444,759.970216774194,138.130620645161
76697968999,76698002386,33387,759.970216774194,138.130620645161,843.392091851852,122.185318518519
76698435837,76698469002,33165,843.392091851852,122.185318518519,894.017263333333,103.452914444444
76698752435,76698835688,83253,894.017263333333,103.452914444444,462.176228571429,177.26354
76698935749,76698968996,33247,462.176228571429,177.26354,358.841418181818,179.822536363636
76699135707,76699168980,33273,358.841418181818,179.822536363636,307.250745882353,136.985035294118
76699435679,76699469020,33341,307.250745882353,136.985035294118,365.92601,176.850736923077
76700319111,76700352444,33333,365.92601,176.850736923077,440.75904875,185.05417375
76700602260,76700635789,33529,440.75904875,185.05417375,371.9427275,193.6968525
76700752518,76700922636,170118,371.9427275,193.6968525,521.587841818182,210.884841818182
76701085594,76701121446,35852,521.587841818182,210.884841818182,603.784565454545,202.130453636364
76701468861,76701502272,33411,603.784565454545,202.130453636364,693.056644,175.510279
76701819001,76701852314,33313,693.056644,175.510279,773.360037307692,151.698009230769
76702702138,76702752444,50306,773.360037307692,151.698009230769,923.353592,124.611208
76702902127,76702935447,33320,923.353592,124.611208,868.197278666667,116.753364
76703168723,76703268777,100054,868.197278666667,116.753364,937.6767375,121.344765
76703385475,76703435551,50076,937.6767375,121.344765,876.944714285714,101.663688571429
76703535544,76703568750,33206,876.944714285714,101.663688571429,869.094928235294,123.371591764706
76703835954,76703935425,99471,869.094928235294,123.371591764706,305.404734444444,144.27598
76704218933,76704252406,33473,305.404734444444,144.27598,374.657482222222,186.576433333333
76704685350,76704719561,34211,374.657482222222,186.576433333333,446.535925333333,224.110219333333
76705201994,76705235454,33460,446.535925333333,224.110219333333,504.453817142857,219.129791428571
76705685328,76705719656,34328,504.453817142857,219.129791428571,569.493954782609,191.190480869565
76706085333,76706122089,36756,569.493954782609,191.190480869565,695.0831875,182.199445833333
76706502048,76706535298,33250,695.0831875,182.199445833333,736.197206060606,178.178352121212
76707068629,76707101879,33250,736.197206060606,178.178352121212,785.984614285714,179.400230285714
76707668590,76707701877,33287,785.984614285714,179.400230285714,811.4024968,191.9306792
76708101878,76708135290,33412,811.4024968,191.9306792,734.721044285714,184.925027142857
76708352056,76708385207,33151,734.721044285714,184.925027142857,866.247348,183.19578
76708622593,76708652047,29454,866.247348,183.19578,824.767795,163.78731125
76708901881,76708935179,33298,824.767795,163.78731125,914.7792925,151.1652625
76709051934,76709151973,100039,914.7792925,151.1652625,319.546545454545,171.903455454545
76709501755,76709551957,50202,319.546545454545,171.903455454545,383.66774,160.443808
76709701721,76709868498,166777,383.66774,160.443808,390.74504,231.90806
76710068530,76710101753,33223,390.74504,231.90806,464.823169230769,243.238926923077
76710518508,76710551933,33425,464.823169230769,243.238926923077,504.718768888889,259.472553333333
76710685087,76710801768,116681,504.718768888889,259.472553333333,458.946286956522,259.377048695652
76711168348,76711219607,51259,458.946286956522,259.377048695652,408.683575,213.309965
76711401769,76711435229,33460,408.683575,213.309965,500.74568,257.753153191489
76712201673,76712235078,33405,500.74568,257.753153191489,582.383421666667,243.444725
76712622438,76712651918,29480,582.383421666667,243.444725,669.930640909091,256.529813636364
76713001639,76713035038,33399,669.930640909091,256.529813636364,755.022412,221.724978666667
76713268265,76713301622,33357,755.022412,221.724978666667,787.110144651163,236.174906511628
76714001627,76714034894,33267,787.110144651163,236.174906511628,774.845334666667,272.847546666667
76714268244,76714368281,100037,774.845334666667,272.847546666667,830.873451428571,222.92445
76714584840,76714622609,37769,830.873451428571,222.92445,794.355251111111,226.887498518519
76715051602,76715084842,33240,794.355251111111,226.887498518519,829.357452727273,195.333681818182
76715251615,76715284829,33214,829.357452727273,195.333681818182,880.071185714286,176.628328571429
76715501508,76715534814,33306,880.071185714286,176.628328571429,915.783938,207.56501
76715684827,76715768123,83296,915.783938,207.56501,348.36723,228.686535
76715884845,76716184715,299870,348.36723,228.686535,422.11418,253.083426
76716334787,76716368150,33363,422.11418,253.083426,466.463742857143,272.876528571429
76716584741,76716622552,37811,466.463742857143,272.876528571429,520.382505,276.767519166667
76717001372,76717034830,33458,520.382505,276.767519166667,585.007554042553,261.962821276596
76717801404,76717834837,33433,585.007554042553,261.962821276596,648.627299310345,288.469033793103
76718301377,76718384716,83339,648.627299310345,288.469033793103,784.119191428572,303.90976
76718484702,76718518126,33424,784.119191428572,303.90976,795.0466,272.070916363636
76718684575,76718751504,66929,795.0466,272.070916363636,841.7636,101.301037142857
76718851698,76718984614,132916,841.7636,101.301037142857,795.74592,249.792022608696
76719351655,76719384580,32925,795.74592,249.792022608696,862.612597142857,236.293374285714
76719484586,76719518166,33580,862.612597142857,236.293374285714,914.241786,239.702886
76719667958,76720018140,350182,914.241786,239.702886,312.3179975,218.98125
76720134717,76720168062,33345,312.3179975,218.98125,407.700821111111,279.499965555556
76720451410,76720484588,33178,407.700821111111,279.499965555556,484.520224571429,277.114112
76721117967,76721151563,33596,484.520224571429,277.114112,482.84468125,355.0124525
76721401271,76721584515,183244,482.84468125,355.0124525,581.596476363636,386.525049090909
76721751490,76721784444,32954,581.596476363636,386.525049090909,613.732299487179,354.859633333333
76722422317,76722451184,28867,613.732299487179,354.859633333333,697.82832516129,361.376189032258
76722951707,76722984495,32788,697.82832516129,361.376189032258,867.840683333333,377.572403333333
76723167802,76723218985,51183,867.840683333333,377.572403333333,603.852902,362.28671
