"start","end","duration","startx","starty","endx","endy"
24831170130,24831270132,100002,554.222678,244.807024,387.747218666667,167.474924
24831503370,24831536836,33466,387.747218666667,167.474924,396.934868421053,136.063635789474
24831836720,24831870062,33342,396.934868421053,136.063635789474,478.490217777778,115.658458333333
24832453622,24832486581,32959,478.490217777778,115.658458333333,550.143423529412,114.0011
24832753487,24832786580,33093,550.143423529412,114.0011,388.05336,164.658493571429
24833236652,24833270006,33354,388.05336,164.658493571429,436.684595,184.69994
24833386563,24833586580,200017,436.684595,184.69994,521.938955454546,192.790732727273
24833953372,24833986580,33208,521.938955454546,192.790732727273,620.97827,201.5698925
24834353286,24834386616,33330,620.97827,201.5698925,713.749373913044,189.720064347826
24834726571,24834903234,176663,713.749373913044,189.720064347826,788.100425,196.405368
24835228457,24835253517,25060,788.100425,196.405368,856.386455454546,189.697421818182
24835603130,24835669910,66780,856.386455454546,189.697421818182,382.850247826087,185.862840869565
24836038627,24836069897,31270,382.850247826087,185.862840869565,437.126473333333,198.415112727273
24836603113,24836636778,33665,437.126473333333,198.415112727273,525.304802222222,196.442862222222
24836920047,24836953196,33149,525.304802222222,196.442862222222,600.653213043478,207.981343478261
24837327256,24837503147,175891,600.653213043478,207.981343478261,697.4436128,210.9862328
24837902982,24837936409,33427,697.4436128,210.9862328,774.6750312,201.5629768
24838337786,24838369757,31971,774.6750312,201.5629768,856.460209,203.87503
24838686342,24838728823,42481,856.460209,203.87503,707.055262222222,224.377093333333
24839153203,24839186315,33112,707.055262222222,224.377093333333,604.703800769231,241.855498461538
24839602973,24839669638,66665,604.703800769231,241.855498461538,396.622690625,219.2210225
24840186195,24840238032,51837,396.622690625,219.2210225,589.059254285714,225.967608571429
24840338241,24840369629,31388,589.059254285714,225.967608571429,629.175434857143,232.161134285714
24840936339,24840969631,33292,629.175434857143,232.161134285714,806.372281538462,225.531032307692
24841169507,24841202876,33369,806.372281538462,225.531032307692,867.656615483871,215.543923870968
24841702873,24841769536,66663,867.656615483871,215.543923870968,394.597562666667,207.227997333333
24842002867,24842036168,33301,394.597562666667,207.227997333333,399.61736,223.952985925926
24842569512,24842602875,33363,399.61736,223.952985925926,503.482136666667,228.492945833333
24842986077,24843025709,39632,503.482136666667,228.492945833333,601.731669090909,240.976545454545
24843552969,24843586082,33113,601.731669090909,240.976545454545,700.778086666667,239.814691428571
24843926300,24843952958,26658,700.778086666667,239.814691428571,796.679848666667,245.044547333333
24844436130,24844469376,33246,796.679848666667,245.044547333333,877.868096666667,247.067040833333
24844852894,24844920960,68066,877.868096666667,247.067040833333,405.7782104,249.670232
24845328551,24845352839,24288,405.7782104,249.670232,503.232748888889,250.729578888889
24845638151,24845669419,31268,503.232748888889,250.729578888889,678.45192,228.740536
24845827369,24845852637,25268,678.45192,228.740536,707.894967272727,216.52078
24846202621,24846236035,33414,707.894967272727,216.52078,807.422552903226,189.679044516129
24846736052,24846929235,193183,807.422552903226,189.679044516129,475.438712727273,200.445119090909
24847269356,24847302627,33271,475.438712727273,200.445119090909,610.992142857143,239.535826666667
24847635926,24847669273,33347,610.992142857143,239.535826666667,661.841755625,268.17424375
24848185840,24848369291,183451,661.841755625,268.17424375,739.464324324324,281.200370810811
24848969172,24849002491,33319,739.464324324324,281.200370810811,791.974006,282.914794
24849152740,24849335937,183197,791.974006,282.914794,853.87721,275.301704375
24849852686,24850028501,175815,853.87721,275.301704375,390.034595,276.063483888889
24850602378,24850635775,33397,390.034595,276.063483888889,469.272101818182,282.590236363636
24850802369,24850952666,150297,469.272101818182,282.590236363636,562.641471111111,288.397928148148
24851369004,24851402344,33340,562.641471111111,288.397928148148,633.643928,297.755903333333
24851885637,24851928076,42439,633.643928,297.755903333333,752.051595757576,287.839180606061
24852452655,24852485566,32911,752.051595757576,287.839180606061,860.187405806452,297.151173548387
24852985591,24853085595,100004,860.187405806452,297.151173548387,398.435430833333,292.901358333333
24853468923,24853502248,33325,398.435430833333,292.901358333333,480.7596625,303.44522625
24854102254,24854138553,36299,480.7596625,303.44522625,548.595898095238,305.202708571429
24854468877,24854502250,33373,548.595898095238,305.202708571429,662.277214285714,308.581468571429
24854835593,24854868899,33306,662.277214285714,308.581468571429,763.715222222222,310.674334444444
24855152257,24855185445,33188,763.715222222222,310.674334444444,854.511834444445,312.453522222222
24855468895,24855502138,33243,854.511834444445,312.453522222222,600.861988571429,323.250808571429
24855602130,24855635545,33415,600.861988571429,323.250808571429,576.051877142857,336.100048571429
24855735608,24855902114,166506,576.051877142857,336.100048571429,633.095667457627,339.40630338983
24856852371,24856885347,32976,633.095667457627,339.40630338983,711.582525,333.659311666667
24857068771,24857268789,200018,711.582525,333.659311666667,769.881472307692,312.932883076923
24857468760,24857502125,33365,769.881472307692,312.932883076923,837.849418518519,339.471421481482
24857938488,24857968782,30294,837.849418518519,339.471421481482,886.685429090909,325.4584
24858138450,24858201998,63548,886.685429090909,325.4584,400.28022125,327.74251
24858452244,24858685318,233074,400.28022125,327.74251,459.622765714286,346.915028571429
24859028512,24859052256,23744,459.622765714286,346.915028571429,556.155901481481,354.677794814815
24859485745,24859522074,36329,556.155901481481,354.677794814815,655.257412413793,349.765466206897
24859985228,24860018795,33567,655.257412413793,349.765466206897,756.501231794872,354.002358974359
24860652120,24860685192,33072,756.501231794872,354.002358974359,843.565051428571,351.053162857143
24861018558,24861419306,400748,843.565051428571,351.053162857143,401.200465,355.872404166667
24861801881,24861837251,35370,401.200465,355.872404166667,464.989492,370.293573333333
24862068558,24862101880,33322,464.989492,370.293573333333,580.263615789474,352.991425263158
24862727885,24862751905,24020,580.263615789474,352.991425263158,677.96987,356.90856
24862968508,24863001848,33340,677.96987,356.90856,791.787523846154,369.270448461538
24863428072,24863451890,23818,791.787523846154,369.270448461538,886.559276,376.158992666667
24863935853,24864001747,65894,886.559276,376.158992666667,394.572470909091,370.893051818182
24864352011,24864568398,216387,394.572470909091,370.893051818182,492.802186666667,344.530528888889
24864701771,24864736041,34270,492.802186666667,344.530528888889,497.567481538462,375.722086153846
24864935108,24864968390,33282,497.567481538462,375.722086153846,623.2358968,385.0257076
24865784940,24865851655,66715,623.2358968,385.0257076,915.773452307692,410.444844615385
