"start","end","duration","startx","starty","endx","endy"
348834219808,348834269511,49703,383.066096363636,127.257498181818,369.634007272727,58.0547890909091
348834436304,348834469534,33230,369.634007272727,58.0547890909091,363.810363333333,46.8020416666667
348834652863,348834692534,39671,363.810363333333,46.8020416666667,411.95036,49.5256466666667
348834819730,348834902941,83211,411.95036,49.5256466666667,521.9427925,55.0514475
348835019722,348835052848,33126,521.9427925,55.0514475,534.542630769231,70.7652753846154
348835252864,348835291942,39078,534.542630769231,70.7652753846154,566.235113846154,82.6204338461539
348835492008,348835519888,27880,566.235113846154,82.6204338461539,632.042305714286,87.3882457142857
348835619620,348835769522,149902,632.042305714286,87.3882457142857,718.120977777778,83.8119022222222
348835917097,348835936150,19053,718.120977777778,83.8119022222222,765.4802425,84.4747925
348836052754,348836103003,50249,765.4802425,84.4747925,695.677915,81.2060525
348836219806,348836252730,32924,695.677915,81.2060525,746.9609975,98.4572525
348836369402,348836502820,133418,746.9609975,98.4572525,373.360705454545,91.6505363636364
348836669409,348836702811,33402,373.360705454545,91.6505363636364,366.188988,70.929448
348836936177,348836969402,33225,366.188988,70.929448,404.450609333333,62.38166
348837202833,348837236035,33202,404.450609333333,62.38166,361.330930909091,66.14408
348837402807,348837469409,66602,361.330930909091,66.14408,512.65389,73.600337
348837786259,348837819475,33216,512.65389,73.600337,555.057542222222,63.4378733333333
348837952618,348841879605,3926987,555.057542222222,63.4378733333333,747.237062857143,110.676542857143
348841979598,348842046234,66636,747.237062857143,110.676542857143,761.912877777778,158.296717777778
348842179620,348842213197,33577,761.912877777778,158.296717777778,761.962328571429,177.75532
348842312928,348842429726,116798,761.962328571429,177.75532,812.616083809524,207.64598952381
348842762908,348842829596,66688,812.616083809524,207.64598952381,743.968195555556,231.582448888889
348842962889,348843112936,150047,743.968195555556,231.582448888889,848.053842,218.212144
348843262873,348843296380,33507,848.053842,218.212144,881.464026363636,214.841976363636
348843646140,348843696226,50086,881.464026363636,214.841976363636,927.997402857143,203.906071428571
348843797505,348843979477,181972,927.997402857143,203.906071428571,385.347871111111,255.854725555556
348844262792,348844296643,33851,385.347871111111,255.854725555556,432.376452631579,261.476749473684
348844596228,348844679494,83266,432.376452631579,261.476749473684,497.913492,249.95676
348844829600,348844862767,33167,497.913492,249.95676,510.5130875,260.500925
348844979505,348845012805,33300,510.5130875,260.500925,546.862731111111,268.254291111111
348845146121,348845179347,33226,546.862731111111,268.254291111111,564.404310769231,251.423173846154
348845379378,348845413030,33652,564.404310769231,251.423173846154,591.38665,263.126438
348845562759,348845629473,66714,591.38665,263.126438,668.483771428571,247.15302
348845729431,348845762731,33300,668.483771428571,247.15302,691.391630909091,236.467503636364
348845929428,348845979390,49962,691.391630909091,236.467503636364,742.003232857143,243.179281428571
348846196667,348846229429,32762,742.003232857143,243.179281428571,770.084388571429,233.606361428571
348846446062,348846479354,33292,770.084388571429,233.606361428571,779.884903333333,238.871031666667
348846662756,348846729617,66861,779.884903333333,238.871031666667,739.468757142857,242.854751428571
348846829490,348846929693,100203,739.468757142857,242.854751428571,779.508378181818,232.356847272727
348847096191,348847129490,33299,779.508378181818,232.356847272727,819.510765454546,228.119252727273
348847296105,348847329464,33359,819.510765454546,228.119252727273,860.036017777778,237.427133333333
348847462660,348847496091,33431,860.036017777778,237.427133333333,878.847216,230.074626666667
348847729302,348847762628,33326,878.847216,230.074626666667,909.17287,228.17374
348847946025,348847979268,33243,909.17287,228.17374,929.986443636364,235.096805454545
348848329605,348848529305,199700,929.986443636364,235.096805454545,397.900771111111,266.706013333333
348848662642,348848695985,33343,397.900771111111,266.706013333333,397.654736,265.940258
348848845881,348848929338,83457,397.654736,265.940258,513.154286923077,263.310316923077
348849345890,348849396166,50276,513.154286923077,263.310316923077,578.767648571429,258.856488571429
348849495987,348849629317,133330,578.767648571429,258.856488571429,660.026867058824,279.572822352941
348849895977,348849979233,83256,660.026867058824,279.572822352941,710.497861111111,279.403765555556
348850262538,348850329410,66872,710.497861111111,279.403765555556,765.353516,257.688992
348850479110,348850545981,66871,765.353516,257.688992,836.959078666667,256.489872
348850779117,348850812575,33458,836.959078666667,256.489872,857.113314666667,251.827538666667
348851045802,348851095887,50085,857.113314666667,251.827538666667,921.693963333333,237.607198888889
348851379107,348851495837,116730,921.693963333333,237.607198888889,674.4923,292.466082857143
348851595841,348851729176,133335,674.4923,292.466082857143,387.682593333333,303.014575555556
348852012679,348852062392,49713,387.682593333333,303.014575555556,440.863477142857,286.615168571429
348852162473,348852195855,33382,440.863477142857,286.615168571429,451.551433333333,294.969136666667
348852479104,348852545807,66703,451.551433333333,294.969136666667,520.510894285714,292.927294285714
348852645813,348852679001,33188,520.510894285714,292.927294285714,533.329347272727,304.57626
348852845739,348852878996,33257,533.329347272727,304.57626,550.139805,282.5829275
348852995881,348853029097,33216,550.139805,282.5829275,591.449448,286.471338666667
348853262361,348853295892,33531,591.449448,286.471338666667,631.247006666667,299.816881666667
348853478984,348853578981,99997,631.247006666667,299.816881666667,692.110583076923,271.83506
348853778987,348853912603,133616,692.110583076923,271.83506,759.87636,288.7651425
348854029058,348854062409,33351,759.87636,288.7651425,774.034478461539,298.148832307692
348854262410,348854295739,33329,774.034478461539,298.148832307692,827.156826,292.230812
348854445659,348854562239,116580,827.156826,292.230812,892.446058181818,251.445527272727
348854729085,348854762256,33171,892.446058181818,251.445527272727,906.851578181818,261.930789090909
348854929055,348854962341,33286,906.851578181818,261.930789090909,931.226144,263.058078
348855112502,348855178865,66363,931.226144,263.058078,824.372512,271.5315
348855328942,348855412429,83487,824.372512,271.5315,859.996982857143,275.45854
348855512522,348855562257,49735,859.996982857143,275.45854,905.957406666667,264.809441666667
348855745613,348855778865,33252,905.957406666667,264.809441666667,942.240964444445,252.649815555556
348855912357,348856162260,249903,942.240964444445,252.649815555556,372.358485714286,290.049914285714
348856262263,348856295640,33377,372.358485714286,290.049914285714,381.376937142857,307.321177142857
348856395612,348856429183,33571,381.376937142857,307.321177142857,410.979774,298.199966
348856578911,348856612308,33397,410.979774,298.199966,434.734833333333,292.895674666667
348856845563,348856945564,100001,434.734833333333,292.895674666667,501.744277142857,306.89889
348857162191,348857195662,33471,501.744277142857,306.89889,534.221093333333,303.005386666667
348857328937,348857378890,49953,534.221093333333,303.005386666667,452.407115555556,321.639935555556
348857512375,348857578863,66488,452.407115555556,321.639935555556,476.245911428571,300.767254285714
348857678765,348857712316,33551,476.245911428571,300.767254285714,507.103452,302.033158
348857862127,348857895644,33517,507.103452,302.033158,547.161792,304.751622666667
348858128898,348858162134,33236,547.161792,304.751622666667,558.2348675,303.72953
348858278774,348858362116,83342,558.2348675,303.72953,597.234645,321.157005
348858478775,348858712270,233495,597.234645,321.157005,641.664995,302.6168575
348858828818,348858878783,49965,641.664995,302.6168575,571.998823636364,309.796167272727
348859045368,348859128800,83432,571.998823636364,309.796167272727,714.063946666667,323.722531111111
348859262163,348859295466,33303,714.063946666667,323.722531111111,690.548990909091,310.777050909091
348859462017,348859512159,50142,690.548990909091,310.777050909091,730.496628888889,312.693424444444
348859645421,348859712210,66789,730.496628888889,312.693424444444,764.430157142857,304.726111428571
348859812278,348859962013,149735,764.430157142857,304.726111428571,852.91956,292.121100952381
348860292012,348860378612,86600,852.91956,292.121100952381,816.415546,310.143872
348860529008,348860561982,32974,816.415546,310.143872,815.652497142857,324.580385714286
348860662017,348860778657,116640,815.652497142857,324.580385714286,932.868114736842,289.595638421053
348861395380,348861428690,33310,932.868114736842,289.595638421053,904.8779,288.143685714286
348861528718,348861612250,83532,904.8779,288.143685714286,714.091972941177,325.228903529412
348861878643,348861995382,116739,714.091972941177,325.228903529412,793.078838571429,303.039147142857
348862212040,348862278661,66621,793.078838571429,303.039147142857,727.012026153846,290.167475384615
348862478661,348862561869,83208,727.012026153846,290.167475384615,851.844362608696,277.171275652174
348862928609,348863061870,133261,851.844362608696,277.171275652174,944.252750666667,285.596274666667
348863295389,348863428579,133190,944.252750666667,285.596274666667,383.243575555556,292.76484
348863561875,348863595326,33451,383.243575555556,292.76484,396.847093846154,310.686432307692
348863795222,348863828575,33353,396.847093846154,310.686432307692,438.579538666667,313.162557333333
348864061887,348864095256,33369,438.579538666667,313.162557333333,462.987532857143,320.823694285714
348864311937,348864428577,116640,462.987532857143,320.823694285714,485.8188825,331.95921
348864545171,348864628625,83454,485.8188825,331.95921,546.717478333333,328.696246666667
348864811947,348864928590,116643,546.717478333333,328.696246666667,485.382146,342.753354
348865078503,348865178383,99880,485.382146,342.753354,584.40016625,335.752775
348865428463,348865461743,33280,584.40016625,335.752775,615.2452475,342.314005
348865578406,348865645146,66740,615.2452475,342.314005,653.900262857143,348.63652
348865745148,348865895225,150077,653.900262857143,348.63652,733.732845714286,334.348262857143
348865995260,348866111971,116711,733.732845714286,334.348262857143,817.599246666667,324.195401666667
348866295111,348866328487,33376,817.599246666667,324.195401666667,857.439038333333,316.20883
348866511827,348866628591,116764,857.439038333333,316.20883,942.490565714286,283.722305714286
348866845057,348866961618,116561,942.490565714286,283.722305714286,408.73185,344.1493425
348867078409,348867111707,33298,408.73185,344.1493425,386.399264705882,311.041348235294
348867378407,348867428474,50067,386.399264705882,311.041348235294,452.460746666667,306.645686666667
348867611781,348867761623,149842,452.460746666667,306.645686666667,504.266068571429,368.936377142857
348867861630,348867978284,116654,504.266068571429,368.936377142857,543.889568888889,333.734515555556
348868111913,348868178287,66374,543.889568888889,333.734515555556,601.21006625,346.85901
348868428665,348868461639,32974,601.21006625,346.85901,625.934588888889,341.854308888889
348868595095,348868628590,33495,625.934588888889,341.854308888889,634.124032,351.557444
348868778282,348868811695,33413,634.124032,351.557444,597.142139,351.537359
348869128473,348869161650,33177,597.142139,351.537359,629.541154666667,347.881014666667
348869395244,348869444902,49658,629.541154666667,347.881014666667,693.029844705882,350.265762352941
348869711702,348869744883,33181,693.029844705882,350.265762352941,707.99074,343.253055
348869861505,348869944913,83408,707.99074,343.253055,839.660673333333,313.492701333333
348870178291,348870311943,133652,839.660673333333,313.492701333333,901.591764444444,307.332215555556
348870595003,348870628422,33419,901.591764444444,307.332215555556,930.02572,296.01305
348870811563,348870844933,33370,930.02572,296.01305,949.378530588235,299.092734117647
348871111557,348871144811,33254,949.378530588235,299.092734117647,910.006286,312.70693
348871294856,348871328219,33363,910.006286,312.70693,917.810724444445,313.44216
348871461511,348871494866,33355,917.810724444445,313.44216,942.323360833333,305.314934166667
348871878196,348871911482,33286,942.323360833333,305.314934166667,936.921863529412,308.749401176471
348872178167,348872328229,150062,936.921863529412,308.749401176471,402.302181818182,340.600269090909
348872494860,348872528250,33390,402.302181818182,340.600269090909,388.597564444444,339.937968888889
348872661390,348872712974,51584,388.597564444444,339.937968888889,484.208251764706,354.018458823529
348872978026,348873078030,100004,484.208251764706,354.018458823529,540.374161052632,372.281133684211
348873378039,348873444774,66735,540.374161052632,372.281133684211,574.953396923077,366.328250769231
348873644667,348873744663,99996,574.953396923077,366.328250769231,526.985418,340.163774
348873894730,348874028083,133353,526.985418,340.163774,577.54892,356.454741818182
348874194781,348874228089,33308,577.54892,356.454741818182,609.62954,369.719455
348874344657,348874378025,33368,609.62954,369.719455,616.104306,373.123916
348874528072,348874661260,133188,616.104306,373.123916,655.784475,361.972565
348874778041,348874811545,33504,655.784475,361.972565,680.689348235294,367.010812941176
348875078025,348875111323,33298,680.689348235294,367.010812941176,652.881028571429,365.134897142857
348875327958,348875361229,33271,652.881028571429,365.134897142857,713.00106,351.335677777778
348875494755,348875527943,33188,713.00106,351.335677777778,737.882665,345.33638
348875644646,348875744661,100015,737.882665,345.33638,799.88190875,347.23937625
348875994645,348876044647,50002,799.88190875,347.23937625,736.609356,354.961322
348876194609,348876244544,49935,736.609356,354.961322,815.1946525,351.0412175
348876361254,348876394877,33623,815.1946525,351.0412175,844.706005714286,347.49404
348876494641,348876594715,100074,844.706005714286,347.49404,903.43422,329.650788
348876744559,348876777910,33351,903.43422,329.650788,925.490663157895,326.438036842105
348877077916,348877111202,33286,925.490663157895,326.438036842105,951.163016363636,322.700079393939
348877644546,348877677920,33374,951.163016363636,322.700079393939,921.257012941177,326.636655294118
348877944546,348878044527,99981,921.257012941177,326.636655294118,572.485698666667,346.801785333333
348878277780,348878311184,33404,572.485698666667,346.801785333333,537.892216666667,342.13221
348878494610,348878528087,33477,537.892216666667,342.13221,526.567511111111,340.269413333333
348878661127,348878761139,100012,526.567511111111,340.269413333333,904.040821818182,338.801425454545
348878927865,348878961145,33280,904.040821818182,338.801425454545,918.772107368421,331.344569473684
348879261115,348879461017,199902,918.772107368421,331.344569473684,413.997354285714,370.95452
348879561001,348879594544,33543,413.997354285714,370.95452,381.518668333333,355.485723333333
348880377649,348880411058,33409,381.518668333333,355.485723333333,373.132391428571,352.613748571429
348880627974,348880711068,83094,373.132391428571,352.613748571429,439.227157777778,365.056033333333
348880844415,348880877667,33252,439.227157777778,365.056033333333,443.890441333333,347.513645333333
348881111058,348881444304,333246,443.890441333333,347.513645333333,531.32332,364.11423
348881560987,348881611266,50279,531.32332,364.11423,582.960526,374.566396
348881761012,348881827721,66709,582.960526,374.566396,631.305731666667,379.05667
348882211051,348882244281,33230,631.305731666667,379.05667,605.686113846154,378.175464615385
348882444305,348882477653,33348,605.686113846154,378.175464615385,656.848773333333,374.79054
348882611040,348882644309,33269,656.848773333333,374.79054,708.891384705882,364.382089411765
348882910946,348882944318,33372,708.891384705882,364.382089411765,718.019792380952,361.968911428571
348883277535,348883311023,33488,718.019792380952,361.968911428571,721.802585263158,364.271626315789
348883611063,348883677527,66464,721.802585263158,364.271626315789,767.556937142857,365.683751428571
348883777532,348883811106,33574,767.556937142857,365.683751428571,788.087345714286,375.867885714286
348884027620,348884060881,33261,788.087345714286,375.867885714286,810.372916666667,362.910213333333
348884244162,348884277532,33370,810.372916666667,362.910213333333,853.874714545455,349.707581818182
348884444160,348884477524,33364,853.874714545455,349.707581818182,870.499724444444,354.808615555556
348884610911,348884644173,33262,870.499724444444,354.808615555556,916.799891111111,354.867802222222
348884777542,348884961242,183700,916.799891111111,354.867802222222,378.908561,377.8282
348885277408,348885310959,33551,378.908561,377.8282,410.499369090909,369.101054545455
348885477414,348885510983,33569,410.499369090909,369.101054545455,440.674984242424,370.478207272727
348886044175,348886077433,33258,440.674984242424,370.478207272727,462.682410909091,363.912238181818
348886244173,348886277407,33234,462.682410909091,363.912238181818,500.164498,348.118628
348886427705,348886460759,33054,500.164498,348.118628,536.9256525,334.2459525
348886577439,348886610815,33376,536.9256525,334.2459525,575.8116925,327.991585
348886727712,348886844061,116349,575.8116925,327.991585,660.396475454545,331.001785454545
348887194128,348887244045,49917,660.396475454545,331.001785454545,714.732736666667,331.119255
348887427488,348887577421,149933,714.732736666667,331.119255,754.775528571429,317.576617142857
348887677409,348887710905,33496,754.775528571429,317.576617142857,810.000566666667,325.098965
348887894232,348887977295,83063,810.000566666667,325.098965,867.356754,328.248744
348888127367,348888160682,33315,867.356754,328.248744,874.46298,320.083075555556
348888294107,348888644336,350229,874.46298,320.083075555556,389.110885,293.9284
348888760618,348888794036,33418,389.110885,293.9284,387.222013846154,322.129887692308
348888994013,348889027577,33564,387.222013846154,322.129887692308,428.0732325,341.3381625
348889143935,348889177285,33350,428.0732325,341.3381625,444.857402105263,335.664522105263
348889477279,348889510664,33385,444.857402105263,335.664522105263,471.777608,339.132166
348889660500,348889694045,33545,471.777608,339.132166,509.282337777778,343.248017777778
348889827350,348889860513,33163,509.282337777778,343.248017777778,553.857208,333.726310666667
348890094055,348890143994,49939,553.857208,333.726310666667,613.7404025,348.132505
348890394021,348890427504,33483,613.7404025,348.132505,637.587815,350.154758333333
348890610579,348890643943,33364,637.587815,350.154758333333,674.540266666667,350.355706666667
348890827406,348890860499,33093,674.540266666667,350.355706666667,712.121508,346.48848
348891010572,348891110576,100004,712.121508,346.48848,798.140998461539,337.775770769231
348891310752,348891427220,116468,798.140998461539,337.775770769231,874.8791,346.094447692308
348891627226,348891660499,33273,874.8791,346.094447692308,898.360145333333,338.900576
348891893890,348891927233,33343,898.360145333333,338.900576,919.361831111111,341.838628888889
348892060380,348892177157,116777,919.361831111111,341.838628888889,373.253124285714,354.186088571429
348892393869,348892427235,33366,373.253124285714,354.186088571429,391.830875,349.33565
348892543794,348892577168,33374,391.830875,349.33565,427.105688,351.374426
348892727236,348892760375,33139,427.105688,351.374426,473.40058,359.381815
348892877034,348892927354,50320,473.40058,359.381815,510.95792,372.36248
348893027399,348893077038,49639,510.95792,372.36248,555.903345714286,379.271194285714
348893293917,348893327106,33189,555.903345714286,379.271194285714,552.357018947368,366.611869473684
348893627136,348893843660,216524,552.357018947368,366.611869473684,629.42194,413.900911111111
348893977039,348894010564,33525,629.42194,413.900911111111,646.357511428571,420.817488571429
348894110536,348894143668,33132,646.357511428571,420.817488571429,684.560393333333,407.69122
348894277036,348894310426,33390,684.560393333333,407.69122,715.277924444444,392.994844444444
348894443675,348894477025,33350,715.277924444444,392.994844444444,747.1957975,390.5571925
348894594218,348894677053,82835,747.1957975,390.5571925,795.0975475,409.31887
348894793732,348894827113,33381,795.0975475,409.31887,827.2154075,417.7037975
348894943678,348895043663,99985,827.2154075,417.7037975,906.926876,425.105244
