"start","end","duration","startx","starty","endx","endy"
345710214514,345710247577,33063,918.052633333333,585.217,900.204252857143,487.657045714286
345710464240,345710680837,216597,900.204252857143,487.657045714286,419.8615425,132.42588
345710797460,345710830725,33265,419.8615425,132.42588,382.740234545455,130.485352727273
345710997441,345711147383,149942,382.740234545455,130.485352727273,368.242686153846,114.527643076923
345711347424,345711447398,99974,368.242686153846,114.527643076923,451.9054675,111.73226
345711564264,345711597495,33231,451.9054675,111.73226,551.662269090909,99.8713509090909
345711764135,345711797662,33527,551.662269090909,99.8713509090909,616.951872,90.880016
345711947388,345711980786,33398,616.951872,90.880016,496.985128148148,119.396063703704
345712414025,345712664626,250601,496.985128148148,119.396063703704,517.358667333333,114.63286
345713147403,345713180668,33265,517.358667333333,114.63286,616.730133684211,92.4757884210526
345713480906,345713513990,33084,616.730133684211,92.4757884210526,659.914792631579,79.0497905263158
345713814057,345713847264,33207,659.914792631579,79.0497905263158,636.48313,72.7008071428571
345714064169,345714097472,33303,636.48313,72.7008071428571,706.878139333333,38.424914
345714580675,345714613887,33212,706.878139333333,38.424914,691.270027428571,48.1888977142857
345715180702,345715214258,33556,691.270027428571,48.1888977142857,732.378516,91.31014
345715365214,345715397328,32114,732.378516,91.31014,795.936729677419,80.9272470967742
345715997173,345716030480,33307,795.936729677419,80.9272470967742,864.960137647059,48.1597858823529
345716297197,345716330467,33270,864.960137647059,48.1597858823529,907.864035,54.44629125
345716580568,345716680763,100195,907.864035,54.44629125,337.688728888889,119.694125555556
345716963903,345716997181,33278,337.688728888889,119.694125555556,402.0093475,121.8627825
345717113788,345717213766,99978,402.0093475,121.8627825,500.98755,139.3256075
345717330475,345717513758,183283,500.98755,139.3256075,740.130066875,91.825148125
345718030356,345718065367,35011,740.130066875,91.825148125,826.597024705882,74.3646782352941
345718613768,345718647018,33250,826.597024705882,74.3646782352941,738.715335555556,86.4232877777778
345718930341,345718963897,33556,738.715335555556,86.4232877777778,823.222164,62.3889608
345719365702,345719513642,147940,823.222164,62.3889608,838.642875,58.033245
345719630335,345719666525,36190,838.642875,58.033245,664.489865333333,76.3168373333333
345719897446,345719930371,32925,664.489865333333,76.3168373333333,601.515751578947,86.270352631579
345720230235,345720263730,33495,601.515751578947,86.270352631579,477.586391111111,103.941113333333
345720547404,345720580294,32890,477.586391111111,103.941113333333,443.945561481482,98.711962962963
345721013643,345721046897,33254,443.945561481482,98.711962962963,510.061455555556,133.723593333333
345721180282,345721213646,33364,510.061455555556,133.723593333333,398.915116666667,165.887235
345721596953,345721680266,83313,398.915116666667,165.887235,886.846839230769,85.5439746153846
345722097212,345722130228,33016,886.846839230769,85.5439746153846,935.428637142857,61.1583971428571
345722230296,345722280283,49987,935.428637142857,61.1583971428571,603.428405714286,94.5303628571429
345722380286,345722413530,33244,603.428405714286,94.5303628571429,505.047352222222,107.246273333333
345722696940,345722897153,200213,505.047352222222,107.246273333333,585.520502727273,110.322769090909
345723246893,345723280161,33268,585.520502727273,110.322769090909,682.526594,107.595154
345723430125,345723564387,134262,682.526594,107.595154,660.815056363636,141.348972727273
345723730108,345723767214,37106,660.815056363636,141.348972727273,729.837325714286,111.012397142857
345723980165,345724013527,33362,729.837325714286,111.012397142857,808.607806,101.57527
345724330087,345724364920,34833,808.607806,101.57527,896.8030248,92.8874
345724764496,345724846764,82268,896.8030248,92.8874,429.821175,172.45713125
345725096833,345725129976,33143,429.821175,172.45713125,454.267444,240.818482
345725280057,345725365346,85289,454.267444,240.818482,562.538556,146.351544
345725513394,345725580122,66728,562.538556,146.351544,769.75190875,115.867255
345725829961,345725864288,34327,769.75190875,115.867255,848.381321428571,112.893358571429
345726313391,345726346639,33248,848.381321428571,112.893358571429,799.7249525,104.113535
345726729982,345726763528,33546,799.7249525,104.113535,881.87434,104.610152
345727163422,345727313262,149840,881.87434,104.610152,373.584457777778,222.323151111111
345727596709,345727663339,66630,373.584457777778,222.323151111111,470.075582857143,196.198911428571
345727765610,345727946656,181046,470.075582857143,196.198911428571,493.898264,131.470732
345728179964,345728213292,33328,493.898264,131.470732,576.207810666667,129.869056
345728696567,345728729877,33310,576.207810666667,129.869056,690.31838372093,141.126648372093
345729429854,345729463557,33703,690.31838372093,141.126648372093,794.315408,118.6316096
345729864481,345729896841,32360,794.315408,118.6316096,854.163385,137.970024545455
345730696770,345730729774,33004,854.163385,137.970024545455,857.181977777778,130.414828888889
345731013118,345731046449,33331,857.181977777778,130.414828888889,908.189151666667,99.0561633333333
345731229756,345731313135,83379,908.189151666667,99.0561633333333,368.7361496,200.658764
345731713034,345731746402,33368,368.7361496,200.658764,412.322655,167.52596875
345731996624,345732163191,166567,412.322655,167.52596875,477.762096,164.503994
345732313022,345732346388,33366,477.762096,164.503994,550.7819525,177.861424375
345732864646,345732896442,31796,550.7819525,177.861424375,642.197639130435,157.447275652174
345733264890,345733296431,31541,642.197639130435,157.447275652174,692.105915238095,177.567295238095
345733979680,345734046269,66589,692.105915238095,177.567295238095,718.613474285714,149.072531428571
345734146264,345734179712,33448,718.613474285714,149.072531428571,752.808095555556,126.325197777778
345734312909,345734463016,150107,752.808095555556,126.325197777778,807.720575,148.763173333333
345734646253,345734679689,33436,807.720575,148.763173333333,872.633008648649,139.187002162162
345735279937,345735312874,32937,872.633008648649,139.187002162162,929.835828571429,122.373161428571
345735529475,345735596331,66856,929.835828571429,122.373161428571,399.026209090909,206.317587272727
345735764637,345735796325,31688,399.026209090909,206.317587272727,355.596832,193.037809333333
345736029479,345736066115,36636,355.596832,193.037809333333,444.3813475,225.3835125
345736312886,345736346149,33263,444.3813475,225.3835125,537.68456125,215.63688875
345736596213,345736629478,33265,537.68456125,215.63688875,625.576367692308,190.012745384615
345737046146,345737079557,33411,625.576367692308,190.012745384615,650.3031075,209.742675
345737196226,345737229483,33257,650.3031075,209.742675,532.490830909091,198.649174545455
345737396196,345737429466,33270,532.490830909091,198.649174545455,379.747212727273,205.711402727273
345737779429,345737812789,33360,379.747212727273,205.711402727273,457.656126666667,222.596877777778
345737946144,345738062904,116760,457.656126666667,222.596877777778,751.083388571429,167.49339
345738279414,345738312797,33383,751.083388571429,167.49339,816.067362857143,152.578667142857
345738529357,345738796081,266724,816.067362857143,152.578667142857,905.148937,125.135268
345739112772,345739165252,52480,905.148937,125.135268,690.758887692308,177.128609230769
345739364666,345739396012,31346,690.758887692308,177.128609230769,680.955996470588,165.632570588235
345739664846,345739696304,31458,680.955996470588,165.632570588235,786.788276,168.450586666667
345739929353,345739962769,33416,786.788276,168.450586666667,848.232606,139.222736
345740112660,345740166279,53619,848.232606,139.222736,624.927104615385,204.382915384615
345740362752,345740396193,33441,624.927104615385,204.382915384615,626.571668571429,211.85604
345740496323,345740529227,32904,626.571668571429,211.85604,485.144606153846,218.009561538462
345740729244,345740764627,35383,485.144606153846,218.009561538462,410.425100740741,209.586391111111
345741196200,345741229233,33033,410.425100740741,209.586391111111,595.37754,212.203173333333
345741412664,345741679313,266649,595.37754,212.203173333333,662.515169565217,186.877337391304
345742045886,345742079330,33444,662.515169565217,186.877337391304,564.46554,204.801501818182
345742245889,345742279350,33461,564.46554,204.801501818182,481.317936153846,205.800174615385
345742696161,345742729105,32944,481.317936153846,205.800174615385,608.065860645161,238.974718064516
345743229121,345743262606,33485,608.065860645161,238.974718064516,653.431844,228.034992
345743412572,345743562612,150040,653.431844,228.034992,657.509850434783,220.902413043478
345743929097,345743964632,35535,657.509850434783,220.902413043478,726.942913913044,207.52639826087
345744329087,345744362467,33380,726.942913913044,207.52639826087,805.0284,159.883594545455
345744529110,345744564903,35793,805.0284,159.883594545455,892.895837391304,127.007279130435
345744929114,345745065461,136347,892.895837391304,127.007279130435,385.273193333333,214.949317777778
345745495837,345745529000,33163,385.273193333333,214.949317777778,478.483722222222,210.775077777778
345745662465,345745696199,33734,478.483722222222,210.775077777778,648.631273333333,190.618593333333
345746028976,345746195706,166730,648.631273333333,190.618593333333,668.865277272727,204.047479090909
345746545647,345746595709,50062,668.865277272727,204.047479090909,842.252952,164.836772
345746828966,345746864396,35430,842.252952,164.836772,906.719424210526,166.914423157895
345747162336,345747212285,49949,906.719424210526,166.914423157895,689.898678181818,210.263754545455
345747379035,345747412289,33254,689.898678181818,210.263754545455,633.854732727273,231.701256363636
345747578972,345747745641,166669,633.854732727273,231.701256363636,672.703235454546,231.998819090909
345748464343,345748495802,31459,672.703235454546,231.998819090909,783.902656521739,211.012013913043
345748862795,345748895598,32803,783.902656521739,211.012013913043,891.369072,204.555504
345749295576,345749328843,33267,891.369072,204.555504,926.933815862069,190.978642758621
345749795748,345749878915,83167,926.933815862069,190.978642758621,349.878574705882,271.395118235294
345750428713,345750465077,36364,349.878574705882,271.395118235294,428.310779555556,282.116672444444
345751195484,345751228747,33263,428.310779555556,282.116672444444,536.808934285714,262.889408571429
345751445603,345751478791,33188,536.808934285714,262.889408571429,646.772281052632,257.365436842105
345751778812,345751812006,33194,646.772281052632,257.365436842105,738.533836666667,236.011866
345752295418,345752328711,33293,738.533836666667,236.011866,810.977804166667,204.678384166667
345752712032,345752745734,33702,810.977804166667,204.678384166667,881.581265,238.95089
345752865008,345753012055,147047,881.581265,238.95089,838.342975,219.307442
345753328598,345753365357,36759,838.342975,219.307442,941.191752,219.172886
345753679274,345753712036,32762,941.191752,219.172886,754.396817142857,218.68032
345753812030,345753845272,33242,754.396817142857,218.68032,664.205759090909,248.896757272727
345754195585,345754228607,33022,664.205759090909,248.896757272727,612.479502222222,230.1718
345754365172,345754428597,63425,612.479502222222,230.1718,964.449690476191,192.813146666667
345754762014,345754862000,99986,964.449690476191,192.813146666667,347.175116551724,333.455228275862
345755328456,345755362024,33568,347.175116551724,333.455228275862,374.601562307692,306.835753076923
345755778552,345755811929,33377,374.601562307692,306.835753076923,407.04104,303.280734545455
345756095388,345756128480,33092,407.04104,303.280734545455,348.545050833333,311.222429166667
345756511918,345756545153,33235,348.545050833333,311.222429166667,439.109218,297.102263
345756864579,345756895206,30627,439.109218,297.102263,510.51254,287.826791111111
345757028475,345757211778,183303,510.51254,287.826791111111,928.213787619048,222.940640952381
345757545148,345757711806,166658,928.213787619048,222.940640952381,421.045408235294,281.442757058824
345758262076,345758295343,33267,421.045408235294,281.442757058824,513.103457142857,273.02001
345758511785,345758561899,50114,513.103457142857,273.02001,719.782075384615,256.008845384615
345758978440,345759011779,33339,719.782075384615,256.008845384615,632.881983529412,293.265054117647
345759278440,345759311630,33190,632.881983529412,293.265054117647,725.912811764706,262.235647058824
345759578339,345759611728,33389,725.912811764706,262.235647058824,754.800970769231,258.218126153846
345760028343,345760065419,37076,754.800970769231,258.218126153846,854.733550714286,265.84239
345760511660,345760545022,33362,854.733550714286,265.84239,774.794638139535,248.83942
345761244888,345761378354,133466,774.794638139535,248.83942,829.220770666667,246.078984
345761861608,345762065234,203626,829.220770666667,246.078984,844.745144571429,254.389410857143
345762628094,345762661740,33646,844.745144571429,254.389410857143,927.107868181818,229.410167272727
345763011491,345763078225,66734,927.107868181818,229.410167272727,377.497136470588,280.4828
345763344875,345763378174,33299,377.497136470588,280.4828,369.026492173913,297.880887826087
345763744768,345763778169,33401,369.026492173913,297.880887826087,457.192812727273,292.924561818182
345763944773,345763978181,33408,457.192812727273,292.924561818182,568.6957175,301.7916725
345764094966,345764278180,183214,568.6957175,301.7916725,561.722551428571,306.752931428571
345764378179,345764411427,33248,561.722551428571,306.752931428571,667.948668235294,278.259762352941
345764678929,345764711421,32492,667.948668235294,278.259762352941,753.268385454546,289.163062727273
345765064638,345765094834,30196,753.268385454546,289.163062727273,826.109665714286,281.808915
345765544771,345765578105,33334,826.109665714286,281.808915,872.49006,261.982928387097
345766078047,345766167256,89209,872.49006,261.982928387097,601.13143,288.64285
345766344631,345766378127,33496,601.13143,288.64285,485.88351,290.840003333333
345766564597,345766594714,30117,485.88351,290.840003333333,383.00904375,282.1438975
345766844645,345766878038,33393,383.00904375,282.1438975,521.409567619048,297.464094285714
345767211291,345767244644,33353,521.409567619048,297.464094285714,606.534934545455,302.138030909091
345767411310,345767444645,33335,606.534934545455,302.138030909091,744.135292857143,271.970855714286
345767661524,345767694883,33359,744.135292857143,271.970855714286,817.808045,254.26005
345767811290,345767865059,53769,817.808045,254.26005,759.304855,303.296498333333
345768044667,345768077927,33260,759.304855,303.296498333333,709.152348947368,297.01067
345768694582,345768727854,33272,709.152348947368,297.01067,804.988332380952,267.892408571429
345769063668,345769094791,31123,804.988332380952,267.892408571429,847.082264736842,275.416648947368
345769711304,345769911170,199866,847.082264736842,275.416648947368,365.991337142857,311.135027619048
345770244555,345770277803,33248,365.991337142857,311.135027619048,404.938976,318.293646
345770427742,345770577855,150113,404.938976,318.293646,950.355272222222,262.383481111111
345770861233,345770894592,33359,950.355272222222,262.383481111111,906.99894,285.401831666667
345771077816,345771144387,66571,906.99894,285.401831666667,361.471641818182,338.257916363636
345771494573,345771644396,149823,361.471641818182,338.257916363636,921.133216595745,248.323413191489
345772411025,345772494453,83428,921.133216595745,248.323413191489,444.740164210526,315.727115789474
345772794454,345772827594,33140,444.740164210526,315.727115789474,552.880906153846,316.390966923077
345773244401,345773277706,33305,552.880906153846,316.390966923077,705.1248075,296.7592375
345773527609,345773563687,36078,705.1248075,296.7592375,774.162009166667,283.84654
345773944263,345773977692,33429,774.162009166667,283.84654,718.300001666667,301.026656666667
345774161095,345774194303,33208,718.300001666667,301.026656666667,862.592326153846,293.979943076923
