"start","end","duration","startx","starty","endx","endy"
8271392201,8271425708,33507,721.055737777778,501.421371111111,728.93556,357.032148571429
8271525660,8271559312,33652,728.93556,357.032148571429,612.449505,290.87611
8271675532,8271742356,66824,612.449505,290.87611,409.146913043478,168.066562608696
8272108817,8272175582,66765,409.146913043478,168.066562608696,525.868524210526,194.118976842105
8272475492,8272525563,50071,525.868524210526,194.118976842105,411.013574545455,103.392118181818
8272692158,8272725580,33422,411.013574545455,103.392118181818,531.73193,100.820975
8272842217,8272875434,33217,531.73193,100.820975,626.283056923077,82.3903138461538
8273075446,8273108826,33380,626.283056923077,82.3903138461538,546.321822222222,59.7251533333333
8273242372,8273275436,33064,546.321822222222,59.7251533333333,439.237998461538,52.9305723076923
8273475475,8273558876,83401,439.237998461538,52.9305723076923,620.552545384615,75.0811815384615
8273975501,8274142083,166582,620.552545384615,75.0811815384615,472.271976,150.947208
8274292030,8274592078,300048,472.271976,150.947208,563.826064444444,180.636428888889
8274726368,8274758987,32619,563.826064444444,180.636428888889,576.416696,149.826029333333
8274992027,8275026050,34023,576.416696,149.826029333333,678.094179473684,145.829973684211
8275642087,8275675315,33228,678.094179473684,145.829973684211,779.95094,143.696770666667
8275908687,8275942080,33393,779.95094,143.696770666667,868.770271428572,130.49656
8276041982,8276126122,84140,868.770271428572,130.49656,416.561769,159.903294
8276441989,8276591903,149914,416.561769,159.903294,612.77966,188.955016666667
8276775327,8276808564,33237,612.77966,188.955016666667,730.383788888889,176.944322222222
8276942304,8276975330,33026,730.383788888889,176.944322222222,840.222819,162.064486
8277291915,8277358591,66676,840.222819,162.064486,416.444534782609,187.922055652174
8277726162,8277758606,32444,416.444534782609,187.922055652174,506.412857272727,206.575447272727
8278108564,8278142120,33556,506.412857272727,206.575447272727,611.702096666667,209.635053333333
8278325332,8278358619,33287,611.702096666667,209.635053333333,721.466877333333,204.866439333333
8278841850,8278875172,33322,721.466877333333,204.866439333333,842.809903809524,186.119279047619
8279208434,8279242023,33589,842.809903809524,186.119279047619,772.286314285714,106.636065714286
8279341998,8279458508,116510,772.286314285714,106.636065714286,497.183159130435,195.282330434783
8279825325,8279858492,33167,497.183159130435,195.282330434783,437.8945725,199.945765
8279975064,8280041853,66789,437.8945725,199.945765,820.138176666667,180.820962222222
8280325231,8280408441,83210,820.138176666667,180.820962222222,438.4754025,248.8099975
8280525235,8280608445,83210,438.4754025,248.8099975,390.430353333333,193.077971111111
8280741842,8280775085,33243,390.430353333333,193.077971111111,495.19396,217.588373333333
8280908434,8280941716,33282,495.19396,217.588373333333,616.079515,229.360405
8281258501,8281291675,33174,616.079515,229.360405,737.947025581395,214.393281860465
8281991682,8282025368,33686,737.947025581395,214.393281860465,841.71917948718,205.149277435897
8282658521,8282791693,133172,841.71917948718,205.149277435897,401.748820833333,231.895670833333
8283174929,8283208322,33393,401.748820833333,231.895670833333,506.598275625,235.692651875
8283725792,8283758360,32568,506.598275625,235.692651875,633.677593333333,240.290309333333
8283991532,8284091535,100003,633.677593333333,240.290309333333,601.767694117647,238.032261176471
8284358410,8284391526,33116,601.767694117647,238.032261176471,743.553704,231.802596
8284791534,8284825082,33548,743.553704,231.802596,858.89849,222.360162
8284974845,8285041705,66860,858.89849,222.360162,424.455862857143,248.90512
8285258541,8285291513,32972,424.455862857143,248.90512,548.12494875,264.32909625
8285541785,8285674817,133032,548.12494875,264.32909625,688.553844285714,269.471211428571
8285891424,8285928684,37260,688.553844285714,269.471211428571,799.13402,253.717627368421
8286224922,8286391406,166484,799.13402,253.717627368421,459.61637,273.730405
8286508190,8286541471,33281,459.61637,273.730405,411.733482,277.255348
8286691388,8286725724,34336,411.733482,277.255348,491.037651111111,259.09038
8286858103,8286891423,33320,491.037651111111,259.09038,572.602395,273.14708
8287008077,8287058125,50048,572.602395,273.14708,640.052862857143,237.271702857143
8287158110,8287274846,116736,640.052862857143,237.271702857143,718.934155,248.4904575
8287391418,8287424966,33548,718.934155,248.4904575,803.54322,256.245868571429
8287641612,8287674686,33074,803.54322,256.245868571429,875.778886,249.014672
8287824859,8287891425,66566,875.778886,249.014672,413.766889411765,289.11
8288158129,8288191404,33275,413.766889411765,289.11,447.054511428571,297.725791428571
8288291300,8288441352,150052,447.054511428571,297.725791428571,434.453266666667,306.755333333333
8288574687,8288608068,33381,434.453266666667,306.755333333333,527.270496363636,311.023000909091
8288958104,8288991298,33194,527.270496363636,311.023000909091,648.55026,290.996184444444
8289374680,8289941394,566714,648.55026,290.996184444444,831.336465,226.503875
8290058038,8290158214,100176,831.336465,226.503875,922.515475555556,327.354848888889
8290291274,8290391284,100010,922.515475555556,327.354848888889,355.878788571429,240.22682
8290491302,8290741310,250008,355.878788571429,240.22682,475.2380648,320.6483104
8291141271,8291174571,33300,475.2380648,320.6483104,532.023116666667,319.2755575
8291557999,8291591238,33239,532.023116666667,319.2755575,614.132952,319.637334666667
8292074582,8292107817,33235,614.132952,319.637334666667,536.582622222222,308.512106666667
8292241217,8292274582,33365,536.582622222222,308.512106666667,699.865396,311.0223504
8292674448,8292707828,33380,699.865396,311.0223504,823.734718888889,298.091534444444
8292991163,8293107818,116655,823.734718888889,298.091534444444,761.088255555556,291.4572
8293241210,8293274446,33236,761.088255555556,291.4572,754.397067272727,339.234316363636
8293441113,8293474457,33344,754.397067272727,339.234316363636,785.200111428572,336.671791428571
8293574437,8293607817,33380,785.200111428572,336.671791428571,605.285681818182,335.078365454545
8293774454,8293807812,33358,605.285681818182,335.078365454545,541.15102,329.0561
8293928348,8293957887,29539,541.15102,329.0561,708.601353846154,337.78326
8294157869,8294407688,249819,708.601353846154,337.78326,826.223434285714,312.3835
8294507691,8294757797,250106,826.223434285714,312.3835,804.24756,242.9066875
8294874437,8294907687,33250,804.24756,242.9066875,879.32971,221.90624
8295024451,8295107696,83245,879.32971,221.90624,424.592573333333,330.566064444444
8295241116,8295274321,33205,424.592573333333,330.566064444444,420.528646666667,337.524897142857
8295607693,8295641199,33506,420.528646666667,337.524897142857,522.27536,349.78539
8295824465,8295857733,33268,522.27536,349.78539,604.864069,346.469529
8296174326,8296640980,466654,604.864069,346.469529,813.862168571429,298.76696
8296826193,8296857605,31412,813.862168571429,298.76696,850.403491111111,288.282348888889
8296990911,8297025652,34741,850.403491111111,288.282348888889,842.8093325,354.011195
8297141065,8297207559,66494,842.8093325,354.011195,422.930163478261,362.753910434783
8297574201,8297607565,33364,422.930163478261,362.753910434783,551.504728888889,361.884532222222
8297890912,8298107569,216657,551.504728888889,361.884532222222,692.93834,355.428182857143
8298207548,8298240977,33429,692.93834,355.428182857143,643.886663333333,345.243182222222
8298524362,8298840854,316492,643.886663333333,345.243182222222,937.69994,229.662505714286
8298940944,8299024322,83378,937.69994,229.662505714286,402.713186666667,362.057226666667
8299207452,8299257515,50063,402.713186666667,362.057226666667,515.026646666667,354.856003333333
8299440831,8299474193,33362,515.026646666667,354.856003333333,630.759710526316,357.803852631579
8299757501,8299790884,33383,630.759710526316,357.803852631579,748.370162,376.003664
8299940945,8299990825,49880,748.370162,376.003664,911.468119354839,396.139358709677
