"start","end","duration","startx","starty","endx","endy"
23676798062,23676831583,33521,452.139612307692,247.163164615385,448.029598,208.202168
23676981492,23677014706,33214,448.029598,208.202168,428.075293684211,132.220331578947
23677314680,23677348145,33465,428.075293684211,132.220331578947,527.213342,130.57225
23677498071,23677531587,33516,527.213342,130.57225,657.921788571429,134.809444285714
23677748332,23677781340,33008,657.921788571429,134.809444285714,669.361232,138.934188
23678098110,23678248341,150231,669.361232,138.934188,397.662315833333,170.57711875
23679034880,23679064760,29880,397.662315833333,170.57711875,512.264532820513,187.139668717949
23679697980,23679731571,33591,512.264532820513,187.139668717949,596.144686428572,199.018011428571
23680181351,23680214605,33254,596.144686428572,199.018011428571,705.817297857143,192.408330714286
23680664647,23680697945,33298,705.817297857143,192.408330714286,801.251383125,188.692233125
23681214591,23681247878,33287,801.251383125,188.692233125,860.868883529412,181.9343
23681514600,23681581239,66639,860.868883529412,181.9343,389.916492,189.827846
23682064500,23682231390,166890,389.916492,189.827846,452.848186,195.102286
23682714475,23682748016,33541,452.848186,195.102286,539.40532173913,208.859480869565
23683114441,23683381145,266704,539.40532173913,208.859480869565,664.102908181818,201.123509090909
23683731221,23683764498,33277,664.102908181818,201.123509090909,737.081063684211,207.960281052632
23684381062,23684414320,33258,737.081063684211,207.960281052632,845.9845675,196.810230833333
23685197964,23685331030,133066,845.9845675,196.810230833333,399.264445,194.5214375
23685447921,23685480949,33028,399.264445,194.5214375,403.936648,207.737948
23686131080,23686164377,33297,403.936648,207.737948,497.722587027027,221.316331891892
23686764386,23686897596,133210,497.722587027027,221.316331891892,600.22206875,217.38703875
23687414211,23687447617,33406,600.22206875,217.38703875,660.496445106383,236.428014468085
23688214227,23688247758,33531,660.496445106383,236.428014468085,742.182434461538,226.781640615385
23689314538,23689347503,32965,742.182434461538,226.781640615385,840.393312537313,220.428185074627
23690447590,23690480697,33107,840.393312537313,220.428185074627,888.44688,203.713086666667
23690764151,23690847601,83450,888.44688,203.713086666667,407.761961025641,214.69893025641
23691480730,23691514107,33377,407.761961025641,214.69893025641,504.108953076923,220.659051538462
23691930778,23691964016,33238,504.108953076923,220.659051538462,590.59175875,235.43925625
23692480731,23692647366,166635,590.59175875,235.43925625,674.987682222222,249.267571111111
23692930682,23692964268,33586,674.987682222222,249.267571111111,744.90692,237.36838
23693397290,23693430729,33439,744.90692,237.36838,847.237248695652,231.880436521739
23693797147,23693880602,83455,847.237248695652,231.880436521739,399.873026470588,247.119626470588
23694430661,23694463888,33227,399.873026470588,247.119626470588,504.013278823529,266.758754117647
23694730693,23694763887,33194,504.013278823529,266.758754117647,576.189009393939,256.03122030303
23695847334,23695880475,33141,576.189009393939,256.03122030303,666.668539375,257.72224
23696397078,23696430582,33504,666.668539375,257.72224,743.786334545455,249.93908
23696963997,23696997053,33056,743.786334545455,249.93908,847.476964210526,243.192098947368
23697613731,23697747319,133588,847.476964210526,243.192098947368,406.726822380952,252.781782857143
23698430447,23698463749,33302,406.726822380952,252.781782857143,505.446323529412,266.079734117647
23698730456,23698763764,33308,505.446323529412,266.079734117647,579.441661052632,277.023147368421
23699380387,23699563895,183508,579.441661052632,277.023147368421,687.7283424,263.4070488
23699963644,23699996935,33291,687.7283424,263.4070488,777.325634146341,267.133773658537
23700663651,23700696953,33302,777.325634146341,267.133773658537,866.337850526316,265.858058947368
23701313604,23701380240,66636,866.337850526316,265.858058947368,384.979634,277.979854666667
23701863524,23701896832,33308,384.979634,277.979854666667,436.618991428571,273.986322285714
23702463513,23702496825,33312,436.618991428571,273.986322285714,517.640628275862,283.358704137931
23702963615,23702996828,33213,517.640628275862,283.358704137931,578.9606088,291.5256304
23703396814,23703580103,183289,578.9606088,291.5256304,676.362431612903,287.79046516129
23704080112,23704113468,33356,676.362431612903,287.79046516129,751.148904666667,289.884790666667
23704596704,23704630185,33481,751.148904666667,289.884790666667,828.523678461539,278.250788846154
23705479971,23705513439,33468,828.523678461539,278.250788846154,885.066666896552,285.731702758621
23705979977,23706046723,66746,885.066666896552,285.731702758621,418.016970909091,295.639305454545
23706213366,23706246757,33391,418.016970909091,295.639305454545,406.562267636364,296.845639636364
23707146635,23707179995,33360,406.562267636364,296.845639636364,492.8287616,297.6158144
23707579989,23707613252,33263,492.8287616,297.6158144,575.744433333333,295.118944166667
23707996574,23708029929,33355,575.744433333333,295.118944166667,670.499554285714,310.947265238095
23708713257,23708746494,33237,670.499554285714,310.947265238095,792.484292307692,306.630186538462
23710463168,23710496452,33284,792.484292307692,306.630186538462,870.8738525,301.112165
23710879728,23710946482,66754,870.8738525,301.112165,412.040400851064,301.808090212766
23711812985,23711846373,33388,412.040400851064,301.808090212766,497.498633,314.6373405
23712496324,23712529849,33525,497.498633,314.6373405,590.558955652174,304.224725652174
23713279648,23713313270,33622,590.558955652174,304.224725652174,681.093936,312.331902666667
23713796221,23713829709,33488,681.093936,312.331902666667,671.475005405405,304.716128108108
23714429712,23714462894,33182,671.475005405405,304.716128108108,707.909655555556,281.89616
23714596202,23714779603,183401,707.909655555556,281.89616,802.379694285714,275.440613571429
23715229579,23715263053,33474,802.379694285714,275.440613571429,883.499946086957,280.92558173913
23715629570,23715696179,66609,883.499946086957,280.92558173913,403.475292307692,294.109316923077
23716112816,23716146221,33405,403.475292307692,294.109316923077,483.881133103448,306.157771034483
23716612882,23716646205,33323,483.881133103448,306.157771034483,600.753943,317.522665
23716963011,23716996085,33074,600.753943,317.522665,673.0895,318.31363826087
23717363013,23717396043,33030,673.0895,318.31363826087,773.7129025,320.088805833333
23717779344,23717812725,33381,773.7129025,320.088805833333,863.134674,312.769427
23718129587,23718212723,83136,863.134674,312.769427,388.768028,314.3429544
23718612728,23718829466,216738,388.768028,314.3429544,495.697066046512,312.63106372093
23719512590,23719546017,33427,495.697066046512,312.63106372093,578.250179333333,328.465443333333
23720512603,23720546162,33559,578.250179333333,328.465443333333,657.147816949153,328.549659661017
23721495812,23721529340,33528,657.147816949153,328.549659661017,696.503409230769,323.809761538462
23721729364,23721762538,33174,696.503409230769,323.809761538462,569.380916363636,322.201489090909
23722295804,23722329380,33576,569.380916363636,322.201489090909,754.522515833333,328.3083775
23722712485,23722745872,33387,754.522515833333,328.3083775,831.21122,325.798301212121
23723279128,23723312480,33352,831.21122,325.798301212121,886.033584444445,313.98312
23723445889,23723529222,83333,886.033584444445,313.98312,402.663143703704,324.144311111111
23723962541,23723995679,33138,402.663143703704,324.144311111111,533.007851538462,308.101288461538
23724512358,23724545902,33544,533.007851538462,308.101288461538,604.377519333333,336.216865333333
23725029220,23725062622,33402,604.377519333333,336.216865333333,692.90800875,339.90406625
23725578995,23725612342,33347,692.90800875,339.90406625,801.180123829787,343.100858723404
23726378986,23726412356,33370,801.180123829787,343.100858723404,878.060819375,336.8449825
23726929143,23726995559,66416,878.060819375,336.8449825,399.978198461538,349.100778461538
23727195515,23727229039,33524,399.978198461538,349.100778461538,400.899088,349.249504
23727462362,23727678861,216499,400.899088,349.249504,449.959100909091,352.831151818182
23728028944,23728062318,33374,449.959100909091,352.831151818182,534.927037619048,358.384126190476
23728745521,23728778850,33329,534.927037619048,358.384126190476,626.544597435897,358.428600512821
23729412114,23729445512,33398,626.544597435897,358.428600512821,741.314730666667,365.219187
23730428818,23730462148,33330,741.314730666667,365.219187,839.339466486487,364.349694594595
23731062191,23731095316,33125,839.339466486487,364.349694594595,877.370733061225,362.318964081633
23731895312,23731978712,83400,877.370733061225,362.318964081633,387.669338,368.198068666667
23732462020,23732628676,166656,387.669338,368.198068666667,539.037715555556,381.385667222222
23733211983,23733245412,33429,539.037715555556,381.385667222222,643.179496363636,370.93775
23733595203,23733628773,33570,643.179496363636,370.93775,739.516935,373.476594285714
23734078657,23734162041,83384,739.516935,373.476594285714,389.242706666667,165.64312
23734495205,23734528584,33379,389.242706666667,165.64312,474.832689565217,161.385313913043
23734895224,23734928687,33463,474.832689565217,161.385313913043,556.070909411765,173.561662352941
23735195176,23735378500,183324,556.070909411765,173.561662352941,656.917172592593,190.199471111111
23735811856,23735845249,33393,656.917172592593,190.199471111111,750.630830769231,181.85667
23736261912,23736295060,33148,750.630830769231,181.85667,693.988344347826,194.277786086957
23736661916,23736695078,33162,693.988344347826,194.277786086957,833.724217037037,190.091460740741
23737128621,23737295046,166425,833.724217037037,190.091460740741,392.330845714286,202.303615
23737745200,23737895093,149893,392.330845714286,202.303615,503.377090344828,232.453970344828
23738361802,23738395110,33308,503.377090344828,232.453970344828,594.623437674419,228.957490697674
23739094960,23739128444,33484,594.623437674419,228.957490697674,648.442075625,232.0386175
23739645002,23739678352,33350,648.442075625,232.0386175,774.987558222222,232.811275555556
23740411607,23740445008,33401,774.987558222222,232.811275555556,850.795449411765,214.46603
23740994808,23741061645,66837,850.795449411765,214.46603,398.281987692308,220.125581538462
23741261649,23741294842,33193,398.281987692308,220.125581538462,421.966870833333,228.987986666667
23741678228,23741711604,33376,421.966870833333,228.987986666667,495.664869333333,237.407918666667
23741944924,23741978203,33279,495.664869333333,237.407918666667,607.439672941176,252.733736470588
23742528314,23742561542,33228,607.439672941176,252.733736470588,689.7465912,252.832444
23742961805,23742994814,33009,689.7465912,252.832444,785.36191125,244.30125125
23743244937,23743278114,33177,785.36191125,244.30125125,863.465638333333,233.216703333333
23743461662,23743528230,66568,863.465638333333,233.216703333333,421.7342,245.427253333333
23744011480,23744278107,266627,421.7342,245.427253333333,586.573447666667,256.338637333333
23745261709,23745294677,32968,586.573447666667,256.338637333333,676.219444347826,256.306699130435
23746044847,23746077986,33139,676.219444347826,256.306699130435,750.672168,263.589717333333
23746561419,23746594555,33136,750.672168,263.589717333333,841.666143571429,250.476331428571
23747044618,23747194576,149958,841.666143571429,250.476331428571,399.111,250.604098461538
23747394602,23747428136,33534,399.111,250.604098461538,414.03073862069,263.853904137931
23747894586,23748061281,166695,414.03073862069,263.853904137931,529.720625185185,258.60102
23748494433,23748527983,33550,529.720625185185,258.60102,620.140902857143,277.912094285714
23749094465,23749128505,34040,620.140902857143,277.912094285714,710.033762580645,284.636983225806
23749627954,23749661414,33460,710.033762580645,284.636983225806,729.103764651163,267.46524372093
23750361202,23750394465,33263,729.103764651163,267.46524372093,772.100936428571,264.891904285714
23750844612,23750877736,33124,772.100936428571,264.891904285714,783.378903125,229.543335
23751394335,23751428252,33917,783.378903125,229.543335,693.450800714286,207.243882857143
23751877735,23751910976,33241,693.450800714286,207.243882857143,761.137232727273,187.14948
23752261033,23752294334,33301,761.137232727273,187.14948,841.215344444444,179.876504444444
23752427849,23752494317,66468,841.215344444444,179.876504444444,401.278146875,180.840170625
23753010999,23753044389,33390,401.278146875,180.840170625,522.671561052632,253.9755
23753344302,23753377613,33311,522.671561052632,253.9755,587.094792173913,273.403264347826
23753744248,23753777600,33352,587.094792173913,273.403264347826,661.323167777778,276.573613333333
23754061038,23754244280,183242,661.323167777778,276.573613333333,753.229832727273,266.877533636364
23754594229,23754628313,34084,753.229832727273,266.877533636364,857.405968275862,278.124913793103
23755094225,23755177496,83271,857.405968275862,278.124913793103,396.660354666667,283.029508
23755410862,23755444262,33400,396.660354666667,283.029508,402.079337894737,305.420750526316
23755744298,23755777489,33191,402.079337894737,305.420750526316,446.520716470588,309.724567647059
23756427616,23756460898,33282,446.520716470588,309.724567647059,533.3479,308.473247428571
23757027601,23757060798,33197,533.3479,308.473247428571,637.455196875,316.048001875
23757577355,23757610749,33394,637.455196875,316.048001875,730.688814285714,314.98452
23758060790,23758094182,33392,730.688814285714,314.98452,826.439274814815,320.531448888889
23758527490,23758560787,33297,826.439274814815,320.531448888889,878.75148,313.27552
23758693940,23758760794,66854,878.75148,313.27552,425.611003448276,324.570069655172
23759227523,23759260913,33390,425.611003448276,324.570069655172,521.450079411765,331.403392352941
23759810602,23759844037,33435,521.450079411765,331.403392352941,628.718844705882,321.623157647059
23760110603,23760277233,166630,628.718844705882,321.623157647059,700.125757857143,321.165735
23760844010,23760877235,33225,700.125757857143,321.165735,671.438082857143,331.617671428571
23761093842,23761128427,34585,671.438082857143,331.617671428571,793.66693025641,331.558232307692
23761760537,23761793857,33320,793.66693025641,331.558232307692,876.526391,332.212463
23762110465,23762177198,66733,876.526391,332.212463,404.571015833333,332.182935833333
23762560558,23762593834,33276,404.571015833333,332.182935833333,487.592149090909,342.29595
23762943872,23762977097,33225,487.592149090909,342.29595,582.244892631579,335.954384210526
23763277116,23763310471,33355,582.244892631579,335.954384210526,680.794138947368,342.032047368421
23763928427,23764110489,182062,680.794138947368,342.032047368421,808.306269166667,330.341516666667
23764493694,23764527215,33521,808.306269166667,330.341516666667,883.646313846154,337.646523076923
23764943743,23765010357,66614,883.646313846154,337.646523076923,411.7061225,331.476195
23765127638,23765160631,32993,411.7061225,331.476195,397.711972941176,348.282029411765
23765427900,23765560625,132725,397.711972941176,348.282029411765,499.645307586207,345.270693103448
23766027102,23766060410,33308,499.645307586207,345.270693103448,607.680328571429,361.288563809524
23766393587,23766427107,33520,607.680328571429,361.288563809524,618.385993333333,287.364286666667
23766560408,23766593560,33152,618.385993333333,287.364286666667,688.471387058824,369.090292941176
23767143647,23767327061,183414,688.471387058824,369.090292941176,761.70808,363.84305
23767610200,23767643765,33565,761.70808,363.84305,846.449772941177,371.878496470588
23767910234,23767943729,33495,846.449772941177,371.878496470588,907.0343875,406.86476
