"start","end","duration","startx","starty","endx","endy"
368536713696,368536846643,132947,894.814094666667,152.798416,690.233685714286,120.286111428571
368536946658,368537013465,66807,690.233685714286,120.286111428571,501.780606666667,78.6287244444444
368537146634,368537180110,33476,501.780606666667,78.6287244444444,398.06278875,51.77458625
368537430044,368537513559,83515,398.06278875,51.77458625,484.101808571429,46.5389814285714
368537730069,368537763283,33214,484.101808571429,46.5389814285714,520.788008,43.430416
368537913626,368537946615,32989,520.788008,43.430416,635.072894666667,50.2680693333333
368538180975,368538213363,32388,635.072894666667,50.2680693333333,743.754508571429,48.71209
368538429914,368538463269,33355,743.754508571429,48.71209,823.1140725,41.9568075
368538583024,368538646733,63709,823.1140725,41.9568075,402.367024615385,37.6169292307692
368538846505,368538880058,33553,402.367024615385,37.6169292307692,404.853726153846,22.6485030769231
368539296557,368539329926,33369,404.853726153846,22.6485030769231,442.852907142857,13.53521
368539546476,368539580119,33643,442.852907142857,13.53521,561.866793333333,24.3255311111111
368539863151,368539946533,83382,561.866793333333,24.3255311111111,747.26677,15.481834
368540096653,368540129907,33254,747.26677,15.481834,857.099848235294,15.1390164705882
368540396566,368540429794,33228,857.099848235294,15.1390164705882,895.397397777778,6.29466444444444
368540563160,368540646498,83338,895.397397777778,6.29466444444444,382.675763478261,46.4237721739131
368541013227,368541046487,33260,382.675763478261,46.4237721739131,441.443376666667,72.0705616666667
368541329791,368541396428,66637,441.443376666667,72.0705616666667,773.599285714286,36.1255
368541496469,368541529786,33317,773.599285714286,36.1255,855.653067692308,13.4763630769231
368541729870,368541763143,33273,855.653067692308,13.4763630769231,898.030797333333,16.9877
368541996487,368542063163,66676,898.030797333333,16.9877,451.928248,59.471882
368542213185,368542246368,33183,451.928248,59.471882,376.452176666667,55.4857211111111
368542529809,368542613097,83288,376.452176666667,55.4857211111111,526.357334666667,61.2044293333333
368542846372,368542881323,34951,526.357334666667,61.2044293333333,513.861762,64.8274
368543029642,368543063032,33390,513.861762,64.8274,637.422815454546,50.61704
368543413112,368543463024,49912,637.422815454546,50.61704,411.630241666667,117.679678333333
368543646367,368543946253,299886,411.630241666667,117.679678333333,356.936224848485,118.160778181818
368544480754,368544513065,32311,356.936224848485,118.160778181818,424.989991612903,136.96254
368545012963,368545046250,33287,424.989991612903,136.96254,520.809360606061,126.972116363636
368545581114,368545612970,31856,520.809360606061,126.972116363636,590.557297333333,127.100902666667
368546096343,368546129528,33185,590.557297333333,127.100902666667,436.60843125,122.24878125
368546381396,368546413711,32315,436.60843125,122.24878125,373.035136428571,130.713289285714
368546946137,368546979647,33510,373.035136428571,130.713289285714,433.060266451613,159.024827741935
368547481602,368547513091,31489,433.060266451613,159.024827741935,439.0715072,139.462016
368547913106,368547946113,33007,439.0715072,139.462016,463.110788275862,130.979000689655
368548412925,368548446123,33198,463.110788275862,130.979000689655,532.635784,135.764564
368548596193,368548629398,33205,532.635784,135.764564,681.26755,129.273906428571
368549081440,368549112846,31406,681.26755,129.273906428571,769.500968837209,112.414253953488
368549812817,368549846001,33184,769.500968837209,112.414253953488,881.3394984,111.5005672
368550662646,368550729294,66648,881.3394984,111.5005672,386.997946666667,136.94224
368550912736,368550945996,33260,386.997946666667,136.94224,341.41204,122.748274
368551096161,368551281390,185229,341.41204,122.748274,386.961153571429,166.3165
368551729294,368551762649,33355,386.961153571429,166.3165,406.788272258065,162.369009677419
368552262538,368552295996,33458,406.788272258065,162.369009677419,374.604752,148.740686
368552445875,368552480537,34662,374.604752,148.740686,462.8865955,170.237256
368553129173,368553162518,33345,462.8865955,170.237256,568.585281666667,157.168091666667
368553545862,368553581470,35608,568.585281666667,157.168091666667,551.863846153846,146.625841025641
368554212590,368554245767,33177,551.863846153846,146.625841025641,639.240711428571,121.977841904762
368554581099,368554612609,31510,639.240711428571,121.977841904762,722.295360645161,122.754917419355
368555112485,368555145772,33287,722.295360645161,122.754917419355,794.448226,104.576366
368555462398,368555495785,33387,794.448226,104.576366,882.1662125,60.4331933333333
368555879104,368555912726,33622,882.1662125,60.4331933333333,899.049869565217,95.3246843478261
368556662438,368556745640,83202,899.049869565217,95.3246843478261,388.848902325581,136.013630232558
368557445661,368557495696,50035,388.848902325581,136.013630232558,548.079258461539,127.729610769231
368557695731,368557729055,33324,548.079258461539,127.729610769231,679.968669333333,132.369753333333
368557962288,368557995607,33319,679.968669333333,132.369753333333,466.120278666667,140.376628
368558228892,368558262265,33373,466.120278666667,140.376628,538.298958571429,132.26173
368558480721,368558512347,31626,538.298958571429,132.26173,547.900373333333,136.32214952381
368558845492,368558895564,50072,547.900373333333,136.32214952381,433.488186666667,119.973782222222
368559028880,368559062291,33411,433.488186666667,119.973782222222,378.763447272727,146.407294545455
368559595586,368559795566,199980,378.763447272727,146.407294545455,615.135061875,134.550558125
368560312227,368560345493,33266,615.135061875,134.550558125,491.920823703704,159.046602222222
368560780428,368560812230,31802,491.920823703704,159.046602222222,603.18169375,148.04858875
368561062159,368561095452,33293,603.18169375,148.04858875,715.935910769231,150.569577948718
368561728788,368561762143,33355,715.935910769231,150.569577948718,825.122452413793,141.037682758621
368562228779,368562262036,33257,825.122452413793,141.037682758621,888.921506923077,148.189213846154
368562678910,368562762027,83117,888.921506923077,148.189213846154,397.026087142857,188.281892857143
368562981174,368563012090,30916,397.026087142857,188.281892857143,387.807442857143,163.557452380952
368563345371,368563381634,36263,387.807442857143,163.557452380952,454.810246666667,169.77586
368563662039,368563695351,33312,454.810246666667,169.77586,558.366569655172,177.92608
368564162030,368564195352,33322,558.366569655172,177.92608,687.97693,174.784988888889
368564480852,368564511969,31117,687.97693,174.784988888889,777.527910909091,149.75131030303
368565045235,368565080074,34839,777.527910909091,149.75131030303,655.620681428572,167.603135714286
368565295319,368565328555,33236,655.620681428572,167.603135714286,568.883013636364,166.425577272727
368565678621,368565745235,66614,568.883013636364,166.425577272727,859.358010833333,150.7416775
368566128526,368566161908,33382,859.358010833333,150.7416775,881.730435,151.6222875
368566545113,368566628540,83427,881.730435,151.6222875,394.916277142857,188.1714
368566845116,368566878656,33540,394.916277142857,188.1714,398.26818,196.988791428571
368567445114,368567478625,33511,398.26818,196.988791428571,500.619160909091,200.751082727273
368567828430,368567861782,33352,500.619160909091,200.751082727273,564.585558153846,196.485739076923
368568928400,368568961761,33361,564.585558153846,196.485739076923,504.891182857143,202.185952857143
368569181046,368569212071,31025,504.891182857143,202.185952857143,611.532848648649,193.948346486486
368569811914,368569845043,33129,611.532848648649,193.948346486486,705.67726,186.36606
368570411727,368570445004,33277,705.67726,186.36606,738.73966,178.725208
368570678392,368570711964,33572,738.73966,178.725208,626.01302516129,191.929887096774
368571211879,368571311771,99892,626.01302516129,191.929887096774,449.689832857143,191.350358571429
368571528254,368571561663,33409,449.689832857143,191.350358571429,388.778447407407,194.076028148148
368571994959,368572028284,33325,388.778447407407,194.076028148148,480.436662857143,208.032942857143
368572128278,368572161541,33263,480.436662857143,208.032942857143,587.292167142857,202.942774285714
368572378440,368572411823,33383,587.292167142857,202.942774285714,687.094510769231,194.558107692308
368572611606,368572644861,33255,687.094510769231,194.558107692308,790.400347586207,174.268748965517
368573111646,368573144861,33215,790.400347586207,174.268748965517,888.220815151515,175.649369090909
368573681235,368573744751,63516,888.220815151515,175.649369090909,409.078805,186.87344
368573861543,368573894823,33280,409.078805,186.87344,390.086286451613,214.955928387097
368574394827,368574428225,33398,390.086286451613,214.955928387097,492.521693793103,223.416615172414
368574894820,368574928299,33479,492.521693793103,223.416615172414,474.786026153846,215.280808461538
368575344739,368575381264,36525,474.786026153846,215.280808461538,448.397019393939,205.046946666667
368575911722,368575944608,32886,448.397019393939,205.046946666667,551.763842985075,206.881443880597
368577044627,368577081258,36631,551.763842985075,206.881443880597,639.937227777778,203.157048888889
368577661275,368577694856,33581,639.937227777778,203.157048888889,502.787564285714,210.793708571429
368577911554,368577944612,33058,502.787564285714,210.793708571429,428.98992875,205.13404875
368578461282,368578511346,50064,428.98992875,205.13404875,633.498125882353,205.258150588235
368578780413,368578811366,30953,633.498125882353,205.258150588235,645.427352380952,183.14736952381
368579144517,368579178201,33684,645.427352380952,183.14736952381,739.09443,203.090922222222
368579461153,368579494623,33470,739.09443,203.090922222222,795.0931,209.436268421053
368579794613,368579827928,33315,795.0931,209.436268421053,867.6026952,170.7208352
368580227761,368580327803,100042,867.6026952,170.7208352,386.45792875,217.03705
368580577914,368580611236,33322,386.45792875,217.03705,367.627536666667,228.251698333333
368580794584,368580881212,86628,367.627536666667,228.251698333333,823.598596,190.832252
368581027783,368581061168,33385,823.598596,190.832252,889.813427272727,196.268378181818
368581411433,368581480767,69334,889.813427272727,196.268378181818,461.234956666667,252.643385
368581661033,368581694518,33485,461.234956666667,252.643385,410.07912,255.755163673469
368582494513,368582527617,33104,410.07912,255.755163673469,440.947457222222,224.049151666667
368583111101,368583144399,33298,440.947457222222,224.049151666667,543.246398048781,227.752463902439
368583811297,368583844233,32936,543.246398048781,227.752463902439,529.375584,244.231705333333
368584080781,368584111346,30565,529.375584,244.231705333333,640.256006896552,238.051231724138
368584580247,368584611003,30756,640.256006896552,238.051231724138,787.532802,215.968548
368584760904,368584794333,33429,787.532802,215.968548,872.158223333333,197.618188333333
368585181530,368585211255,29725,872.158223333333,197.618188333333,714.14491037037,231.830708148148
368585644252,368585827559,183307,714.14491037037,231.830708148148,804.664967,233.012473
368586480519,368586510985,30466,804.664967,233.012473,841.637455238095,221.325380952381
368586844113,368586881805,37692,841.637455238095,221.325380952381,728.841705454545,206.020613939394
368587410836,368587444131,33295,728.841705454545,206.020613939394,871.448209375,198.070081875
368587960781,368587994246,33465,871.448209375,198.070081875,884.902758181818,194.14191
368588343990,368588377546,33556,884.902758181818,194.14191,763.75138,215.892347619048
368588710840,368588794095,83255,763.75138,215.892347619048,387.443272,232.345666666667
368589027412,368589060806,33394,387.443272,232.345666666667,382.112577647059,263.785416470588
368589327465,368589360661,33196,382.112577647059,263.785416470588,464.30905974359,265.580548717949
368590643992,368590677434,33442,464.30905974359,265.580548717949,385.962238823529,230.604328235294
368590943870,368591043859,99989,385.962238823529,230.604328235294,776.44959,210.1755125
368591160658,368591193971,33313,776.44959,210.1755125,774.799473076923,202.071174615385
368591610658,368591643870,33212,774.799473076923,202.071174615385,871.6587752,205.7886176
368592043894,368592127288,83394,871.6587752,205.7886176,442.368108888889,228.103193333333
368592260528,368592293998,33470,442.368108888889,228.103193333333,366.435716875,254.3777825
368592810621,368592894055,83434,366.435716875,254.3777825,829.755838181818,215.752014545455
368593060543,368593093872,33329,829.755838181818,215.752014545455,887.18744631579,221.034947368421
368593393835,368593460537,66702,887.18744631579,221.034947368421,426.269142857143,260.810228571429
368593560531,368593593842,33311,426.269142857143,260.810228571429,431.567520555556,265.392847777778
368594177287,368594227131,49844,431.567520555556,265.392847777778,419.341582,220.79945
368594377316,368594410488,33172,419.341582,220.79945,382.014497931034,225.427849655172
368594881246,368594980654,99408,382.014497931034,225.427849655172,870.029796842105,232.850594736842
368595281505,368595310648,29143,870.029796842105,232.850594736842,777.8842472,234.733648
368595710446,368595781233,70787,777.8842472,234.733648,498.189113333333,230.127811666667
368595960432,368595993731,33299,498.189113333333,230.127811666667,452.636228888889,247.311904444444
368596581221,368596610359,29138,452.636228888889,247.311904444444,563.1365912,249.2115288
368597010356,368597043617,33261,563.1365912,249.2115288,638.18497037037,256.807517777778
368597481064,368597510487,29423,638.18497037037,256.807517777778,707.887241052632,257.434476842105
368597810499,368597843612,33113,707.887241052632,257.434476842105,781.605423333333,255.113361333333
368598326891,368598360287,33396,781.605423333333,255.113361333333,865.368594705882,238.122297647059
368598910345,368598943497,33152,865.368594705882,238.122297647059,864.993231333333,223.673848
368599426934,368599460167,33233,864.993231333333,223.673848,791.701651428571,235.608708571429
368599560167,368599660167,1e+05,791.701651428571,235.608708571429,613.158975,254.1019025
368599783999,368599810283,26284,613.158975,254.1019025,505.042306666667,263.519386666667
368599943503,368599981757,38254,505.042306666667,263.519386666667,394.567957692308,269.800785384615
368600393570,368600480705,87135,394.567957692308,269.800785384615,839.542441428571,213.286435714286
368600693464,368600726793,33329,839.542441428571,213.286435714286,773.650303225807,209.932600645161
368601226812,368601260172,33360,773.650303225807,209.932600645161,882.046383636364,205.610989090909
368601426807,368601493487,66680,882.046383636364,205.610989090909,437.646473846154,237.697521538462
368601693479,368601726771,33292,437.646473846154,237.697521538462,381.898955882353,236.578137647059
368602280421,368602310104,29683,381.898955882353,236.578137647059,496.876536216216,262.083345945946
368602910113,368602943383,33270,496.876536216216,262.083345945946,619.822799130435,252.920745217391
368603310308,368603343236,32928,619.822799130435,252.920745217391,732.059357777778,245.889767777778
368603626683,368603660040,33357,732.059357777778,245.889767777778,827.601941739131,244.646649565217
368604026632,368604059913,33281,827.601941739131,244.646649565217,892.827249333333,253.152165333333
368604293386,368604359902,66516,892.827249333333,253.152165333333,427.833936,284.149046
368604509977,368604543250,33273,427.833936,284.149046,389.883638666667,291.456241333333
368604780506,368604810006,29500,389.883638666667,291.456241333333,515.578511428571,288.892804761905
368605143263,368605176647,33384,515.578511428571,288.892804761905,627.779898947368,282.395394736842
368605481303,368605510183,28880,627.779898947368,282.395394736842,705.324104210526,281.664478947368
368605810232,368605843116,32884,705.324104210526,281.664478947368,763.467719666667,262.778639333333
368606826542,368606859798,33256,763.467719666667,262.778639333333,865.103843404255,243.434585106383
368607626424,368607659788,33364,865.103843404255,243.434585106383,792.114498181818,266.008932727273
368607826395,368607893255,66860,792.114498181818,266.008932727273,403.60664,287.424218888889
368608181040,368608209854,28814,403.60664,287.424218888889,413.9797704,301.4347696
368608609870,368608643038,33168,413.9797704,301.4347696,520.423787272727,299.268449090909
368609309912,368609343002,33090,520.423787272727,299.268449090909,610.429344545455,295.859758181818
368609693119,368609726327,33208,610.429344545455,295.859758181818,691.757661212121,294.150023636364
368610259665,368610293091,33426,691.757661212121,294.150023636364,747.437989,283.148714
368610609740,368610642898,33158,747.437989,283.148714,682.744708837209,296.736501860465
368611342884,368611381128,38244,682.744708837209,296.736501860465,767.886117777778,289.159471851852
368611809758,368611842859,33101,767.886117777778,289.159471851852,863.485908387097,300.448696774194
368612342863,368612426154,83291,863.485908387097,300.448696774194,403.234021,323.892127
368612742893,368612776262,33369,403.234021,323.892127,432.576848666667,331.811396666667
368613259546,368613292890,33344,432.576848666667,331.811396666667,529.326021290323,328.201392903226
368613792837,368613826186,33349,529.326021290323,328.201392903226,620.603430454545,328.917290454545
368614542739,368614592880,50141,620.603430454545,328.917290454545,573.766974545455,322.940392727273
368614759397,368614792863,33466,573.766974545455,322.940392727273,529.683599047619,320.893846666667
368615126035,368615159418,33383,529.683599047619,320.893846666667,679.921731111111,317.250403333333
368615442623,368615480818,38195,679.921731111111,317.250403333333,754.524760666667,311.957696666667
368615959419,368615992722,33303,754.524760666667,311.957696666667,693.241305,317.453103333333
368616381676,368616409407,27731,693.241305,317.453103333333,864.375528181818,305.312631363636
368617125924,368617282120,156196,864.375528181818,305.312631363636,441.463846666667,322.965617777778
368617409485,368617442609,33124,441.463846666667,322.965617777778,406.660038823529,344.430394901961
368618281460,368618309344,27884,406.660038823529,344.430394901961,486.096023157895,344.083062631579
368618925914,368618959171,33257,486.096023157895,344.083062631579,607.062123448276,348.218015172414
368619425930,368619459161,33231,607.062123448276,348.218015172414,699.664294545455,334.822825454545
368619809352,368619842483,33131,699.664294545455,334.822825454545,791.708189565217,330.891847391304
368620592459,368620625796,33337,791.708189565217,330.891847391304,880.499067407407,328.765980740741
368621059176,368621142390,83214,880.499067407407,328.765980740741,404.689336666667,373.904552222222
368621425853,368621459041,33188,404.689336666667,373.904552222222,414.658058333333,372.57378125
368622242379,368622281765,39386,414.658058333333,372.57378125,545.117730625,374.33004625
368622792480,368622825661,33181,545.117730625,374.33004625,615.263723529412,360.50366
368623376741,368623409116,32375,615.263723529412,360.50366,693.992878571429,352.142061428571
368623858919,368623892340,33421,693.992878571429,352.142061428571,819.842223333333,359.29062
368624275788,368624309247,33459,819.842223333333,359.29062,888.738835,352.425631666667
368624492354,368624579899,87545,888.738835,352.425631666667,402.643484705882,371.896961176471
368624842277,368625142244,299967,402.643484705882,371.896961176471,778.661657777778,356.269462222222
368625281597,368625309100,27503,778.661657777778,356.269462222222,863.776005818182,346.176969818182
368626208860,368626242126,33266,863.776005818182,346.176969818182,910.389528311688,391.49487012987
