"start","end","duration","startx","starty","endx","endy"
14988100277,14988183664,83387,413.884936,377.044232,415.716775555556,155.863977777778
14988317034,14988350381,33347,415.716775555556,155.863977777778,382.098227777778,97.7387611111111
14988635120,14988933826,298706,382.098227777778,97.7387611111111,471.654218888889,90.7313344444445
14989216907,14989250313,33406,471.654218888889,90.7313344444445,379.314428888889,189.749853333333
14989383566,14989500261,116695,379.314428888889,189.749853333333,464.588233333333,168.23324
14989683559,14989835087,151528,464.588233333333,168.23324,544.3723,137.017325333333
14990050240,14990083542,33302,544.3723,137.017325333333,631.836877419355,117.46865483871
14990583542,14990616919,33377,631.836877419355,117.46865483871,706.946474782609,114.344065217391
14990983548,14991050189,66641,706.946474782609,114.344065217391,374.937156842105,161.733716842105
14991350191,14991383571,33380,374.937156842105,161.733716842105,420.231465,181.310135
14991834333,14991867056,32723,420.231465,181.310135,515.006580869565,197.497266086957
14992234610,14992266845,32235,515.006580869565,197.497266086957,561.497105714286,200.212161428571
14992483418,14992516793,33375,561.497105714286,200.212161428571,655.428593333333,168.377143333333
14992999992,14993034102,34110,655.428593333333,168.377143333333,672.714328333333,157.733166666667
14993216790,14993250067,33277,672.714328333333,157.733166666667,763.750522380952,178.176476666667
14993933523,14993966844,33321,763.750522380952,178.176476666667,850.77399125,173.154109375
14994483279,14994566730,83451,850.77399125,173.154109375,371.508275,173.24933125
14994816668,14994850259,33591,371.508275,173.24933125,348.317786,206.117785
14995166773,14995199889,33116,348.317786,206.117785,455.949438536585,198.792665365854
14995866600,14995899889,33289,455.949438536585,198.792665365854,547.313392,203.722230545455
14996799885,14996899934,100049,547.313392,203.722230545455,584.278263809524,208.063224761905
14997234471,14997266830,32359,584.278263809524,208.063224761905,675.288531219512,192.359302439024
14997937113,14997966873,29760,675.288531219512,192.359302439024,723.343225,196.016965
14998149854,14998183190,33336,723.343225,196.016965,617.596833636364,125.132308181818
14998534062,14998566473,32411,617.596833636364,125.132308181818,722.419849090909,210.596407272727
14998916404,14998949827,33423,722.419849090909,210.596407272727,760.953486818182,202.208774090909
14999666592,14999699760,33168,760.953486818182,202.208774090909,821.862384727273,197.791368
15000599639,15000683047,83408,821.862384727273,197.791368,379.349855384615,202.016404615385
15000883044,15000916279,33235,379.349855384615,202.016404615385,375.680202777778,208.488422222222
15001499660,15001535786,36126,375.680202777778,208.488422222222,390.953180714286,209.568716428571
15002066358,15002099638,33280,390.953180714286,209.568716428571,428.27865,289.378612222222
15002382918,15002449577,66659,428.27865,289.378612222222,501.588792,218.141118
15002599506,15002634476,34970,501.588792,218.141118,497.180229565217,202.829173043478
15002999515,15003033068,33553,497.180229565217,202.829173043478,546.025365454546,260.041517272727
15003382932,15003416153,33221,546.025365454546,260.041517272727,595.458271666667,319.055773333333
15003599550,15003634281,34731,595.458271666667,319.055773333333,634.873438367347,215.261954693878
15004432923,15004466225,33302,634.873438367347,215.261954693878,704.08058375,205.64411875
15004982785,15005016545,33760,704.08058375,205.64411875,789.228516153846,221.120675384615
15005434459,15005466347,31888,789.228516153846,221.120675384615,851.683511111111,295.856382222222
15005599409,15005666398,66989,851.683511111111,295.856382222222,403.195015,213.7950025
15005782810,15005816042,33232,403.195015,213.7950025,344.135331111111,217.820696666667
15006099422,15006132935,33513,344.135331111111,217.820696666667,446.234464705882,255.437531176471
15006682676,15006716031,33355,446.234464705882,255.437531176471,453.956638888889,268.958833333333
15006999371,15007032777,33406,453.956638888889,268.958833333333,567.816215517241,231.14741862069
15008066118,15008099273,33155,567.816215517241,231.14741862069,614.010862,211.768356
15008249319,15008282665,33346,614.010862,211.768356,671.039187272727,151.807052727273
15008449327,15008482671,33344,671.039187272727,151.807052727273,621.147826428571,217.540416428571
15009399283,15009432667,33384,621.147826428571,217.540416428571,720.087385151515,222.13617
15010515912,15010549298,33386,720.087385151515,222.13617,794.851447,218.56908
15010865863,15010899159,33296,794.851447,218.56908,850.775365454546,182.797665454545
15011065857,15011134428,68571,850.775365454546,182.797665454545,386.344346,249.575638
15011282564,15011315787,33223,386.344346,249.575638,350.626844390244,253.214223902439
15011982419,15012015792,33373,350.626844390244,253.214223902439,443.171004137931,260.540543448276
15012482419,15012515797,33378,443.171004137931,260.540543448276,447.019698,239.689768
15012999026,15013033850,34824,447.019698,239.689768,439.315972727273,253.652953818182
15013932559,15013965810,33251,439.315972727273,253.652953818182,507.497605833333,257.889890833333
15014349132,15014382294,33162,507.497605833333,257.889890833333,579.2687675,386.1479
15014499017,15014536336,37319,579.2687675,386.1479,606.686097777778,274.097626666667
15014815668,15014849165,33497,606.686097777778,274.097626666667,668.868930344828,254.628882068966
15015315675,15015348990,33315,668.868930344828,254.628882068966,754.521066,233.252947
15016334851,15016365607,30756,754.521066,233.252947,834.672831428571,238.971459285714
15016815529,15016882142,66613,834.672831428571,238.971459285714,399.701342,252.77712
15017032263,15017065619,33356,399.701342,252.77712,349.441693548387,261.990456129032
15017565764,15017598764,33000,349.441693548387,261.990456129032,437.578188333333,284.342715
15017782188,15017815543,33355,437.578188333333,284.342715,473.97386,264.211639
15018132301,15018165704,33403,473.97386,264.211639,528.214896190476,265.510760952381
15018498792,15018536521,37729,528.214896190476,265.510760952381,667.045350322581,263.256069032258
15019034532,15019065494,30962,667.045350322581,263.256069032258,740.165244,244.51389
15019215407,15019382062,166655,740.165244,244.51389,638.811844210526,221.297671578947
15019682079,15019715418,33339,638.811844210526,221.297671578947,687.430305555556,219.695413333333
15019998637,15020065428,66791,687.430305555556,219.695413333333,643.620335,337.32729
15020182086,15020215418,33332,643.620335,337.32729,731.580637,246.356617
15020532144,15020565492,33348,731.580637,246.356617,806.995502692308,239.055019615385
15021415288,15021448691,33403,806.995502692308,239.055019615385,784.74137,242.264209375
15021965358,15021998623,33265,784.74137,242.264209375,852.176782045455,256.6276825
15023448573,15023515163,66590,852.176782045455,256.6276825,413.432295,258.659835
15023634752,15023665363,30611,413.432295,258.659835,345.196355,283.8541875
15023781944,15023948569,166625,345.196355,283.8541875,335.292983636364,254.183356363636
15024115168,15024148569,33401,335.292983636364,254.183356363636,404.697231111111,290.501142222222
15024734579,15024765236,30657,404.697231111111,290.501142222222,429.269565454545,275.340625454545
15025115165,15025148520,33355,429.269565454545,275.340625454545,518.605680266667,279.189262666667
15026381664,15026415052,33388,518.605680266667,279.189262666667,600.31849442623,277.89218
15027415037,15027448324,33287,600.31849442623,277.89218,701.509333142857,287.669447428571
15028014924,15028048324,33400,701.509333142857,287.669447428571,776.639287619048,296.678880952381
15028381678,15028414908,33230,776.639287619048,296.678880952381,837.081207878788,284.604752727273
15028948335,15029014909,66574,837.081207878788,284.604752727273,382.476041538462,303.951693846154
15029214908,15029248316,33408,382.476041538462,303.951693846154,350.1566968,317.402668
15029650874,15029681557,30683,350.1566968,317.402668,401.796663157895,321.452337894737
15029981607,15030014907,33300,401.796663157895,321.452337894737,482.595610666667,323.941167333333
15030498144,15030531638,33494,482.595610666667,323.941167333333,579.367595833333,292.4276075
15030914791,15030948198,33407,579.367595833333,292.4276075,664.84236,297.365911666667
15031334319,15031364861,30542,664.84236,297.365911666667,732.24916,355.641989090909
15031536969,15031564868,27899,732.24916,355.641989090909,794.636852307692,315.879554615385
15031981414,15032014795,33381,794.636852307692,315.879554615385,851.356137391304,298.947066956522
15032381423,15032464882,83459,851.356137391304,298.947066956522,402.42278,296.120843636364
15032636247,15032664871,28624,402.42278,296.120843636364,350.039135555556,315.19108
15032798000,15032881427,83427,350.039135555556,315.19108,850.791852,293.350031
15033198022,15033264952,66930,850.791852,293.350031,343.05851125,306.8990325
15033514658,15033548124,33466,343.05851125,306.8990325,343.9907248,329.333784
15034064743,15034098015,33272,343.9907248,329.333784,414.481700869565,355.538789565217
15034847944,15034881300,33356,414.481700869565,355.538789565217,467.52025369863,334.673732054795
15036081268,15036114538,33270,467.52025369863,334.673732054795,560.8574815,322.511397
15036764616,15036797885,33269,560.8574815,322.511397,637.9937375,317.557334166667
15037181186,15037297772,116586,637.9937375,317.557334166667,716.062473846154,264.518472307692
15037497896,15037531588,33692,716.062473846154,264.518472307692,703.546035384615,268.449992820513
15038164717,15038197759,33042,703.546035384615,268.449992820513,806.718866842105,277.827601578947
15038814408,15038847830,33422,806.718866842105,277.827601578947,875.809526,263.556174
15038997786,15039064492,66706,875.809526,263.556174,390.569976,271.689776
15039214430,15039247806,33376,390.569976,271.689776,337.312769444444,326.469443888889
15039831138,15039864593,33455,337.312769444444,326.469443888889,397.318843333333,341.722578333333
15040047705,15040081160,33455,397.318843333333,341.722578333333,470.773164444444,331.577234074074
15040514287,15040547838,33551,470.773164444444,331.577234074074,549.872688333333,319.24452
15040736263,15040764357,28094,549.872688333333,319.24452,644.82552875,310.65357875
15041014285,15041047706,33421,644.82552875,310.65357875,725.5605075,352.40018125
15041564368,15041597848,33480,725.5605075,352.40018125,838.5016525,296.329654
15042247582,15042280918,33336,838.5016525,296.329654,863.03061,319.385404166667
15043064456,15043134877,70421,863.03061,319.385404166667,400.11977,304.249724
15043280939,15043314180,33241,400.11977,304.249724,346.290526666667,352.537442666667
15043547594,15043697518,149924,346.290526666667,352.537442666667,391.790113333333,348.385495
15044080811,15044114176,33365,391.790113333333,348.385495,466.31287,333.231251176471
15044664236,15044697400,33164,466.31287,333.231251176471,550.410299090909,327.898733636364
15045047445,15045080787,33342,550.410299090909,327.898733636364,620.791395813953,358.340253023256
15045780810,15045814047,33237,620.791395813953,358.340253023256,719.968639,368.427017
15046135110,15046164122,29012,719.968639,368.427017,793.881031818182,323.461481818182
15046514046,15046547443,33397,793.881031818182,323.461481818182,886.351505,367.362168333333
15046730807,15046830984,100177,886.351505,367.362168333333,354.276316,330.214204
15046980681,15047014047,33366,354.276316,330.214204,323.418058333333,266.940325
15047197289,15047230797,33508,323.418058333333,266.940325,400.562567692308,412.86872
15047433810,15047680675,246865,400.562567692308,412.86872,436.9108,403.393143529412
15047947372,15048047590,100218,436.9108,403.393143529412,521.603924,389.857621333333
15048280675,15048313922,33247,521.603924,389.857621333333,486.94098,357.285956470588
15048580679,15048613936,33257,486.94098,357.285956470588,604.442530344828,369.284277241379
15049080529,15049113925,33396,604.442530344828,369.284277241379,693.601471111111,392.303584444444
15049247300,15049430639,183339,693.601471111111,392.303584444444,693.265057777778,364.712488888889
15049564096,15049597159,33063,693.265057777778,364.712488888889,792.513441666667,361.073013888889
15050180558,15050213925,33367,792.513441666667,361.073013888889,838.997248421053,355.743650526316
15050513796,15050580530,66734,838.997248421053,355.743650526316,382.863145454545,359.526965454545
15050747223,15050780555,33332,382.863145454545,359.526965454545,343.021941764706,396.379245882353
15051334921,15051364148,29227,343.021941764706,396.379245882353,394.403055,296.22619625
15051613798,15051647221,33423,394.403055,296.22619625,493.48996625,312.72517375
15051897121,15051930592,33471,493.48996625,312.72517375,594.354149230769,287.035504615385
15052135875,15052163876,28001,594.354149230769,287.035504615385,651.740038888889,265.661487777778
15052447068,15052480418,33350,651.740038888889,265.661487777778,780.416602142857,282.704918571429
15052930548,15052963833,33285,780.416602142857,282.704918571429,839.229671666667,287.824103333333
15053147198,15053213683,66485,839.229671666667,287.824103333333,400.190528,291.459268
15053364035,15053397001,32966,400.190528,291.459268,341.311318571429,288.327017142857
15053613657,15053647085,33428,341.311318571429,288.327017142857,451.88998125,307.13861875
15053897055,15053930450,33395,451.88998125,307.13861875,564.021179047619,313.846132380952
15054263687,15054297005,33318,564.021179047619,313.846132380952,633.332176,302.17118
15054447135,15054480321,33186,633.332176,302.17118,699.65888,310.13797625
15054733911,15054763741,29830,699.65888,310.13797625,742.606856363636,249.112081818182
15054930386,15054963981,33595,742.606856363636,249.112081818182,828.109130588235,280.902827058824
15055230406,15055347014,116608,828.109130588235,280.902827058824,709.802784827586,270.094430344828
15055813555,15055846968,33413,709.802784827586,270.094430344828,766.141864375,284.669538125
15056363619,15056430354,66735,766.141864375,284.669538125,538.413928,266.328818
15056580185,15056613547,33362,538.413928,266.328818,390.361582222222,267.532942222222
15056896913,15056930260,33347,390.361582222222,267.532942222222,380.785891578947,264.982348421053
15057230294,15057263846,33552,380.785891578947,264.982348421053,410.658890967742,285.280747096774
15057763695,15057796778,33083,410.658890967742,285.280747096774,519.022996744186,291.277125116279
15058496798,15058530429,33631,519.022996744186,291.277125116279,558.509855517241,279.969549655172
15059480099,15059513435,33336,558.509855517241,279.969549655172,639.237426,279.381658
15059834878,15059863661,28783,639.237426,279.381658,688.192293333333,334.009196666667
15060146719,15060280063,133344,688.192293333333,334.009196666667,850.615966666667,330.850146666667
15060463380,15060496647,33267,850.615966666667,330.850146666667,773.4822525,399.323255
15060613285,15060649314,36029,773.4822525,399.323255,673.061213846154,348.910901538462
15060846772,15060880057,33285,673.061213846154,348.910901538462,770.501553333333,366.950888888889
15061163377,15061196729,33352,770.501553333333,366.950888888889,849.038340952381,360.538827619048
15061530071,15061631432,101361,849.038340952381,360.538827619048,396.591883333333,350.304916666667
15061813317,15061847386,34069,396.591883333333,350.304916666667,331.428454285714,335.860925714286
15062063564,15062234447,170883,331.428454285714,335.860925714286,409.800323333333,292.74074
15062413296,15062446577,33281,409.800323333333,292.74074,424.611721818182,326.028943636364
15062796515,15062833869,37354,424.611721818182,326.028943636364,523.623119047619,312.573512380952
15063163240,15063196798,33558,523.623119047619,312.573512380952,598.290397142857,320.410325714286
15063296509,15063335055,38546,598.290397142857,320.410325714286,681.210894666667,320.689805333333
15063563530,15063596523,32993,681.210894666667,320.689805333333,785.850893333333,314.461464444444
15063879817,15063930010,50193,785.850893333333,314.461464444444,870.75922,228.63455
15064079816,15064279808,199992,870.75922,228.63455,352.390973333333,263.151601666667
15064463239,15064746470,283231,352.390973333333,263.151601666667,886.566552820513,415.622076923077
