"start","end","duration","startx","starty","endx","endy"
20322223754,20322256088,32334,436.220065454545,242.41852,429.06928625,204.780665
20322506069,20322539387,33318,429.06928625,204.780665,378.407842,96.404453
20322856058,20322890451,34393,378.407842,96.404453,338.645864615385,3.88372307692308
20323089474,20323122685,33211,338.645864615385,3.88372307692308,478.476875,62.90385
20323239361,20323389352,149991,478.476875,62.90385,401.220015,5.86028
20323506223,20323606314,100091,401.220015,5.86028,494.804625714286,75.0192171428571
20323706097,20323739248,33151,494.804625714286,75.0192171428571,548.118394736842,90.1150968421053
20324039256,20324122706,83450,548.118394736842,90.1150968421053,446.048607777778,277.962457777778
20324390285,20324539254,148969,446.048607777778,277.962457777778,487.310914285714,70.7902228571429
20324639320,20324672770,33450,487.310914285714,70.7902228571429,430.540297798165,73.5070135779817
20326472783,20326506117,33334,430.540297798165,73.5070135779817,529.982197419355,75.4187748387097
20327005986,20327039145,33159,529.982197419355,75.4187748387097,643.073639230769,81.2509153846154
20327455811,20327490995,35184,643.073639230769,81.2509153846154,766.094661818182,85.7979718181818
20327839141,20327939135,99994,766.094661818182,85.7979718181818,694.183922352941,89.9011329411765
20328205867,20328239137,33270,694.183922352941,89.9011329411765,822.243608571429,71.8180442857143
20328455812,20328491100,35288,822.243608571429,71.8180442857143,753.527600689655,89.8201889655172
20328955824,20328992321,36497,753.527600689655,89.8201889655172,857.013923157895,72.8699042105263
20329290219,20329372486,82267,857.013923157895,72.8699042105263,344.8354656,95.5045544
20329782341,20329805847,23506,344.8354656,95.5045544,419.86637,91.3747366666667
20330089066,20330390286,301220,419.86637,91.3747366666667,608.690936666667,96.7537983333334
20330772325,20330805687,33362,608.690936666667,96.7537983333334,695.813383529412,102.581049411765
20331077897,20331105714,27817,695.813383529412,102.581049411765,836.137390769231,92.6602646153846
20331305933,20331338879,32946,836.137390769231,92.6602646153846,873.714728571429,95.5148914285714
20331438893,20331522323,83430,873.714728571429,95.5148914285714,378.935279285714,122.527018571429
20331982358,20332005812,23454,378.935279285714,122.527018571429,512.762338947368,122.464527368421
20332305782,20332338911,33129,512.762338947368,122.464527368421,642.047541212121,115.922367272727
20332882126,20332905739,23613,642.047541212121,115.922367272727,731.448977647059,118.921847058824
20333182662,20333205833,23171,731.448977647059,118.921847058824,826.820324827586,124.972630344828
20333682003,20333738758,56755,826.820324827586,124.972630344828,410.2241375,153.286923333333
20334122195,20334155437,33242,410.2241375,153.286923333333,536.436887647059,152.066454705882
20334705482,20334738788,33306,536.436887647059,152.066454705882,658.096930434783,145.083457391304
20335105650,20335138779,33129,658.096930434783,145.083457391304,764.094261,140.169781
20335455469,20335790626,335157,764.094261,140.169781,411.912463333333,181.906641666667
20335972116,20336005704,33588,411.912463333333,181.906641666667,436.332213333333,183.027604444444
20336293361,20336322141,28780,436.332213333333,183.027604444444,517.36537826087,167.142990434783
20336691117,20336722104,30987,517.36537826087,167.142990434783,621.8432375,173.037609166667
20337105478,20337138662,33184,621.8432375,173.037609166667,695.50397,160.65888
20337322124,20337421965,99841,695.50397,160.65888,812.408559130435,158.578426086957
20337792811,20337821944,29133,812.408559130435,158.578426086957,890.673325714286,162.290024285714
20338038644,20338122236,83592,890.673325714286,162.290024285714,353.750480540541,199.923590810811
20338721951,20338755309,33358,353.750480540541,199.923590810811,500.631381052632,202.519509473684
20339055181,20339088624,33443,500.631381052632,202.519509473684,593.707845185185,190.567966666667
20339521946,20339555185,33239,593.707845185185,190.567966666667,681.6907725,182.00435625
20340072040,20340105183,33143,681.6907725,182.00435625,778.136190909091,183.240872727273
20340281697,20340305304,23607,778.136190909091,183.240872727273,871.853525454546,175.6176
20340655176,20340738382,83206,871.853525454546,175.6176,380.631355135135,228.389397297297
20341338372,20341381881,43509,380.631355135135,228.389397297297,465.357654285714,211.846512380952
20341705311,20341738415,33104,465.357654285714,211.846512380952,597.7871246875,225.174295625
20342788538,20342821748,33210,597.7871246875,225.174295625,674.139704615385,227.080286923077
20343238248,20343282119,43871,674.139704615385,227.080286923077,787.059745555556,214.497012222222
20343555056,20343590094,35038,787.059745555556,214.497012222222,861.572231304348,196.733257391304
20343955052,20344021687,66635,861.572231304348,196.733257391304,387.26198375,254.25467875
20344272112,20344304946,32834,387.26198375,254.25467875,373.457077777778,251.048677777778
20344438283,20344482105,43822,373.457077777778,251.048677777778,479.497804516129,246.846890322581
20344981371,20345005082,23711,479.497804516129,246.846890322581,394.230300571429,233.680969714286
20345554926,20345605101,50175,394.230300571429,233.680969714286,659.991246666667,229.918506666667
20345790605,20346121886,331281,659.991246666667,229.918506666667,869.646988333333,190.598006666667
20346305051,20346354938,49887,869.646988333333,190.598006666667,615.374045915493,239.341188450704
20347521443,20347738124,216681,615.374045915493,239.341188450704,652.855737272727,248.315126363636
20348454813,20348491161,36348,652.855737272727,248.315126363636,725.618133333333,251.013991111111
20348782552,20349554684,772132,725.618133333333,251.013991111111,828.053787272727,234.658950909091
20349721486,20349781283,59797,828.053787272727,234.658950909091,348.80523,40.2762
20349889326,20350037997,148671,348.80523,40.2762,399.848252957747,272.187502816901
20351204812,20351237903,33091,399.848252957747,272.187502816901,500.900542307692,267.447861538462
20351654548,20351687980,33432,500.900542307692,267.447861538462,576.646874482759,268.895483448276
20352154552,20352187994,33442,576.646874482759,268.895483448276,703.606611333333,267.348518
20352671183,20352704900,33717,703.606611333333,267.348518,818.0394375,259.14467625
20352954610,20353321190,366580,818.0394375,259.14467625,837.542585,246.553093333333
20353504718,20353604658,99940,837.542585,246.553093333333,778.582805,263.903925
20353721192,20353754554,33362,778.582805,263.903925,959.628537777778,277.253451111111
20353887958,20354104560,216602,959.628537777778,277.253451111111,387.016232727273,279.50974
20354271179,20354554434,283255,387.016232727273,279.50974,414.210069787234,286.587017446809
20355321074,20355354432,33358,414.210069787234,286.587017446809,478.039325,323.020675
20355537662,20355583076,45414,478.039325,323.020675,508.2921,286.666927777778
20355854441,20355889054,34613,508.2921,286.666927777778,581.803045833333,293.91632
20356271088,20356304462,33374,581.803045833333,293.91632,609.831164285714,226.499508571429
20356521107,20356554307,33200,609.831164285714,226.499508571429,608.89243,295.55693
20356671019,20356704328,33309,608.89243,295.55693,682.246615135135,274.423775675676
20357304583,20357337622,33039,682.246615135135,274.423775675676,776.023554166667,280.464210833333
20357720985,20357754260,33275,776.023554166667,280.464210833333,836.779421481482,283.140154814815
20358187608,20358354309,166701,836.779421481482,283.140154814815,903.582796666667,307.768635
20358537561,20358637566,100005,903.582796666667,307.768635,371.168993846154,366.088306153846
20358837572,20358870891,33319,371.168993846154,366.088306153846,363.053018181818,363.189196363636
20359037515,20359070929,33414,363.053018181818,363.189196363636,435.17624375,411.29477375
20359587600,20359637541,49941,435.17624375,411.29477375,564.315335652174,418.436422608696
20360004453,20360037517,33064,564.315335652174,418.436422608696,581.292712857143,363.732354285714
20360254178,20360287624,33446,581.292712857143,363.732354285714,671.341489333333,336.973332
20360520856,20360554154,33298,671.341489333333,336.973332,754.570717692308,313.159982307692
20360970811,20361120825,150014,754.570717692308,313.159982307692,910.6030008,334.8042104
20361520825,20361637404,116579,910.6030008,334.8042104,439.2689675,618.814955
20361754025,20361904175,150150,439.2689675,618.814955,504.755176363636,672.643092727273
20362070676,20362188067,117391,504.755176363636,672.643092727273,701.615125454545,596.796590909091
20362354026,20362404186,50160,701.615125454545,596.796590909091,834.48058,565.045701666667
20362587571,20362704304,116733,834.48058,565.045701666667,914.27033,538.670685
20362820725,20362854065,33340,914.27033,538.670685,837.808591428572,508.570591428571
